U,V
2.120264,-1.089995
2.090264,-1.139995
2.060264,-1.199995
2.020264,-1.249995
1.990264,-1.299995
1.960264,-1.349995
1.920264,-1.399995
1.880264,-1.449995
1.840264,-1.499995
1.800264,-1.549995
1.760264,-1.599995
1.720264,-1.639995
1.680264,-1.689995
1.630264,-1.729995
1.590264,-1.769995
1.540264,-1.809995
1.490264,-1.849995
1.440264,-1.889995
1.390264,-1.929995
1.340264,-1.959995
1.290264,-1.999995
1.240264,-2.029995
1.180264,-2.059995
1.130264,-2.089995
1.070264,-2.119995
1.020264,-2.149995
0.9602637,-2.179995
0.9002637,-2.199995
0.8502637,-2.219995
0.7902637,-2.239995
0.7302637,-2.259995
0.6702636,-2.279995
0.6102636,-2.299995
0.5502636,-2.309995
0.4902637,-2.329995
0.4302637,-2.339995
0.3602637,-2.349995
0.3002637,-2.359995
0.2402637,-2.369995
0.1802637,-2.369995
0.1202637,-2.379995
0.05026367,-2.379995
-0.009736327,-2.379995
-0.06973632,-2.379995
-0.1297363,-2.369995
-0.1897363,-2.369995
-0.2597363,-2.359995
-0.3197363,-2.359995
-0.3797363,-2.349995
-0.4397363,-2.339995
-0.4997363,-2.319995
-0.5597363,-2.309995
-0.6197363,-2.299995
-0.6797363,-2.279995
-0.7397363,-2.259995
-0.7997363,-2.239995
-0.8597363,-2.219995
-0.9197363,-2.189995
-0.9697363,-2.169995
-1.029736,-2.139995
-1.089736,-2.119995
-1.139736,-2.089995
-1.199736,-2.059995
-1.249736,-2.019995
-1.299736,-1.989995
-1.349736,-1.959995
-1.399736,-1.919995
-1.449736,-1.879995
5.750264,-3.139995
5.570263,-3.259995
5.400264,-3.379995
5.250264,-3.489995
5.100264,-3.589995
4.870264,-3.679995
4.700264,-3.769995
4.520264,-3.849995
4.350264,-3.919995
4.120264,-3.979995
4.000264,-4.039995
3.800264,-4.089995
3.600264,-4.129995
3.400264,-4.169995
3.200264,-4.189995
3.020264,-4.209995
2.850264,-4.229995
2.670264,-4.229995
2.450264,-4.239995
2.270264,-4.229995
2.100264,-4.219995
1.920264,-4.209995
1.750264,-4.189995
1.600264,-4.159995
1.400264,-4.129995
1.220264,-4.089995
1.100264,-4.049995
0.9502637,-3.999995
0.7502636,-3.949995
0.6202636,-3.889995
0.5002636,-3.829995
0.3502637,-3.759995
0.2002637,-3.699995
0.05026367,-3.619995
-0.09973633,-3.549995
-0.1997363,-3.469995
-0.2997363,-3.389995
-0.3997363,-3.299995
-0.5497363,-3.209995
-0.6497363,-3.119995
-0.6997363,-3.029995
-0.8497363,-2.929995
-0.8997363,-2.829995
-0.9997363,-2.729995
-1.099736,-2.629995
-1.149736,-2.529995
-1.199736,-2.429995
-1.299736,-2.319995
-1.349736,-2.209995
-1.399736,-2.099995
-1.399736,-1.999995
-1.499736,-1.889995
-1.499736,-1.789995
-1.549736,-1.679995
-1.549736,-1.569995
-1.599736,-1.469995
-1.599736,-1.359995
-1.599736,-1.259995
-1.649736,-1.149995
-1.649736,-1.049995
-1.649736,-0.9499951
-1.649736,-0.8499951
-1.599736,-0.7599951
-1.599736,-0.6499951
-1.599736,-0.5599951
-1.599736,-0.4699951
-1.599736,-0.3799951
-1.549736,-0.2899951
9.900264,-6.359995
9.450263,-6.519995
9.100264,-6.669995
8.700263,-6.799995
8.300263,-6.909995
7.900263,-7.009995
7.500264,-7.079995
7.100264,-7.139995
6.700264,-7.189995
6.300263,-7.219995
5.900263,-7.229995
5.500264,-7.229995
5.100264,-7.219995
4.750264,-7.189995
4.400264,-7.149995
4.000264,-7.099995
3.600264,-7.039995
3.300264,-6.969995
2.900264,-6.889995
2.600264,-6.799995
2.200264,-6.699995
1.900264,-6.589995
1.600264,-6.469995
1.300264,-6.349995
1.000264,-6.219995
0.7002637,-6.089995
0.4002637,-5.939995
0.2002637,-5.799995
-0.09973633,-5.639995
-0.3497363,-5.489995
-0.5997363,-5.319995
-0.7997363,-5.149995
-0.9997363,-4.979995
-1.249736,-4.799995
-1.399736,-4.619995
-1.599736,-4.429995
-1.799736,-4.239995
-1.949736,-4.049995
-2.099736,-3.849995
-2.149736,-3.649995
-2.299736,-3.439995
-2.399736,-3.239995
-2.499736,-3.029995
-2.599736,-2.819995
-2.599736,-2.609995
-2.699736,-2.399995
-2.699736,-2.189995
-2.799736,-1.989995
-2.799736,-1.779995
-2.799736,-1.569995
-2.799736,-1.369995
-2.799736,-1.169995
-2.699736,-0.9799951
-2.699736,-0.7899951
-2.699736,-0.5999951
-2.599736,-0.4199951
-2.499736,-0.2499951
-2.449736,-0.06999511
-2.399736,0.09000488
-2.299736,0.2500049
-2.199736,0.4100049
-2.149736,0.5600049
-1.999736,0.7000049
-1.949736,0.8400049
-1.799736,0.9700049
-1.699736,1.090005
-1.599736,1.210005
-1.449736,1.330005
13.25026,-10.46
12.65026,-10.66
12.00026,-10.83
11.37026,-10.96
10.75026,-11.05999
10.10026,-11.12
9.450263,-11.16
8.820264,-11.16
8.200263,-11.13999
7.570263,-11.08999
7.000264,-11.02999
6.370264,-10.92999
5.800263,-10.83
5.200264,-10.7
4.650264,-10.55999
4.070263,-10.39999
3.550264,-10.24
2.970264,-10.05999
2.450264,-9.869995
1.950264,-9.669995
1.450264,-9.459995
0.9702637,-9.249995
0.5502636,-9.029995
0.07026367,-8.789995
-0.3497363,-8.559995
-0.7797363,-8.309995
-1.099736,-8.049994
-1.529736,-7.789995
-1.849736,-7.519995
-2.199736,-7.239995
-2.499736,-6.949995
-2.799736,-6.639995
-3.049736,-6.329995
-3.329736,-6.009995
-3.549736,-5.669995
-3.749736,-5.329995
-3.949736,-4.979995
-4.099736,-4.609995
-4.199736,-4.249995
-4.299736,-3.859995
-4.399736,-3.489995
-4.449736,-3.109995
-4.449736,-2.719995
-4.449736,-2.339995
-4.399736,-1.969995
-4.349736,-1.599995
-4.299736,-1.239995
-4.149736,-0.8799951
-3.999736,-0.5399951
-3.879736,-0.2099951
-3.749736,0.1000049
-3.549736,0.4000049
-3.349736,0.6800049
-3.129736,0.9400049
-2.899736,1.180005
-2.729736,1.410005
-2.499736,1.610005
-2.279736,1.800005
-1.999736,1.970005
-1.779736,2.120005
-1.599736,2.250005
-1.349736,2.370005
-1.099736,2.470005
-0.9297363,2.560005
-0.6497363,2.640005
-0.4797363,2.710005
-0.2997363,2.760005
-0.07973633,2.820005
15.50026,-14.62
14.65026,-14.87
13.80026,-15.05999
12.90026,-15.17999
12.10026,-15.25
11.25026,-15.26999
10.40026,-15.24
9.600264,-15.17999
8.800263,-15.08
8.000263,-14.93999
7.200264,-14.79
6.450264,-14.60999
5.700264,-14.39999
4.950264,-14.17999
4.300263,-13.93999
3.550264,-13.7
2.900264,-13.42999
2.200264,-13.16
1.500264,-12.87
0.9002637,-12.58
0.3002637,-12.27999
-0.2997363,-11.96999
-0.8997363,-11.64999
-1.399736,-11.31999
-1.899736,-10.96999
-2.449736,-10.62
-2.899736,-10.24
-3.349736,-9.849995
-3.699736,-9.439995
-4.099736,-8.999995
-4.499736,-8.549994
-4.799736,-8.059995
-5.099736,-7.549995
-5.349736,-7.019995
-5.599736,-6.459995
-5.749736,-5.889995
-5.899736,-5.289995
-5.999736,-4.669995
-6.099736,-4.059995
-6.099736,-3.429995
-5.999736,-2.799995
-5.949736,-2.179995
-5.899736,-1.559995
-5.699736,-0.9599951
-5.499736,-0.3799951
-5.299736,0.1900049
-4.999736,0.7200049
-4.799736,1.230005
-4.499736,1.700005
-4.149736,2.140005
-3.799736,2.550005
-3.499736,2.920005
-3.099736,3.250005
-2.799736,3.540005
-2.399736,3.790005
-2.049736,4.010005
-1.699736,4.190005
-1.349736,4.330005
-0.9997363,4.440005
-0.6997363,4.520005
-0.3997363,4.570005
0.00026367186,4.590005
0.3002637,4.590005
0.6002637,4.570005
0.8002636,4.530005
1.100264,4.470005
1.400264,4.400005
1.600264,4.330005
16.55026,-18.21
15.55026,-18.51999
14.55026,-18.73999
13.52026,-18.85999
12.55026,-18.89
11.60026,-18.85999
10.65026,-18.76999
9.750263,-18.63
8.850264,-18.46
8.000263,-18.25999
7.200264,-18.04
6.320263,-17.79
5.450264,-17.52999
4.650264,-17.23999
3.800264,-16.95
3.020264,-16.63
2.250264,-16.3
1.450264,-15.95
0.7002637,-15.58
-0.02973633,-15.2
-0.6497363,-14.79999
-1.349736,-14.37999
-1.949736,-13.96
-2.529736,-13.50999
-3.099736,-13.04
-3.599736,-12.54
-4.099736,-12.01999
-4.549736,-11.45
-4.999736,-10.85999
-5.379736,-10.21
-5.699736,-9.519995
-6.099736,-8.779995
-6.299736,-8.009995
-6.579736,-7.189995
-6.749736,-6.349995
-6.879736,-5.479995
-6.949736,-4.599995
-6.949736,-3.709995
-6.849736,-2.829995
-6.749736,-1.959995
-6.599736,-1.119995
-6.379736,-0.2999951
-6.149736,0.4900049
-5.829736,1.240005
-5.499736,1.940005
-5.179736,2.600005
-4.849736,3.210005
-4.499736,3.780005
-4.099736,4.290005
-3.749736,4.730005
-3.399736,5.130005
-3.029736,5.460005
-2.699736,5.740005
-2.299736,5.960005
-1.949736,6.150005
-1.599736,6.290005
-1.249736,6.390005
-0.9497363,6.470005
-0.5997363,6.510005
-0.2497363,6.530005
0.1002637,6.520005
0.4202636,6.500005
0.7502636,6.450005
1.120264,6.390005
1.450264,6.310005
1.770264,6.230005
2.100264,6.120005
2.420264,6.030005
17.20026,-20.97
16.10026,-21.40999
15.00026,-21.71
13.95026,-21.84999
12.90026,-21.88
11.90026,-21.8
10.90026,-21.64999
10.00026,-21.45
9.100264,-21.22
8.250263,-20.96
7.400263,-20.68999
6.500264,-20.41999
5.700264,-20.12
4.800263,-19.80999
3.900264,-19.47
3.000264,-19.10999
2.200264,-18.71
1.300264,-18.27999
0.5002636,-17.81999
-0.3497363,-17.33999
-1.099736,-16.81999
-1.749736,-16.27999
-2.399736,-15.71999
-3.099736,-15.12999
-3.599736,-14.50999
-4.199736,-13.85999
-4.699736,-13.16
-5.149736,-12.41
-5.599736,-11.60999
-5.999736,-10.75
-6.399736,-9.839994
-6.699736,-8.859995
-6.999736,-7.849995
-7.149736,-6.799995
-7.299736,-5.719995
-7.399736,-4.639995
-7.399736,-3.559995
-7.249736,-2.499995
-7.099736,-1.469995
-6.899736,-0.4699951
-6.599736,0.4800049
-6.249736,1.390005
-5.899736,2.260005
-5.449736,3.090005
-5.099736,3.870005
-4.649736,4.610005
-4.199736,5.280005
-3.749736,5.880005
-3.299736,6.410005
-2.899736,6.850005
-2.499736,7.190005
-2.049736,7.440005
-1.699736,7.610005
-1.299736,7.710005
-0.9997363,7.750005
-0.6497363,7.760005
-0.2997363,7.730005
0.00026367186,7.700005
0.3002637,7.650005
0.6502637,7.590005
1.000264,7.520005
1.350264,7.450005
1.700264,7.370005
2.050264,7.300004
2.400264,7.250005
2.750264,7.220005
3.100264,7.210005
3.500264,7.230005
18.00026,-22.24999
16.98026,-23.00999
15.90026,-23.56999
14.85026,-23.87
13.80026,-23.99999
12.80026,-23.95
11.85026,-23.79
10.95026,-23.55
10.05026,-23.26999
9.250263,-22.97999
8.450263,-22.7
7.570263,-22.42999
6.750264,-22.16999
5.900263,-21.89
5.000264,-21.58999
4.100264,-21.23999
3.200264,-20.83999
2.300264,-20.35999
1.350264,-19.80999
0.5202637,-19.2
-0.2997363,-18.54
-1.099736,-17.82999
-1.849736,-17.09999
-2.579736,-16.33999
-3.249736,-15.55999
-3.879736,-14.75999
-4.499736,-13.91999
-4.999736,-13.04
-5.449736,-12.10999
-5.929736,-11.12
-6.299736,-10.08
-6.629736,-8.979995
-6.899736,-7.839995
-7.049736,-6.659995
-7.149736,-5.459995
-7.199736,-4.259995
-7.149736,-3.069995
-6.999736,-1.899995
-6.849736,-0.7599951
-6.599736,0.3600049
-6.299736,1.450005
-5.949736,2.520005
-5.549736,3.550005
-5.149736,4.550005
-4.699736,5.500005
-4.199736,6.370005
-3.699736,7.150005
-3.149736,7.800004
-2.599736,8.320004
-2.049736,8.680005
-1.549736,8.920005
-1.099736,9.020004
-0.6497363,9.040005
-0.2997363,9.000005
0.05026367,8.910005
0.4002637,8.830005
0.7502636,8.730004
1.120264,8.640005
1.500264,8.540005
1.900264,8.440004
2.300264,8.320004
2.670264,8.230004
3.050264,8.140005
3.400264,8.110004
3.800264,8.090005
4.220263,8.130005
4.700264,8.200005
5.170264,8.310004
18.90026,-21.97
18.10026,-23.14999
17.20026,-24.05
16.30026,-24.63
15.40026,-24.95
14.45026,-25.00999
13.60026,-24.89999
12.70026,-24.66999
11.90026,-24.38999
11.10026,-24.10999
10.30026,-23.87
9.550263,-23.68999
8.700263,-23.54
7.850264,-23.42999
7.000264,-23.3
6.050263,-23.10999
5.100264,-22.82999
4.150264,-22.41999
3.200264,-21.89
2.200264,-21.22
1.300264,-20.43999
0.4502636,-19.56999
-0.3997363,-18.65999
-1.199736,-17.72
-1.999736,-16.76999
-2.699736,-15.83
-3.399736,-14.87999
-3.999736,-13.91999
-4.599736,-12.92999
-5.149736,-11.88999
-5.599736,-10.79
-5.999736,-9.619995
-6.299736,-8.399995
-6.549736,-7.119995
-6.699736,-5.799995
-6.799736,-4.459995
-6.799736,-3.099995
-6.649736,-1.729995
-6.499736,-0.3699951
-6.349736,0.9900048
-6.099736,2.340005
-5.799736,3.670005
-5.399736,4.970005
-5.049736,6.190005
-4.599736,7.320005
-4.049736,8.290005
-3.499736,9.100005
-2.949736,9.700005
-2.399736,10.11
-1.899736,10.33
-1.399736,10.41
-1.049736,10.38
-0.6997363,10.29
-0.3997363,10.17
-0.09973633,10.04
0.1002637,9.910005
0.4002637,9.800005
0.8002636,9.700005
1.100264,9.610004
1.500264,9.540005
1.900264,9.490005
2.350264,9.470005
2.800264,9.470005
3.300264,9.510005
3.800264,9.560004
4.400264,9.640005
5.000264,9.730004
5.600264,9.840005
18.50026,-19.72999
18.30026,-21.14
17.95026,-22.30999
17.53026,-23.15999
17.05026,-23.74999
16.60026,-24.05
16.05026,-24.16999
15.57026,-24.13
15.05026,-24.01999
14.47026,-23.89999
13.90026,-23.80999
13.15026,-23.79
12.35026,-23.81999
11.45026,-23.89999
10.50026,-23.98999
9.420263,-24.04
8.350264,-23.99999
7.250264,-23.80999
6.200264,-23.47999
5.150264,-22.93999
4.150264,-22.25999
3.220263,-21.40999
2.300264,-20.47999
1.420264,-19.47999
0.6502637,-18.46
-0.2297363,-17.45
-1.049736,-16.42999
-1.849736,-15.39999
-2.599736,-14.34999
-3.329736,-13.22999
-3.999736,-12.05999
-4.579736,-10.79
-5.049736,-9.439995
-5.529736,-8.009995
-5.799736,-6.519995
-6.049736,-4.959995
-6.249736,-3.359995
-6.299736,-1.719995
-6.249736,-0.06999511
-6.179736,1.580005
-6.049736,3.210005
-5.799736,4.770005
-5.549736,6.230005
-5.229736,7.510005
-4.849736,8.590005
-4.479736,9.400004
-4.149736,9.960005
-3.799736,10.24
-3.549736,10.34
-3.369736,10.3
-3.199736,10.19
-3.119736,10.08
-3.099736,9.990005
-2.979736,9.960005
-2.849736,9.980004
-2.649736,10.1
-2.299736,10.27
-1.879736,10.51
-1.349736,10.76
-0.7297363,10.98
-0.04973633,11.14
0.6202636,11.21
1.300264,11.24
1.950264,11.24
2.600264,11.26
3.170264,11.33
3.700264,11.43001
4.220263,11.6
17.30026,-16.02999
17.60026,-17.51999
17.80026,-18.84999
17.95026,-19.93999
18.10026,-20.85999
18.25026,-21.54
18.40026,-22.09999
18.45026,-22.50999
18.50026,-22.85999
18.35026,-23.15999
18.10026,-23.43999
17.65026,-23.72
17.00026,-23.98999
16.20026,-24.24999
15.20026,-24.47
14.05026,-24.63999
12.90026,-24.72999
11.70026,-24.7
10.60026,-24.54
9.450263,-24.21
8.400264,-23.72999
7.400263,-23.07999
6.400263,-22.31999
5.450264,-21.43999
4.500264,-20.49999
3.450264,-19.50999
2.400264,-18.47
1.300264,-17.38
0.2002637,-16.22999
-0.7497363,-14.99
-1.699736,-13.66
-2.449736,-12.24
-3.199736,-10.72999
-3.749736,-9.119995
-4.299736,-7.439995
-4.709736,-5.669995
-5.099736,-3.839995
-5.359736,-1.959995
-5.499736,-0.04999512
-5.659736,1.840005
-5.699736,3.670005
-5.699736,5.340005
-5.699736,6.850005
-5.599736,8.060004
-5.499736,8.980004
-5.449736,9.540005
-5.399736,9.820004
-5.399736,9.810004
-5.399736,9.680005
-5.499736,9.500005
-5.599736,9.360004
-5.699736,9.330005
-5.699736,9.420005
-5.649736,9.650004
-5.499736,9.980004
-5.149736,10.43001
-4.699736,10.94
-4.049736,11.47001
-3.399736,11.94
-2.549736,12.26
-1.799736,12.42
-1.099736,12.43001
-0.3997363,12.36
0.2002637,12.3
0.8002636,12.3
1.200264,12.41
1.500264,12.56
1.750264,12.77
17.15026,-11.49
17.78026,-12.96
18.35026,-14.35999
18.78026,-15.60999
19.20026,-16.74999
19.68026,-17.74999
20.10026,-18.67999
20.50026,-19.55
20.85026,-20.39
21.18026,-21.21
21.30026,-22.00999
21.15026,-22.79
20.80026,-23.52999
20.23026,-24.17999
19.45026,-24.72999
18.48026,-25.15999
17.50026,-25.47
16.47026,-25.63999
15.45026,-25.7
14.50026,-25.62
13.55026,-25.42999
12.65026,-25.10999
11.70026,-24.66999
10.60026,-24.07999
9.400264,-23.34999
8.050263,-22.43999
6.650263,-21.35999
5.170264,-20.13
3.800264,-18.77999
2.500264,-17.31999
1.350264,-15.79
0.3202637,-14.21999
-0.5497363,-12.59999
-1.309736,-10.92
-1.999736,-9.159995
-2.679736,-7.299995
-3.299736,-5.359995
-3.859736,-3.339995
-4.399736,-1.299995
-4.909736,0.7100049
-5.299736,2.630005
-5.679736,4.350005
-5.999736,5.850005
-6.249736,7.020005
-6.499736,7.900005
-6.699736,8.390005
-6.799736,8.640005
-6.949736,8.640005
-7.049736,8.570004
-7.129736,8.530005
-7.149736,8.620005
-7.079736,8.920005
-6.999736,9.370005
-6.779736,9.960005
-6.499736,10.6
-6.149736,11.23
-5.749736,11.82
-5.299736,12.32
-4.849736,12.72001
-4.279736,12.98
-3.699736,13.1
-3.049736,13.11
-2.399736,13.05
-1.849736,13
-1.399736,12.95
-1.229736,12.9
-1.199736,12.82
-1.119736,12.69
17.20026,-7.059995
18.20026,-8.409995
19.10026,-9.779995
19.95026,-11.13999
20.70026,-12.46999
21.40026,-13.72999
22.00026,-14.93999
22.60026,-16.10999
23.20026,-17.24999
23.65026,-18.37
24.00026,-19.49999
24.20026,-20.64
24.10026,-21.76999
23.75026,-22.87
23.20026,-23.89999
22.50026,-24.77999
21.60026,-25.51999
20.70026,-26.07999
19.80026,-26.50999
19.00026,-26.79
18.20026,-26.97999
17.30026,-27.05
16.30026,-26.98999
15.20026,-26.72999
13.80026,-26.24999
12.30026,-25.47
10.70026,-24.41999
9.050263,-23.09999
7.500264,-21.62
6.150263,-20.00999
4.900264,-18.37
3.750264,-16.72999
2.700264,-15.08
1.640264,-13.37999
0.6002637,-11.59999
-0.4097363,-9.699995
-1.399736,-7.679995
-2.309736,-5.579995
-3.099736,-3.449995
-3.859736,-1.369995
-4.599736,0.6100048
-5.299736,2.390005
-5.899736,3.980005
-6.449736,5.250005
-6.899736,6.220005
-7.199736,6.820005
-7.399736,7.160005
-7.449736,7.270005
-7.499736,7.330005
-7.399736,7.470005
-7.399736,7.790005
-7.349736,8.380005
-7.199736,9.150004
-6.999736,10.01
-6.799736,10.82
-6.549736,11.49
-6.399736,11.99
-6.199736,12.32
-5.999736,12.53
-5.699736,12.66
-5.299736,12.74
-4.799736,12.82
-4.199736,12.91
-3.649736,13.02
-3.299736,13.08
-3.149736,13
-3.099736,12.77
-2.999736,12.37
15.95026,-2.829995
17.10026,-3.919995
18.25026,-5.139995
19.48026,-6.479995
20.65026,-7.899995
21.70026,-9.359995
22.75026,-10.81999
23.78026,-12.24
24.75026,-13.64999
25.63026,-15.04999
26.45026,-16.49999
27.03026,-17.96
27.45026,-19.43999
27.60026,-20.88
27.45026,-22.26999
27.05026,-23.55999
26.40026,-24.72999
25.58026,-25.71
24.70026,-26.55
23.73026,-27.18999
22.70026,-27.7
21.60026,-28.02999
20.40026,-28.2
18.95026,-28.14999
17.45026,-27.87
15.85026,-27.31999
14.30026,-26.54
12.80026,-25.52999
11.45026,-24.38999
10.12026,-23.12
8.850264,-21.75999
7.550263,-20.27999
6.100264,-18.66999
4.640264,-16.88
3.200264,-14.91
1.790264,-12.77999
0.5002636,-10.54
-0.6297363,-8.279995
-1.599736,-6.039995
-2.509736,-3.909995
-3.349736,-1.859995
-4.109736,0.04000488
-4.849736,1.810005
-5.529736,3.350005
-6.149736,4.600005
-6.529736,5.470005
-6.749736,6.030005
-6.779736,6.340005
-6.649736,6.580005
-6.499736,6.880005
-6.349736,7.340005
-6.349736,8.070004
-6.349736,8.980004
-6.349736,9.930005
-6.349736,10.74
-6.379736,11.31
-6.349736,11.66
-6.299736,11.84
-6.149736,11.94
-5.829736,12.05
-5.499736,12.2
-5.049736,12.42
-4.699736,12.67
-4.399736,12.93
-4.249736,13.13
-4.269736,13.14
-4.399736,12.94
-4.449736,12.5
14.80026,0.5300049
16.25026,-0.02999512
17.70026,-0.6999951
19.10026,-1.529995
20.50026,-2.559995
21.90026,-3.839995
23.30026,-5.339995
24.60026,-7.059995
25.90026,-8.899995
27.05026,-10.80999
28.10026,-12.75
29.00026,-14.67999
29.80026,-16.59999
30.35026,-18.47999
30.80026,-20.30999
30.90026,-22.04
30.80026,-23.67999
30.55026,-25.13
30.00026,-26.39999
29.10026,-27.40999
28.10026,-28.18999
26.70026,-28.65999
25.20026,-28.90999
23.50026,-28.90999
21.70026,-28.75999
20.05026,-28.48999
18.50026,-28.13999
17.05026,-27.71999
15.70026,-27.21
14.30026,-26.52999
12.80026,-25.60999
11.00026,-24.31999
9.200263,-22.68999
7.240263,-20.65999
5.400264,-18.35999
3.740264,-15.87
2.300264,-13.31999
1.040264,-10.85999
0.00026367186,-8.519995
-0.9097363,-6.369995
-1.799736,-4.329995
-2.559736,-2.369995
-3.299736,-0.4399951
-4.049736,1.390005
-4.799736,3.030005
-5.349736,4.250005
-5.699736,5.080005
-5.899736,5.550005
-5.899736,5.910005
-5.749736,6.330005
-5.599736,6.900005
-5.499736,7.730005
-5.499736,8.720005
-5.649736,9.700005
-5.799736,10.52
-5.949736,11.03
-6.099736,11.37
-6.149736,11.58
-5.999736,11.79
-5.649736,12.05
-5.199736,12.34
-4.799736,12.63
-4.499736,12.86
-4.499736,12.99
-4.699736,13.01
-4.999736,12.86
-5.399736,12.56
-5.799736,12.09
15.00026,3.550005
16.55026,3.450005
18.15026,3.160005
19.78026,2.630005
21.40026,1.860005
23.08026,0.8000048
24.65026,-0.5299951
26.13026,-2.129995
27.55026,-3.919995
28.78026,-5.889995
29.85026,-7.969995
30.73026,-10.09999
31.50026,-12.27999
32.13026,-14.47999
32.60026,-16.7
32.95026,-18.89
33.15026,-21.04
33.23026,-23.07999
33.15026,-24.99999
32.85026,-26.7
32.35026,-28.15999
31.45026,-29.22999
30.30026,-29.98999
28.90026,-30.38999
27.35026,-30.57999
25.77026,-30.60999
24.15026,-30.56999
22.52026,-30.47999
20.75026,-30.29999
18.77026,-29.88999
16.60026,-29.13
14.25026,-27.84999
11.90026,-26.09999
9.670263,-23.87
7.650263,-21.33999
5.940264,-18.64
4.350264,-15.91
3.020264,-13.29
1.900264,-10.83999
0.9202636,-8.619995
0.00026367186,-6.569995
-0.7597363,-4.639995
-1.549736,-2.679995
-2.329736,-0.6999951
-3.149736,1.240005
-3.829736,2.870005
-4.349736,4.100005
-4.729736,4.840005
-4.849736,5.290005
-4.899736,5.650005
-4.949736,6.110005
-4.979736,6.820005
-5.049736,7.720005
-5.229736,8.740005
-5.449736,9.730004
-5.699736,10.55
-5.899736,11.19
-5.999736,11.67
-5.949736,12.06
-5.629736,12.41
-5.199736,12.69
-4.829736,12.85
-4.549736,12.84
-4.519736,12.61
-4.749736,12.23
-5.099736,11.76
-5.499736,11.24
-5.999736,10.74
16.00026,6.370005
17.50026,6.420005
19.10026,6.210005
20.70026,5.720005
22.40026,4.980005
24.10026,3.930005
25.90026,2.590005
27.65026,0.9300048
29.30026,-0.9299951
30.65026,-2.949995
31.80026,-4.999995
32.80026,-7.079995
33.70026,-9.199995
34.30026,-11.39999
34.70026,-13.66999
34.90026,-15.95
34.90026,-18.21
34.85026,-20.41999
34.80026,-22.63
34.70026,-24.85999
34.50026,-27.07999
34.15026,-29.12
33.60026,-30.87
32.90026,-32.17999
31.90026,-33.12
30.65026,-33.64999
29.20026,-33.91
27.50026,-33.89
25.50026,-33.64999
23.10026,-33.09999
20.50026,-32.21
17.79026,-30.81999
15.20026,-29.00999
12.74026,-26.74999
10.60026,-24.18999
8.640264,-21.41999
6.900263,-18.57999
5.390264,-15.77999
4.000264,-13.12
2.840264,-10.75
1.900264,-8.629995
0.9902636,-6.739995
0.1002637,-4.869995
-0.7097363,-2.919995
-1.599736,-0.8699951
-2.459736,1.110005
-3.099736,2.840005
-3.499736,4.070005
-3.699736,4.860005
-3.749736,5.210005
-3.799736,5.440005
-3.999736,5.800005
-4.199736,6.410005
-4.499736,7.340005
-4.799736,8.520004
-5.099736,9.800005
-5.299736,10.98
-5.399736,11.86
-5.299736,12.44
-5.149736,12.72001
-4.899736,12.83
-4.649736,12.75
-4.399736,12.5
-4.299736,12
-4.399736,11.35
-4.599736,10.6
-4.799736,9.890005
-5.049736,9.320004
17.90026,10.03
19.87026,10.13
21.95026,9.960005
24.08026,9.460005
26.35026,8.640005
28.60026,7.430005
30.85026,5.840005
32.93026,3.880005
34.75026,1.650005
36.13026,-0.7399951
37.30026,-3.189995
38.31026,-5.649995
39.20026,-8.149995
39.76026,-10.63999
39.90026,-13.08999
39.60026,-15.33999
39.00026,-17.39999
38.35026,-19.24999
37.85026,-21.08999
37.35026,-23.05
36.90026,-25.16999
36.35026,-27.49999
35.75026,-29.89999
35.05026,-32.17999
34.20026,-34.18999
33.23026,-35.66
31.95026,-36.60999
30.25026,-36.89
28.30026,-36.66
26.10026,-35.98999
23.75026,-35.02999
21.47026,-33.75999
19.10026,-32.17999
16.69026,-30.15999
14.30026,-27.74999
11.99026,-24.93999
9.850264,-21.89
7.920263,-18.74999
6.250264,-15.70999
4.890264,-13.02999
3.750264,-10.7
2.790264,-8.769995
1.900264,-6.969995
0.8902637,-5.079995
0.00026367186,-2.969995
-0.9597363,-0.7099951
-1.699736,1.490005
-2.149736,3.290005
-2.299736,4.590005
-2.279736,5.220005
-2.149736,5.390005
-2.049736,5.340005
-2.049736,5.400005
-2.249736,5.920005
-2.649736,6.970005
-3.099736,8.510005
-3.449736,10.12
-3.649736,11.37
-3.699736,12.18001
-3.649736,12.45
-3.649736,12.4
-3.569736,12.14
-3.549736,11.77
-3.469736,11.27
-3.449736,10.64001
-3.369736,9.890005
-3.299736,9.100005
-3.219736,8.440004
19.50026,13.64
22.20026,14.06
24.90026,14.12
27.55026,13.64
30.00026,12.65
32.40026,11.1
34.70026,9.200005
36.80026,7.060005
38.70026,4.800005
40.50026,2.410005
42.10026,-0.1399951
43.51026,-2.919995
44.70026,-5.819995
45.71026,-8.719995
46.30026,-11.58
46.31026,-14.29
45.80026,-16.85999
44.90026,-19.27999
44.00026,-21.63
42.95026,-23.88
41.80026,-25.99999
40.45026,-28.01999
39.10026,-30.06999
37.80026,-32.30999
36.60026,-34.58999
35.25026,-36.62999
33.70026,-38.23
31.90026,-39.03999
30.00026,-39.21
28.05026,-38.77999
26.30026,-38.07999
24.50026,-37.12999
22.60026,-35.91
20.29026,-34.16
17.80026,-31.87
15.24026,-28.96999
12.70026,-25.64999
10.49026,-22.08999
8.500263,-18.56
6.940264,-15.41
5.700264,-12.72999
4.690264,-10.63
3.800264,-8.789995
2.890264,-6.939995
2.000264,-4.879995
1.240264,-2.529995
0.5002636,-0.06999511
-0.05973633,2.180005
-0.3997363,4.020005
-0.4997363,5.090005
-0.3997363,5.530005
-0.04973633,5.400005
0.3002637,5.160005
0.4502636,5.250005
0.4002637,5.930005
0.05026367,7.340005
-0.4997363,9.030005
-0.9497363,10.46
-1.299736,11.42
-1.549736,11.71
-1.699736,11.62
-1.799736,11.34
-1.799736,11.04
-1.799736,10.74
-1.699736,10.38
-1.499736,9.860004
-1.199736,9.220005
-0.8497363,8.560004
20.20026,18.1
22.67026,18.98001
25.15026,19.28
27.50026,18.72001
29.85026,17.42
32.03026,15.37
34.00026,13.03
35.98026,10.67
37.95026,8.240005
39.98026,5.640005
42.00026,2.830005
43.73026,-0.2699951
45.05026,-3.589995
45.93026,-6.889995
46.70026,-9.989995
47.51026,-12.85999
48.35026,-15.75
48.83026,-18.81999
48.70026,-22.07999
47.71026,-25.29
46.10026,-28.17999
44.13026,-30.47999
42.20026,-32.35999
40.45026,-34.12
38.75026,-35.94999
37.00026,-37.82
35.15026,-39.50999
33.28026,-40.73999
31.40026,-41.46
29.65026,-41.58999
28.00026,-41.32
26.30026,-40.64999
24.50026,-39.58999
22.44026,-37.96999
20.20026,-35.78999
17.74026,-32.89
15.25026,-29.42999
12.84026,-25.47999
10.75026,-21.40999
9.170263,-17.72
7.950264,-14.58
6.920263,-12.17
6.100264,-10.12
5.320263,-8.149995
4.750264,-6.059995
4.240263,-3.759995
3.800264,-1.379995
3.320264,0.8800049
2.900264,2.860005
2.570264,4.270005
2.300264,5.110005
2.220264,5.290005
2.250264,5.150005
2.420264,5.090005
2.500264,5.420005
2.420264,6.390005
2.050264,7.710005
1.500264,9.030005
1.000264,10.02
0.5502636,10.4
0.3002637,10.38
0.2002637,10.2
0.2002637,10.09
0.3002637,10.1
0.4002637,10.11
0.5002636,10.03
0.8002636,9.860004
1.230264,9.630005
19.00026,22.7
21.00026,23.67
23.20026,23.82
25.65026,23.1
28.50026,21.6
31.46026,19.1
34.00026,16.1
35.71026,12.98
37.00026,9.830005
38.21026,6.720005
39.60026,3.720005
41.16026,0.7400048
42.60026,-2.459995
43.36026,-5.969995
43.60026,-9.479995
44.01026,-12.60999
44.90026,-15.37
46.56026,-18.01999
47.90026,-20.80999
47.96026,-23.8
47.10026,-26.8
45.81026,-29.64999
44.40026,-32.23999
42.85026,-34.52999
41.20026,-36.68999
39.05026,-38.69999
36.80026,-40.53999
34.60026,-42.01999
32.70026,-43.09999
30.90026,-43.62
29.10026,-43.66999
27.30026,-43.17999
25.50026,-42.26999
23.54026,-40.82999
21.60026,-38.85999
19.54026,-36.12999
17.30026,-32.71
14.99026,-28.52999
13.00026,-24.07999
11.49026,-19.93999
10.30026,-16.40999
9.390264,-13.62999
8.600264,-11.18999
7.940263,-8.859995
7.500264,-6.499995
7.340263,-4.159995
7.300263,-1.939995
7.190264,0.01000488
7.000264,1.720005
6.650263,3.050005
6.100264,4.050005
5.550263,4.570005
5.000264,4.770005
4.700264,4.800005
4.400264,5.010005
4.200264,5.610005
3.900264,6.540005
3.350264,7.680005
2.800264,8.690004
2.550264,9.210005
2.400264,9.300005
2.450264,9.110004
2.500264,8.940004
2.550264,8.960005
2.500264,9.090005
2.300264,9.280005
2.100264,9.540005
2.300264,9.910005
16.60026,25.67
18.77026,25.95
21.30026,25.38
24.03026,24.11
26.90026,22.43
29.83026,20.37
32.55026,17.92
34.56026,14.87
35.70026,11.38
35.98026,7.830005
36.00026,4.670005
36.68026,2.060005
37.95026,-0.3999951
39.38026,-3.069995
40.20026,-6.079995
40.21026,-9.309995
40.30026,-12.54999
41.63026,-15.87999
43.45026,-19.43999
44.41026,-22.99999
44.35026,-26.26999
43.91026,-29.24999
43.70026,-32.18999
43.48026,-35.08999
42.75026,-37.85999
40.98026,-40.23
38.65026,-42.16
36.08026,-43.49999
33.65026,-44.32
31.55026,-44.62999
29.65026,-44.58999
27.87026,-44.21999
26.15026,-43.52999
24.45026,-42.35999
22.75026,-40.62999
20.97026,-38.07999
19.10026,-34.8
17.14026,-30.76999
15.45026,-26.40999
14.04026,-22.21
12.85026,-18.41999
11.74026,-15.17999
10.80026,-12.17
10.14026,-9.249995
9.850264,-6.399995
9.970263,-3.839995
10.25026,-1.659995
10.52026,-0.04999512
10.65026,1.160005
10.40026,2.000005
9.950263,2.670005
9.320264,3.190005
8.550263,3.610005
7.820263,3.930005
7.250264,4.300005
6.720263,4.830005
6.100264,5.550005
5.400264,6.570005
4.750264,7.720005
4.670264,8.570004
4.850264,8.850005
5.150264,8.540005
5.300263,8.050005
5.250264,7.680005
4.950264,7.580005
4.420264,7.920005
4.050263,8.590005
3.950264,9.530005
15.30026,26.78
17.90026,26.86
20.70026,26.26
23.50026,24.79
25.90026,22.67
27.76026,20.17
29.60026,17.65001
31.36026,15.13
32.70026,12.33
32.71026,9.100005
31.80026,5.870005
31.21026,3.030005
31.60026,0.4600049
32.95026,-1.959995
34.20026,-4.459995
34.56026,-7.369995
34.70026,-10.81999
35.66026,-15.10999
37.20026,-19.96
38.16026,-24.87
38.00026,-29.08999
37.56026,-32.12999
37.90026,-34.64
39.01026,-37.16
39.90026,-39.82999
39.70026,-42.39
38.40026,-44.52999
36.20026,-45.76999
33.80026,-46.12999
31.50026,-45.69999
29.60026,-45.05
28.05026,-44.50999
26.60026,-43.98
25.25026,-43.09999
23.80026,-41.62
22.39026,-39.26999
21.00026,-36.25
19.54026,-32.57999
18.20026,-28.58999
16.74026,-24.51999
15.30026,-20.55999
13.94026,-16.82999
12.80026,-13.17999
12.14026,-9.599995
12.00026,-6.189995
12.34026,-3.319995
12.80026,-1.119995
13.20026,0.1900049
13.30026,0.9400049
13.10026,1.310005
12.80026,1.630005
12.25026,2.020005
11.70026,2.490005
11.10026,2.960005
10.50026,3.420005
9.900264,3.920005
9.200263,4.560005
8.350264,5.570005
7.600264,6.880005
7.400263,8.020004
7.600264,8.510005
7.900263,8.120005
8.100264,7.390005
7.850264,6.760005
7.400263,6.580005
6.950264,7.190005
6.700264,8.350005
7.000264,9.900004
14.95026,27.33
17.05026,28.11
19.50026,28.06001
21.98026,26.43
23.90026,23.49
24.66026,19.84
25.00026,16.56001
25.80026,14.16
26.95026,11.99
27.53026,9.270004
27.15026,5.940005
26.31026,2.250005
25.80026,-1.319995
25.91026,-4.319995
26.30026,-6.749995
26.83026,-8.959995
27.70026,-11.60999
29.03026,-15.22999
30.15026,-19.49999
30.11026,-23.88
29.05026,-27.76999
28.26026,-30.74999
28.45026,-33.17999
30.21026,-35.66999
32.40026,-38.76999
33.91026,-42.26999
34.25026,-45.46
33.18026,-47.32
31.35026,-47.64
29.62026,-46.40999
28.30026,-44.8
27.37026,-43.69999
26.55026,-43.14
25.55026,-42.66
24.50026,-41.73
23.59026,-39.94999
22.75026,-37.44999
21.82026,-34.21999
20.80026,-30.55999
19.41026,-26.58999
17.85026,-22.54
16.29026,-18.45
15.05026,-14.29
14.49026,-10.14999
14.45026,-6.269995
14.79026,-3.159995
15.30026,-0.9899951
15.47026,0.03000488
15.25026,0.4400049
14.77026,0.6600049
14.30026,0.9800048
14.10026,1.470005
14.05026,1.980005
13.97026,2.410005
13.80026,2.730005
13.50026,3.000005
13.10026,3.430005
12.35026,4.370005
11.50026,5.720005
11.05026,7.020005
10.85026,7.700005
10.90026,7.430005
10.80026,6.720005
10.40026,6.260005
10.00026,6.480005
9.950263,7.680005
10.35026,9.420005
11.34026,11.39
14.30026,27.81001
15.35026,28.62
17.10026,28.54
19.10026,26.89001
20.60026,23.98001
20.96026,20.29
20.70026,16.82001
20.81026,14.05
21.60026,11.42
22.36026,8.230004
22.40026,4.490005
21.76026,0.5300049
21.00026,-3.159995
19.96026,-6.059995
19.00026,-8.069995
18.95026,-9.529995
19.90026,-11.42999
21.61026,-14.21999
23.10026,-17.39999
23.06026,-20.41999
22.10026,-22.89999
21.46026,-25.52999
21.70026,-28.80999
23.11026,-32.35999
24.90026,-36.08999
26.71026,-40.19999
27.80026,-44.12
27.75026,-46.59999
27.20026,-47.24999
26.69026,-45.87999
26.60026,-43.8
26.60026,-42.12
26.30026,-41.28999
25.65026,-41.16
25.00026,-40.93999
24.40026,-39.96
23.90026,-38.09999
23.44026,-35.21999
22.80026,-31.79
21.84026,-28.01999
20.50026,-24.10999
19.14026,-19.93999
17.90026,-15.50999
17.39026,-11.00999
17.30026,-6.829995
17.49026,-3.659995
17.80026,-1.589995
17.75026,-0.6999951
17.30026,-0.2699951
16.70026,0.1700049
16.40026,0.8400049
16.60026,1.610005
17.10026,2.240005
17.65026,2.550005
18.00026,2.580005
18.05026,2.410005
17.80026,2.340005
17.00026,2.900005
16.00026,4.080005
15.15026,5.540005
14.60026,6.610005
14.35026,6.780005
14.20026,6.480005
14.05026,6.360005
13.90026,6.940005
14.05026,8.500005
14.70026,10.53
15.74026,12.65
13.75026,26.81001
13.85026,27.03
14.65026,26.72001
16.05026,25.28
17.10026,22.79
17.11026,19.56001
16.80026,16.43
17.28026,13.58
18.50026,10.52
19.23026,6.780005
18.90026,2.680005
17.73026,-1.129995
16.55026,-4.249995
15.20026,-6.429995
13.65026,-7.839995
12.78026,-8.869995
13.25026,-10.54
14.83026,-13.33
16.45026,-16.47999
17.58026,-19.47999
18.15026,-22.00999
18.15026,-24.06999
18.25026,-26.60999
18.46026,-29.96
18.85026,-33.27999
19.43026,-36.48
20.20026,-39.78999
20.95026,-42.52999
21.65026,-43.99999
22.57026,-43.49999
23.70026,-41.98
24.82026,-40.23999
25.55026,-39.09999
25.65026,-38.87999
25.30026,-38.99999
24.87026,-38.59999
24.60026,-37.32999
24.54026,-34.91999
24.50026,-31.92999
24.12026,-28.63
23.30026,-25.09999
22.24026,-21.02999
21.40026,-16.54
20.96026,-11.93999
20.85026,-7.819995
20.79026,-4.819995
20.75026,-2.799995
20.55026,-1.629995
20.35026,-0.7199951
20.22026,0.2300049
20.40026,1.200005
21.00026,2.040005
21.75026,2.600005
22.47026,2.730005
23.00026,2.520005
23.20026,2.020005
23.15026,1.470005
22.50026,1.370005
21.40026,1.970005
20.17026,3.390005
19.20026,4.950005
18.77026,6.060005
18.70026,6.710005
18.90026,7.270005
19.25026,8.140005
19.57026,9.510005
19.85026,11.15
20.22026,12.96
13.70026,24.63
13.00026,24.37
13.10026,24.2
13.90026,23.32
14.50026,21.32
14.26026,18.31001
14.00026,15.14
14.86026,12.07
16.40026,8.860004
16.96026,5.250005
16.20026,1.500005
14.41026,-1.989995
12.80026,-4.819995
11.55026,-6.689995
10.10026,-7.899995
9.200263,-8.909995
9.400264,-10.67
10.41026,-13.56999
11.40026,-16.81
12.31026,-19.85999
13.20026,-22.66999
13.45026,-24.82999
13.10026,-26.52999
12.75026,-28.59999
12.70026,-30.85999
12.95026,-33.03999
13.40026,-35.66999
14.30026,-38.41
15.60026,-40.23999
17.35026,-40.30999
19.40026,-39.33999
21.55026,-37.94999
23.60026,-36.89999
24.90026,-36.66999
25.30026,-36.89999
25.15026,-36.84999
25.20026,-36.02999
25.64026,-34.16999
26.10026,-31.71999
26.14026,-28.80999
25.90026,-25.47999
25.44026,-21.42999
25.10026,-16.95
24.84026,-12.52999
24.70026,-8.699995
24.49026,-5.909995
24.20026,-3.779995
24.10026,-2.039995
24.20026,-0.4299951
24.70026,0.8800049
25.30026,1.820005
25.95026,2.330005
26.60026,2.560005
27.05026,2.490005
27.40026,2.170005
27.65026,1.620005
27.70026,0.9600049
27.60026,0.3900049
27.00026,0.2600049
25.90026,1.120005
24.70026,2.710005
23.90026,4.550005
23.40026,6.220005
23.35026,7.750005
23.70026,9.300005
24.35026,10.77
24.80026,12.09
25.10026,13.45
14.00026,22.28
13.13026,21.79
12.75026,21.65001
12.73026,21.16
12.45026,19.68
11.96026,17.05
12.10026,13.98
13.56026,10.66
15.20026,7.160005
15.51026,3.620005
14.20026,0.1900049
12.01026,-2.929995
10.00026,-5.539995
8.480264,-7.399995
7.200264,-8.899995
6.600264,-10.54999
6.550263,-12.68999
6.580264,-15.21999
6.400263,-17.79
6.380263,-20.34999
6.450264,-22.76999
6.280263,-24.89999
5.700264,-26.68999
5.180264,-28.42999
5.350264,-30.25999
6.150263,-31.91999
6.850264,-33.71
7.800263,-35.37
9.350264,-36.33999
11.70026,-36.25999
14.65026,-35.64
17.95026,-34.83999
21.00026,-34.25
23.17026,-34.16999
24.35026,-34.37
24.87026,-34.25
25.55026,-33.46999
26.52026,-31.89999
27.45026,-29.87
28.09026,-27.24999
28.60026,-24.06999
28.94026,-20.25999
29.00026,-16.18999
28.89026,-12.30999
28.75026,-9.009995
28.59026,-6.459995
28.45026,-4.219995
28.42026,-2.029995
28.70026,-0.01999512
29.35026,1.340005
29.85026,2.020005
30.05026,2.240005
30.20026,2.360005
30.65026,2.300005
30.95026,1.930005
30.78026,1.400005
30.50026,0.9500049
30.68026,0.5300049
30.95026,0.07000488
30.67026,0.06000488
29.80026,0.8800049
28.82026,2.640005
28.05026,4.720005
27.69026,6.940005
28.00026,9.160005
28.94026,11.24
30.15026,13.14
31.27026,14.86
14.10026,20.69
13.65026,20.64001
13.20026,20.47001
12.20026,19.67
10.80026,18.05
9.910263,15.64
10.40026,12.95
12.61026,9.910005
14.60026,6.440005
14.86026,2.520005
13.40026,-1.429995
10.86026,-4.789995
8.100264,-7.189995
5.550263,-8.749995
3.700264,-10.42999
3.200264,-12.67
3.400264,-14.96999
3.000264,-16.58999
1.600264,-17.89
0.05026367,-19.73999
-0.8997363,-21.75999
-1.599736,-23.72
-2.299736,-25.43999
-2.949736,-26.79
-2.999736,-28.08999
-1.949736,-29.12
-0.3997363,-29.96999
1.650264,-30.66999
4.100264,-31.07999
7.300263,-31.01999
10.90026,-30.74999
14.60026,-30.35999
18.00026,-29.97999
20.65026,-29.71999
22.60026,-29.54
24.40026,-29.09999
26.40026,-28.37
28.40026,-27.42999
30.20026,-26.25999
31.64026,-24.38
32.80026,-21.76999
33.39026,-18.51999
33.40026,-15.08
33.24026,-11.74
33.30026,-8.829995
33.69026,-6.589995
33.90026,-4.569995
33.89026,-2.479995
34.10026,-0.4799951
34.50026,0.9200048
34.60026,1.690005
34.25026,2.030005
34.00026,2.270005
34.35026,2.250005
34.70026,1.920005
34.10026,1.630005
33.20026,1.680005
33.05026,1.840005
33.60026,1.580005
33.85026,1.060005
33.50026,1.140005
33.05026,2.460005
33.20026,4.560005
34.14026,6.990005
35.40026,9.260005
36.54026,11.44
37.60026,13.73
38.64026,16.07001
13.10026,21.24
13.30026,22.08
13.20026,21.77
12.10026,20.17
10.30026,17.71
8.880263,14.78
8.900264,12.14
11.00026,9.880005
13.25026,7.200005
14.03026,3.110005
13.30026,-2.099995
11.03026,-7.039995
7.800263,-10.16
4.050263,-11.24
1.000264,-12.37999
0.1302637,-14.70999
0.3502637,-17.23999
-0.3697363,-18.49999
-2.649736,-19.00999
-4.819736,-19.83999
-6.099736,-20.97999
-6.699736,-22.2
-7.299736,-22.97
-7.769736,-23.45
-7.399736,-23.91999
-5.949736,-24.01999
-3.949736,-23.98999
-1.399736,-23.97
1.250264,-23.89999
4.220263,-23.63
7.500264,-23.29
10.90026,-22.90999
14.35026,-22.59999
17.77026,-22.39999
21.25026,-22.33999
24.95026,-22.37
28.75026,-22.55999
32.20026,-22.85999
34.90026,-22.77999
36.65026,-21.49999
38.00026,-19.25999
38.64026,-16.41999
38.75026,-13.55999
38.74026,-10.79
39.35026,-8.359995
40.20026,-6.599995
40.50026,-5.019995
40.27026,-3.129995
40.10026,-1.059995
40.15026,0.8000048
40.25026,2.110005
40.22026,2.490005
40.20026,2.290005
40.25026,1.850005
40.05026,1.490005
39.07026,1.610005
37.90026,2.090005
37.65026,2.450005
38.00026,2.380005
37.97026,2.190005
37.45026,2.630005
37.59026,4.250005
38.90026,6.530005
41.37026,9.000005
43.75026,11.19
44.87026,13.18
45.10026,15.26
45.32026,17.68
11.40026,21.88
11.85026,22.9
12.10026,22.5
11.65026,20.98001
10.60026,18.52
9.110264,15.08
8.300263,11.89
9.250263,9.770004
11.00026,7.770005
12.31026,4.150005
12.70026,-1.619995
11.56026,-8.469995
8.700263,-13.41
4.400264,-14.66
0.4002637,-14.81999
-1.399736,-16.27999
-1.799736,-18.50999
-2.749736,-19.59999
-5.599736,-19.90999
-8.099736,-20.71
-9.299736,-21.80999
-9.499736,-22.82999
-9.399736,-23.06999
-9.199737,-22.45
-8.699737,-21.62
-7.549736,-20.63
-6.099736,-19.80999
-4.199736,-18.98999
-2.099736,-17.89999
0.7502636,-16.81999
4.200264,-15.87
8.000263,-14.93999
12.20026,-14.21
17.05026,-13.91999
22.10026,-14.05999
27.25026,-14.70999
32.40026,-15.81999
36.75026,-17.07999
39.90026,-17.8
41.90026,-17.13
43.70026,-15.54999
44.80026,-13.64999
45.00026,-11.87
44.95026,-10.17
45.40026,-8.659995
45.80026,-7.419995
45.30026,-5.819995
44.59026,-3.459995
44.20026,-0.7899951
44.54026,1.590005
45.40026,3.080005
46.45026,3.080005
47.10026,2.210005
46.70026,1.200005
45.70026,0.7000049
44.25026,0.9500049
43.30026,1.360005
43.35026,1.380005
43.60026,1.160005
43.15026,1.420005
42.20026,2.620005
42.09026,4.880005
43.60026,7.480005
46.44026,9.870005
48.80026,11.96
49.64026,14.13
50.00026,16.75
50.94026,19.98001
10.15026,20.6
10.72026,21.01
10.85026,20.79
10.53026,20.34
10.20026,19.08
9.630263,16.11
8.950263,12.42
9.030264,9.220005
9.750263,6.650005
10.71026,3.670005
11.55026,-1.159995
11.74026,-8.569995
10.40026,-15.55999
6.730264,-18.22
2.450264,-17.77999
-0.6197363,-17.34999
-2.199736,-18.14
-3.499736,-18.46
-6.299736,-18.41999
-9.149736,-19.75999
-10.74974,-21.49999
-11.54974,-22.38999
-11.94974,-21.97
-12.02974,-20.55
-11.94974,-18.75999
-10.97974,-16.83999
-9.399736,-15.22999
-7.349736,-13.2
-4.199736,-10.97999
-0.2297363,-9.199995
4.100264,-7.449995
9.250263,-5.569995
14.95026,-4.169995
20.87026,-3.609995
26.95026,-3.779995
32.80026,-4.789995
38.45026,-6.449995
43.20026,-8.619995
46.60026,-10.71999
48.50026,-11.92999
49.95026,-12.25999
50.67026,-11.80999
50.35026,-11.00999
49.75026,-9.949995
49.70026,-8.909995
49.40026,-7.749995
48.45026,-5.959995
47.99026,-3.379995
48.40026,-0.8299951
49.32026,0.9200048
50.25026,1.830005
51.35026,1.790005
52.20026,1.120005
51.88026,0.3500049
50.80026,-0.01999512
49.40026,0.1700049
48.50026,0.5500049
48.55026,0.8200049
48.85026,0.8900049
48.25026,1.240005
47.05026,2.510005
47.24026,5.190005
49.60026,8.250005
52.85026,10.53
54.85026,12.29
55.37026,14.95
56.15026,18.75
58.47026,22.71
9.900264,19.49
10.80026,19.87
10.90026,19.99
10.00026,19.84
9.400264,18.95
9.610264,16.48001
9.900264,12.82
10.26026,8.610004
10.50026,4.780005
10.66026,1.740005
11.00026,-1.819995
11.66026,-8.259995
11.50026,-16.23999
9.300263,-20.98999
5.800263,-21.02999
2.300264,-19.06999
-0.3997363,-18.47999
-2.449736,-18.52999
-4.999736,-18.05
-7.449736,-18.50999
-9.299736,-19.48999
-10.39974,-19.47
-11.49974,-18.47
-12.59974,-16.7
-12.69974,-14.21999
-11.24974,-12.04999
-9.299736,-9.559995
-5.609736,-5.829995
-0.8997363,-2.899995
4.150264,-0.7799951
9.900264,1.810005
16.65026,4.390005
24.00026,6.210005
31.50026,6.750005
38.60026,6.160005
45.05026,4.480005
50.90026,2.050005
55.51026,-0.9799951
58.80026,-4.259995
60.10026,-7.309995
60.40026,-9.649995
59.85026,-10.75999
58.50026,-10.85999
57.25026,-10.09999
56.80026,-9.139995
56.20026,-7.919995
55.20026,-6.209995
55.19026,-4.149995
56.10026,-2.389995
56.90026,-1.359995
57.40026,-0.7799951
58.05026,-0.4199951
58.70026,-0.1299951
59.00026,-0.1099951
58.70026,-0.3299951
57.55026,-0.3399951
56.30026,0.2500049
56.00026,1.430005
56.50026,2.590005
56.60026,3.610005
56.30026,5.120005
57.29026,7.850005
60.30026,10.74
63.25026,12.61
64.10027,14.38
63.39026,17.54
63.70026,21.18
65.20026,23.4
9.800263,19.77
11.50026,21.1
11.90026,21.68
10.68026,20.96
9.700263,19.18
10.06026,16.32001
10.90026,12.69
11.86026,8.180005
12.55026,3.350005
12.43026,-0.6899951
12.05026,-3.829995
11.86026,-8.389995
11.70026,-15.58
10.73026,-22.00999
9.000263,-23.77999
6.520264,-21.55
4.100264,-20.22
1.580264,-20.92999
-1.049736,-20.75999
-2.899736,-19.47999
-4.299736,-18.92999
-5.649736,-19.07999
-7.349736,-17.92999
-8.759736,-14.99
-8.149736,-11.92
-6.159736,-8.869995
-3.099736,-4.589995
1.670264,0.5400048
7.350264,4.500005
13.97026,8.080005
20.85026,11.88
28.57026,14.61
36.85026,15.79
44.20026,15.34
50.80026,14.06
56.90026,11.98
62.35026,9.120005
66.78027,5.730005
70.20026,2.150005
72.03027,-1.429995
72.70026,-4.729995
72.28027,-7.309995
71.00026,-9.109995
69.70026,-9.879995
68.90026,-10.02999
67.50026,-9.379995
65.80026,-8.049994
65.39026,-6.169995
66.15026,-4.179995
67.00026,-2.639995
67.55026,-1.659995
68.25026,-1.049995
69.35027,-0.6999951
70.27026,-0.9999951
70.15026,-1.619995
68.72026,-1.609995
67.70026,-0.7799951
67.80026,0.4000049
68.40026,1.650005
68.55026,3.120005
68.20026,4.910005
68.64026,7.030005
70.10027,8.850005
70.42027,10.23
68.30026,12.51
65.74026,15.81
64.45026,18.12
62.80026,18.53
9.700263,20.45
11.75026,22.69
12.20026,23.58
11.20026,22.56001
10.70026,20.25
11.61026,16.81001
12.70026,12.77
13.61026,8.110004
14.50026,2.780005
14.61026,-2.479995
14.00026,-6.199995
13.06026,-9.259995
12.10026,-14.62999
11.31026,-21.57999
10.60026,-25.22999
9.500263,-23.72999
8.200263,-22.04
6.200264,-22.8
3.600264,-23.02999
1.000264,-21.72999
-1.299736,-21.41999
-3.349736,-21.51999
-4.499736,-18.60999
-4.109736,-13.33
-2.699736,-9.159995
0.1402637,-5.049995
4.100264,0.8000048
9.240264,7.060005
15.50026,12.17
22.54026,17.22001
29.70026,21.65001
37.80026,23.65
45.40026,23.33
50.55026,21.12
55.00026,18.68
59.40026,15.88
63.60026,12.39
67.06026,8.600005
70.00026,5.010005
72.40026,1.930005
74.20026,-0.8199951
75.15026,-3.209995
75.50026,-5.309995
75.45026,-7.009995
75.10027,-8.119995
74.05026,-8.099995
72.60027,-7.219995
71.95026,-5.609995
72.40026,-3.719995
73.70026,-2.139995
74.80026,-1.229995
75.70026,-1.199995
76.70026,-1.739995
77.30026,-2.619995
76.40026,-3.109995
74.70026,-2.369995
73.90026,-1.259995
74.35027,-0.9399951
74.50026,-1.079995
73.75026,-0.8899951
72.20026,-0.1199951
70.95026,1.440005
70.40026,3.190005
68.14026,5.200005
63.30026,8.170005
58.89026,11.41
56.10026,13.37
52.50026,14.42
9.500263,20.86
11.05026,22.64001
11.35026,22.96
10.98026,22.04
11.40026,20.49
13.16026,17.61
14.90026,13.48
15.78026,8.570004
16.40026,3.160005
16.71026,-2.789995
16.35026,-7.829995
15.15026,-10.85999
13.60026,-14.49
12.19026,-20.39
11.20026,-24.98999
10.47026,-24.89999
9.750263,-23.54
8.880263,-23.81999
7.300263,-24.02999
3.850264,-24.32999
0.3502637,-25.49999
-1.479736,-23.98999
-1.849736,-16.41999
-0.07973633,-8.749995
2.000264,-5.039995
5.360263,-0.6599951
10.15026,6.150005
15.84026,13.42
22.30026,20.23001
29.27026,26.08
36.10026,29.05
43.10026,28.34
49.10026,25.82
52.56026,22.33
55.25026,18.79
58.18026,14.84
60.80026,10.55
62.61026,6.610005
64.05026,3.260005
65.58026,0.5000049
66.90026,-1.809995
67.78027,-3.279995
68.35027,-4.099995
68.92027,-4.349995
69.60027,-4.219995
69.87026,-3.609995
69.70026,-2.959995
69.70026,-2.809995
70.20026,-2.929995
71.07026,-2.819995
71.95026,-2.619995
72.75026,-2.739995
73.15026,-2.969995
72.82026,-2.839995
71.30026,-2.299995
69.25026,-1.539995
68.20026,-1.149995
68.25026,-1.779995
67.90026,-2.919995
66.17027,-3.609995
63.45026,-2.999995
61.07026,-0.6399951
59.95026,1.960005
57.40026,3.990005
52.25026,6.300005
47.52026,9.110004
44.85026,11.68001
42.75026,13.57
8.800263,21.08
10.10026,21.23001
10.50026,20.2
10.45026,19.27
11.40026,18.85
13.95026,17.52
16.60026,14.28
17.76026,9.380005
18.10026,4.070005
18.46026,-1.929995
18.50026,-8.079995
17.66026,-12.34999
16.00026,-15.41
13.91026,-19.67999
12.30026,-24.08999
11.40026,-25.37
10.80026,-24.82999
10.50026,-25.05
9.700263,-25.96999
6.450264,-27.88
2.500264,-29.23999
0.8302637,-24.46
1.400264,-13.25
3.490264,-5.269995
6.500264,-1.289995
11.79026,4.530005
17.90026,11.62
22.99026,18.5
28.20026,25.71
34.89026,31
41.50026,32.44
47.25026,29.94
51.70026,26.17
53.81026,22.08
55.20026,18.01
57.01026,14.03
58.40026,10.33
58.85026,7.240005
59.00026,4.340005
59.55026,1.200005
59.80026,-1.679995
59.80026,-3.169995
60.20026,-3.509995
61.25026,-3.069995
62.60026,-2.509995
63.45026,-2.339995
64.10027,-2.799995
64.65026,-3.799995
64.90026,-4.569995
65.10027,-4.579995
65.80026,-4.339995
66.55026,-4.269995
66.40026,-4.149995
65.25026,-3.629995
63.80026,-3.219995
62.35026,-3.589995
61.20026,-4.289995
60.10026,-4.859995
58.50026,-5.089995
55.55026,-4.229995
52.20026,-1.949995
50.19026,0.9900048
49.70026,2.900005
47.70026,3.460005
43.50026,4.470005
39.64026,6.880005
37.70026,9.600004
37.60026,10.88
7.300263,20.94
9.200263,20.46
10.70026,18.98001
11.43026,17.62
12.50026,17.03
15.03026,16.42
18.20026,14.42
20.06026,10.24
20.40026,5.030005
20.23026,-0.7799951
20.40026,-7.069995
20.11026,-12.56999
18.75026,-16.39
16.38026,-19.64
14.30026,-23.31999
13.60026,-25.65999
13.40026,-26.30999
12.90026,-26.55
11.70026,-27.05
9.450263,-27.77999
7.800263,-26.98999
8.160263,-20.25999
9.150264,-10.37
10.41026,-3.019995
14.45026,3.950005
21.69026,12.17
28.15026,18.39001
31.77026,22.98001
35.00026,28.08
40.35026,31.44
45.95026,31.76
49.80026,29.93
52.60026,27.65
54.15026,24.71
55.25026,21.19
56.68026,17.45
57.50026,13.82
56.53026,10.62
55.25026,7.760005
55.48026,5.090005
56.75026,2.810005
58.50026,1.510005
60.60026,0.7300048
62.75026,-0.02999512
64.25026,-1.119995
64.75026,-2.649995
64.75026,-4.219995
64.22026,-4.869995
63.30026,-4.489995
62.87026,-3.849995
63.40026,-3.859995
63.60026,-4.729995
62.50026,-5.829995
60.75026,-6.719995
59.55026,-7.539995
58.45026,-8.519995
56.85026,-9.139995
54.60026,-8.759995
51.85026,-7.539995
48.52026,-5.359995
45.75026,-2.819995
44.72026,-1.039995
44.15026,-0.1899951
41.95026,0.4300049
38.40026,1.750005
35.27026,3.660005
33.85026,5.050005
34.25026,5.000005
5.000264,20.39001
7.750264,21.47001
11.00026,21.41
13.80026,20.14001
16.00026,18.38
18.05026,16.46
20.60026,14.23
23.16026,10.57
24.10026,5.500005
23.36026,-0.3799951
22.60026,-6.359995
22.26026,-11.99
21.40026,-16.33999
19.15026,-19.22999
16.90026,-22.24999
16.35026,-25.40999
16.80026,-27.51999
16.55026,-27.74999
15.30026,-26.66999
14.60026,-24.48999
16.10026,-21.05
18.64026,-14.99
19.80026,-8.259995
20.48026,-0.2699951
24.20026,10.22001
30.49026,18.90001
35.80026,24.35
39.04026,29.19
42.10026,34.17001
45.75026,36.09
48.10026,35.19
49.05026,33.21
50.70026,31.39001
53.15026,29.17
55.40026,26.11
57.31026,21.79
58.20026,16.86
56.50026,12.62
54.50026,9.750005
55.55026,8.190004
58.50026,7.060005
61.60026,6.280005
64.10027,5.260005
65.55026,3.760005
66.10027,2.070005
65.85027,0.2100049
65.10027,-1.459995
63.80026,-2.169995
62.40026,-2.279995
61.85026,-2.829995
61.70026,-4.089995
60.65026,-5.719995
58.40026,-7.369995
56.30026,-9.109995
54.90026,-10.74
53.65026,-11.87
51.90026,-12.34999
49.70026,-11.89999
47.10026,-10.7
44.35026,-8.969995
42.30026,-7.389995
40.80026,-6.169995
39.20026,-4.779995
36.70026,-2.809995
33.70026,-0.6999951
31.60026,0.6300049
30.70026,0.8700049
30.60026,0.6700048
5.350264,20.58
8.220263,23.67
11.65026,24.52
15.60026,23.7
19.55026,21.91
22.40026,18.83
24.40026,15.02
26.56026,10.53
28.35026,5.260005
28.16026,-0.7999951
26.55026,-6.799995
24.96026,-11.87999
24.05026,-15.77999
22.58026,-18.16999
20.40026,-20.26999
19.33026,-23.05
19.75026,-25.88999
20.57026,-27.18999
20.75026,-26.13
21.24026,-22.15999
23.30026,-16.88
25.79026,-10.66
27.45026,-3.829995
28.91026,5.170005
31.35026,14.51
35.34026,21.81001
39.25026,29.16
42.21026,36.55
44.50026,41.28
44.85026,41.05
44.60026,39.15001
45.40026,36.78
47.25026,33.90001
49.45026,30.37
51.25026,26.55
52.98026,22.05
54.00026,17.48001
52.95026,14.23
52.05026,12.13
53.65026,10.48
56.15026,8.940004
57.93026,7.610005
58.80026,6.240005
58.73026,4.890005
58.25026,3.620005
57.95026,2.310005
57.95026,0.8100049
58.05026,-1.019995
57.85026,-3.129995
57.30026,-5.229995
56.05026,-6.869995
53.58026,-7.819995
50.85026,-8.639995
48.83026,-9.919995
47.50026,-11.43999
46.50026,-12.91
45.85026,-14.26999
44.80026,-15.08
43.00026,-14.95
40.82026,-13.84999
38.70026,-12.54
36.17026,-10.87
33.45026,-8.539995
30.92026,-5.819995
28.75026,-3.339995
27.75026,-1.759995
27.40026,-1.049995
26.55026,-0.7099951
10.20026,23.24
13.00026,27.01
15.40026,26.6
18.25026,24.61
22.20026,22.87
26.05026,20.45
28.60026,16.53
30.06026,11.09
31.50026,5.200005
32.21026,-1.129995
31.20026,-7.459995
28.51026,-12.49
26.90026,-15.88999
26.55026,-17.56999
25.40026,-18.57999
23.50026,-19.83999
22.40026,-21.68999
23.25026,-23.50999
24.80026,-23.35999
26.49026,-18.95
28.70026,-12.17999
31.09026,-4.449995
32.70026,3.290005
33.59026,10.65
34.90026,17.11
37.34026,25.4
39.60026,35.67001
41.34026,42.8
42.20026,43.92001
40.55026,41.05
39.30026,39.04
40.90026,36.78
42.40026,33.12
42.66026,28.39001
43.10026,23.6
44.45026,19.61
45.50026,16.93
45.55026,15.63
45.70026,14.24
46.85026,11.93001
48.20026,9.560004
49.35026,7.770005
50.30026,6.470005
50.90026,5.560005
51.30026,4.420005
51.80026,2.510005
52.50026,-0.06999511
53.25026,-3.229995
53.20026,-6.219995
51.70026,-8.139995
49.20026,-9.199995
46.25026,-9.839994
43.70026,-10.47999
41.65026,-11.02999
40.00026,-11.66
39.10026,-13.08999
39.10026,-15.25999
38.70026,-17.23999
37.50026,-18.06
35.80026,-17.51999
33.80026,-16.43999
30.90026,-14.46
28.00026,-11.55999
25.65026,-8.439995
24.10026,-5.609995
23.40026,-3.479995
23.20026,-2.329995
22.40026,-2.299995
16.35026,25.13
18.75026,28.77
20.85026,28.05
22.90026,24.95
25.75026,22.03
29.05026,19.82
32.15026,16.93
33.93026,11.96
34.45026,5.970005
34.63026,-0.3699951
34.35026,-6.909995
32.13026,-12.51999
29.75026,-16.27999
29.60026,-17.89999
30.25026,-18.55
29.40026,-18.57999
27.10026,-18.42999
25.40026,-18.35999
25.60026,-17.47
27.34026,-13.79
29.20026,-7.799995
30.71026,-0.1299951
31.40026,6.790005
31.84026,13.23
33.05026,21.99
35.11026,33.49001
36.05026,42.47001
36.85026,44.01
38.00026,42.08001
35.98026,40
33.55026,37.68
34.86026,33.23
36.50026,28.53
36.23026,23.79
36.30026,19.16
37.38026,16.43
38.50026,15.53
39.12026,15.4
39.70026,14.57
40.78026,12.58
42.20026,10.42
44.00026,8.980004
45.80026,8.180005
47.38026,7.200005
48.60026,5.160005
49.28026,1.790005
49.60026,-2.079995
49.35026,-5.609995
48.15026,-8.159995
46.20026,-9.529995
44.35026,-10.7
42.53026,-12.38999
40.40026,-13.96999
37.85026,-14.29
35.00026,-13.74
32.78026,-13.71999
31.35026,-14.89999
30.20026,-16.8
29.40026,-18.14999
28.67026,-18.24999
27.60026,-17.40999
25.90026,-15.42999
23.90026,-12.91999
21.67026,-10.13
19.85026,-7.009995
19.17026,-4.599995
19.40026,-3.899995
18.90026,-4.849995
23.20026,22.86
24.80026,26.37
27.00026,27.2
28.85026,25.04
30.70026,21.68
32.55026,18.68
35.30026,15.81
37.86026,11.52
38.30026,6.090005
37.21026,0.3700049
36.50026,-5.509995
35.06026,-11.22999
32.60026,-15.62999
31.80026,-18.05
33.00026,-19.46
34.15026,-19.72999
32.90026,-18.84999
29.35026,-16.81
26.10026,-14.25999
24.54026,-10.83
23.80026,-5.479995
23.94026,1.910005
25.20026,8.710005
27.04026,17.2
28.80026,29.23
30.24026,38.99001
30.80026,42.64
31.65026,41.3
33.10026,39.5
31.05026,37.66
28.00026,32.61
29.66026,26.49
32.30026,22.36
32.30026,18.86
32.30026,15.77
33.05026,15.12
33.80026,15.85
34.70026,16.5
36.20026,16.06001
38.35026,14.43
40.50026,12.66
41.85026,11.38
42.60026,10.12
43.45026,7.870005
44.30026,4.560005
44.45026,0.5800049
44.00026,-3.359995
42.95026,-6.659995
41.30026,-9.039995
40.25026,-10.5
40.00026,-12.13999
39.45026,-14.75
38.10026,-17.56
35.40026,-18.71
31.60026,-17.60999
27.40026,-15.37
23.90026,-14.39999
21.80026,-15.37
21.20026,-16.45
21.85026,-16.47
22.40026,-15.83999
21.80026,-15.12
20.00026,-14.16
17.34026,-11.50999
15.50026,-7.759995
15.65026,-5.809995
16.40026,-6.379995
15.50026,-8.279995
32.75026,20.35
33.32026,24.06001
34.75026,25.78
35.48026,24.28
36.10026,21.23001
37.08026,17.78
38.95026,14.21
41.23026,9.830005
41.70026,4.620005
39.96026,-0.5399951
38.30026,-5.179995
36.95026,-9.549994
35.25026,-13.41
34.33026,-16.40999
35.00026,-19.08999
36.68026,-21.00999
37.20026,-21.47
34.97026,-19.34999
30.90026,-15.92999
26.07026,-11.79999
22.10026,-5.719995
20.84026,2.200005
21.75026,9.920005
23.01026,20.58
24.05026,32.86
25.57026,38.96
26.55026,39.82
27.03026,38.74001
28.40026,36.6
27.73026,32.66
25.10026,25.28
26.53026,19.54
29.20026,17.21
29.03026,15.85
28.80026,15.13
28.90026,16.38
29.35026,17.72001
31.05026,18.27
33.50026,17.92
35.50026,16.75
36.35026,15.29
35.90026,13.24
35.55026,10.25
36.33026,6.370005
37.30026,2.430005
37.18026,-1.029995
36.20026,-3.949995
34.83026,-5.999995
33.50026,-7.399995
33.23026,-8.439995
33.60026,-9.969995
33.50026,-13.06999
33.10026,-17.64
31.63026,-21.47
28.15026,-21.59999
23.25026,-18.32999
18.85026,-15.83
16.32026,-15.21999
15.95026,-14.99
17.05026,-15.14999
17.70026,-16.02999
16.52026,-16.66999
14.35026,-15.29999
12.82026,-11.22999
12.60026,-7.879995
13.38026,-8.279995
13.35026,-10.29999
11.20026,-11.72999
40.50026,20.12
40.65026,24.14001
40.90026,25.33
39.90026,23.19
39.60026,20.17
40.50026,16.91
41.80026,13.21
43.21026,8.830005
43.50026,3.820005
41.66026,-1.229995
39.50026,-5.349995
38.05026,-8.439995
36.90026,-11.14999
36.50026,-13.80999
37.00026,-16.89
38.25026,-20.18999
39.40026,-22.60999
39.20026,-21.90999
37.50026,-18.76999
33.89026,-14.22999
29.50026,-7.899995
26.29026,0.2800049
24.30026,8.900004
22.33026,20.3
21.30026,31.69
22.00026,36.57
22.50026,37.16
23.15026,35.04
25.20026,31.13
26.10026,26.84
24.50026,20.81001
24.45026,15.81
25.90026,14.83
25.15026,15.01
24.20026,16.26
23.90026,17.44
24.90026,18.17
27.20026,19.08
28.80026,19.47001
28.90026,18.37
28.40026,16.18
28.00026,12.42
28.60026,7.750005
30.35026,3.300005
31.70026,-0.3199951
30.85026,-2.829995
28.90026,-4.139995
27.15026,-4.219995
26.20026,-4.339995
26.25026,-5.399995
26.40026,-7.249995
26.40026,-10.58999
26.50026,-16.22
25.76026,-22.3
23.20026,-24.45
19.20026,-22.2
15.10026,-19.32999
12.45026,-16.57999
11.80026,-14.70999
12.15026,-15.47999
11.70026,-17.35999
10.25026,-16.89
9.500263,-13.29999
10.15026,-9.539995
11.10026,-9.319995
10.80026,-11.95
8.800263,-13.25
5.550263,-12.62999
43.70026,21.73001
44.20026,24.46
44.05026,23.91
42.15026,21.14001
41.15026,18.16
41.68026,15.26
42.35026,11.98
42.70026,8.180005
42.45026,4.120005
41.18026,-0.1799951
39.55026,-4.269995
38.38026,-7.479995
37.70026,-9.989995
37.45026,-12.18999
37.75026,-14.71999
38.70026,-17.90999
39.65026,-21.23999
40.17026,-22.54
40.30026,-20.68999
40.17026,-16.14999
39.30026,-10.49
36.89026,-3.669995
33.15026,3.830005
27.79026,13.93
22.55026,25.13
19.92026,31.33
19.30026,32.28
20.83026,29.41
23.20026,25.23001
23.55026,21.76
22.55026,17.88
22.00026,14.86
21.55026,15.05
20.40026,16.39001
19.55026,17.91
19.85026,18.01
21.70026,19.87
22.67026,21.75
22.10026,21.27
21.78026,18.27
22.45026,14.67
23.73026,10.16
25.40026,5.420005
27.18026,1.560005
27.70026,-1.629995
25.58026,-3.829995
22.35026,-4.529995
20.57026,-4.049995
20.50026,-4.399995
20.90026,-6.269995
20.85026,-8.529995
20.70026,-11.52999
20.65026,-16.75999
19.68026,-23.08999
17.55026,-26.55999
14.60026,-25.95
11.45026,-22.84999
9.220263,-17.82999
8.250263,-14.37
7.700264,-14.64999
6.850264,-15.35999
6.620264,-13.33999
7.550263,-10.43999
8.750263,-10.62
8.550263,-13.34999
6.120264,-14.49
3.150264,-13
1.050264,-11.29999
44.80026,22.96
45.45026,22.95
45.00026,21.14001
43.35026,18.7
42.20026,15.9
42.05026,12.9
41.80026,9.830005
41.10026,6.550005
40.00026,3.330005
38.75026,0.1200049
37.70026,-3.259995
37.40026,-6.329995
37.60026,-8.719995
38.05026,-10.64999
38.40026,-12.71999
38.75026,-15.21999
39.50026,-18.33999
40.10026,-21.05999
40.40026,-20.91999
41.99026,-16.84999
44.40026,-11.83999
44.94026,-6.779995
42.50026,-1.639995
35.69026,5.540005
26.60026,15.8
19.59026,23.84
17.40026,25.68
18.55026,23.35
19.90026,20.53
19.55026,17.87
18.70026,15.04
18.25026,14.54
17.20026,15.86
16.25026,17.11
16.00026,19.2
17.10026,20.71
18.60026,24.04
17.90026,24.12
16.50026,20.68
17.20026,16.64001
19.10026,13.14
20.90026,9.130005
22.50026,5.060005
23.65026,1.910005
23.40026,-1.229995
20.75026,-4.359995
17.40026,-6.119995
16.25026,-6.439995
17.10026,-7.259995
17.65026,-8.849995
17.20026,-10.18999
16.50026,-11.7
16.00026,-15.52999
15.06026,-22.37
12.80026,-27.99999
10.05026,-28.58999
8.000263,-24.88999
7.140264,-18.73999
6.200264,-14.30999
4.950264,-13.42999
4.200264,-12.97999
4.550263,-11.62
5.600264,-11.64999
5.750264,-14.51999
3.800264,-16.66999
1.050264,-15
-0.1997363,-12.30999
0.00026367186,-11.22999
45.60026,19.55
45.23026,18.53
44.20026,17.36
43.30026,15.92
42.80026,13.62
41.90026,10.65
40.65026,7.650005
39.23026,4.660005
37.05026,1.800005
34.98026,-0.7399951
34.05026,-3.019995
34.63026,-4.889995
35.75026,-6.579995
37.30026,-8.609995
38.65026,-11
38.85026,-13.25999
39.05026,-15.45999
39.93026,-17.8
40.50026,-18.93999
41.50026,-16.81999
43.55026,-12.85999
45.40026,-8.359995
45.20026,-4.719995
40.50026,-1.449995
31.20026,5.290005
21.64026,14.51
17.75026,19.16
17.28026,18.22001
16.55026,16.43
15.68026,14.69
15.00026,13.09
14.67026,13.9
14.15026,15.69
13.12026,17.04
12.25026,22.06001
13.37026,24.84
14.40026,25.99
13.66026,22.32
13.15026,16.99
14.05026,13.94
15.55026,11.53
17.18026,8.700005
18.40026,5.820005
18.78026,3.420005
18.15026,0.7000049
16.55026,-2.969995
15.15026,-6.179995
15.50026,-7.899995
16.85026,-9.149995
17.05026,-10.5
16.15026,-11.33
14.95026,-10.96
13.55026,-11.83999
12.13026,-18.21
9.700263,-26.35999
7.200264,-29.00999
6.150263,-26.04
5.620264,-19.93999
4.350264,-14.54999
2.870264,-12.41
2.100264,-11.87
2.180264,-12.59999
2.400264,-14.80999
1.250264,-16.8
-0.7497363,-16.22
-0.9497363,-13.59999
0.2502637,-11.77999
0.00026367186,-11.12999
45.10026,14.14
44.00026,14.16
43.00026,13.59
42.80026,12.5
42.50026,11.02
41.05026,8.750005
39.10026,5.930005
36.70026,3.310005
33.60026,1.340005
31.25026,-0.3799951
31.00026,-2.119995
32.25026,-3.599995
33.60026,-5.309995
35.05026,-7.979995
36.60026,-10.96
37.05026,-13.25999
37.30026,-14.70999
38.65026,-15.67999
40.20026,-16.62
40.65026,-16.14999
40.70026,-13.58
41.45026,-9.809995
42.60026,-7.059995
41.40026,-6.659995
34.50026,-3.679995
24.64026,5.820005
19.80026,13.11
18.25026,13.03
15.90026,11.63
13.90026,11.23
12.70026,10.85
12.30026,12.03
11.60026,14
10.25026,16.04
8.500263,22.07
9.000263,25.76
10.30026,23.8
10.61026,18.28
10.90026,13.53
11.05026,11.51
11.30026,10.1
12.50026,8.410005
13.40026,6.580005
12.90026,4.930005
12.10026,3.150005
11.90026,0.3400049
12.60026,-3.029995
14.65026,-5.509995
16.60026,-7.349995
16.90026,-9.669995
16.50026,-12.00999
15.55026,-12.41
13.10026,-11.66
10.31026,-15.47999
8.000263,-23.10999
6.500264,-28.18999
5.200264,-26.98999
3.590264,-20.00999
2.300264,-12.96999
1.750264,-10.06999
1.300264,-9.939995
0.8502637,-12.56999
0.3002637,-15.72999
-0.6497363,-15.58
-0.5997363,-12.62999
1.650264,-10.17
3.200264,-9.279995
1.850264,-8.659995
41.55026,11.3
41.15026,11.69
40.50026,11.28
39.83026,10.78
39.05026,10
37.90026,7.800004
36.25026,4.510005
33.53026,1.970005
30.50026,0.9900048
29.58026,0.1800049
30.25026,-1.639995
31.03026,-3.669995
31.40026,-5.629995
31.80026,-8.359995
32.25026,-11.21999
32.88026,-13.37999
33.75026,-15.04
35.32026,-15.83
37.10026,-15.81999
37.80026,-14.83
37.20026,-13.25999
37.10026,-11.7
38.30026,-10.30999
38.63026,-10.46
34.35026,-9.069995
26.62026,-0.6099951
22.25026,6.960005
20.60026,7.070005
17.75026,6.250005
14.57026,7.260005
12.30026,7.640005
11.12026,8.620005
9.950263,10.57
7.970263,14.07
5.200264,20.67
4.750264,23.49
6.950264,19.51
8.930264,14.42
9.400264,10.99
8.650264,9.500005
7.150263,8.910005
7.400263,7.530005
8.100264,5.710005
8.100264,4.670005
8.350264,3.970005
9.430264,2.260005
11.10026,-0.4699951
13.50026,-2.719995
15.75026,-4.339995
16.43026,-6.509995
16.30026,-9.639995
16.18026,-12.88999
14.75026,-14.47999
11.48026,-16.08999
8.550263,-21.12
6.780263,-27.13
4.350264,-26.84999
2.170264,-17.97999
1.700264,-10.5
1.850264,-8.599995
1.650264,-8.589995
1.200264,-10.99
1.050264,-13.21999
2.100264,-10.96999
4.200264,-6.719995
6.550263,-4.529995
8.000263,-4.339995
9.100264,-4.199995
36.30026,10.13
35.45026,11.36
33.50026,12.6
32.25026,12.62
32.00026,11.04
32.40026,7.500005
32.10026,3.200005
30.30026,0.3700049
28.70026,-0.3099951
29.10026,-0.5599951
29.60026,-1.959995
28.60026,-3.429995
27.90026,-4.609995
27.95026,-7.149995
28.10026,-10.25999
28.65026,-12.33
29.70026,-14.04999
30.95026,-15.35999
32.30026,-15.43999
33.35026,-14.26999
33.80026,-13.49
34.15026,-13.56999
34.80026,-13.25999
34.75026,-13.62
32.10026,-13.01999
27.29026,-6.369995
24.30026,0.3500049
22.90026,1.300005
20.20026,1.600005
16.40026,3.240005
12.70026,3.800005
10.25026,4.960005
8.700263,7.110005
6.450264,11.36
2.700264,18.15001
1.400264,20.14001
4.300263,15.92
7.400263,11.49
8.200263,8.600005
6.650263,7.710005
4.600264,7.250005
4.100264,5.280005
4.700264,3.490005
5.900263,3.470005
7.600264,4.060005
9.900264,3.220005
12.40026,0.7000049
14.25026,-1.759995
16.00026,-3.069995
16.60026,-4.379995
16.20026,-6.859995
15.75026,-11.02999
15.20026,-15.12999
13.85026,-16.91999
12.10026,-19.15999
10.10026,-25.14999
7.000264,-26.98999
4.290264,-18.13
3.100264,-10.89999
2.350264,-9.939995
2.000264,-9.339995
2.300264,-9.499995
3.300264,-9.189995
5.400264,-5.649995
7.900263,-1.489995
10.40026,0.2200049
12.80026,0.3000049
16.70026,0.7600049
28.15026,11.47001
25.57026,14.53
23.70026,15.81
24.00026,13.74
25.35026,10.12
26.65026,5.860005
26.95026,1.650005
26.48026,-0.9399951
26.25026,-1.579995
26.40026,-1.369995
25.55026,-1.479995
24.00026,-1.649995
23.60026,-2.359995
24.23026,-5.269995
24.55026,-8.879995
24.83026,-10.51999
25.30026,-11.27999
25.90026,-12.42
26.85026,-13.37
28.35026,-13.35999
30.05026,-13.02999
31.30026,-13.00999
32.00026,-13.47999
31.73026,-15.38999
30.15026,-16.31999
27.54026,-11.33
25.90026,-4.909995
24.95026,-2.479995
22.70026,-1.559995
18.55026,-0.6699951
13.45026,-0.3099951
9.750263,1.560005
8.350264,4.100005
6.670263,7.870005
3.000264,14.28
1.530264,16.91
3.650264,14.29
5.700264,11.02
6.400263,8.590005
5.320263,8.030005
3.900264,7.500005
3.650264,4.990005
4.350264,3.330005
5.670264,3.830005
6.650263,4.580005
9.200263,4.080005
12.80026,2.000005
14.50026,-0.7999951
15.25026,-2.629995
16.40026,-3.969995
17.50026,-5.419995
17.58026,-8.409995
16.95026,-12.71
16.70026,-14.80999
16.30026,-14.74
14.96026,-19.73999
13.00026,-26.30999
9.790263,-22.13
6.900263,-14.54999
5.170264,-11.96
4.600264,-10.59999
5.700264,-8.659995
7.250264,-5.719995
9.350264,-1.329995
12.55026,2.160005
16.47026,3.390005
20.10026,4.120005
24.15026,5.880005
18.30026,14.04
16.75026,16.65001
17.30026,15.57
18.95026,11.78
20.30026,7.370005
20.95026,3.360005
21.20026,-0.08999512
21.20026,-2.029995
21.20026,-2.309995
20.75026,-1.629995
20.00026,-0.9699951
20.00026,-0.9599951
21.10026,-1.839995
22.40026,-3.879995
23.00026,-6.289995
23.25026,-7.639995
23.10026,-8.509995
22.45026,-9.739995
22.50026,-11.09999
23.65026,-11.67999
25.20026,-11.38999
26.70026,-11.52999
28.10026,-13.27999
28.95026,-16.87
28.60026,-18.77999
27.45026,-14.26999
26.70026,-7.669995
26.00026,-4.659995
24.10026,-4.229995
20.05026,-4.509995
14.30026,-4.149995
10.05026,-1.459995
9.000263,1.490005
8.100264,4.590005
5.000264,10.18001
3.400264,14.2
4.400264,14.04
5.100264,12.18001
4.800263,10.45
4.700264,9.900004
4.700264,9.230004
4.850264,6.820005
5.100264,5.110005
5.100264,4.660005
4.300263,3.400005
5.450264,1.580005
9.600264,0.3600049
12.40026,-0.5099951
13.80026,-0.9799951
16.60026,-1.609995
19.80026,-2.959995
21.15026,-6.449995
21.30026,-10.26999
20.50026,-13
18.80026,-12.55999
16.20026,-14.51999
14.50026,-22.80999
12.10026,-24.91999
10.10026,-18.40999
9.500263,-13.13999
9.500263,-10.50999
10.65026,-7.749995
11.90026,-3.729995
13.90026,1.450005
17.50026,5.420005
22.00026,7.260005
25.50026,8.820004
28.40026,11.3
11.85026,12.69
11.25026,13.39
11.75026,11.79
12.98026,9.370005
13.05026,5.890005
13.83026,2.540005
15.90026,-1.159995
16.50026,-3.539995
15.85026,-2.909995
15.65026,-1.549995
16.45026,-1.149995
18.02026,-1.359995
19.80026,-1.409995
21.12026,-1.059995
22.05026,-1.609995
23.13026,-3.899995
23.70026,-6.739995
22.73026,-9.229995
21.65026,-11.2
21.30026,-11.96
20.85026,-11.83999
21.05026,-12.62
22.60026,-15.02999
24.75026,-18.35999
25.80026,-19.54
25.82026,-15.09999
25.80026,-9.429995
24.95026,-7.079995
22.95026,-6.839995
20.00026,-7.269995
15.50026,-6.669995
11.45026,-3.659995
10.30026,-0.8199951
9.950263,1.740005
8.250263,6.260005
6.370264,10.52
5.750264,12.2
5.150264,11.53
3.600264,9.570004
2.500264,8.230004
2.800264,7.290005
3.880264,5.500005
4.650264,4.340005
4.920264,4.740005
4.950264,4.690005
5.500264,2.660005
8.450263,1.150005
12.40026,2.730005
15.40026,5.280005
18.15026,5.250005
20.70026,1.790005
22.70026,-3.529995
23.80026,-7.199995
22.98026,-11.41
21.15026,-13.95
17.30026,-15.14999
13.80026,-19.96
11.52026,-23.73999
10.90026,-20.02999
12.47026,-14.30999
14.30026,-11.04999
15.70026,-8.519995
16.20026,-4.539995
16.77026,1.480005
18.85026,6.940005
22.00026,10.14001
24.45026,12.39
27.22026,15.16
11.00026,9.890005
9.300263,10.12
8.100264,8.870005
8.100264,6.680005
6.300263,3.820005
7.550263,1.960005
12.30026,-1.599995
13.45026,-4.519995
12.60026,-3.189995
13.30026,-1.309995
14.80026,-1.109995
16.15026,-0.9099951
16.90026,0.1800049
17.25026,1.690005
18.00026,1.700005
20.15026,-0.9599951
22.60026,-4.399995
23.35026,-7.539995
22.80026,-10.33
21.45026,-11.79999
18.90026,-12.25
16.80026,-13.81999
16.80026,-16.77999
19.15026,-19.25999
21.40026,-19.18999
22.75026,-15.21999
23.30026,-11.04
22.10026,-9.079995
20.30026,-8.339995
19.05026,-8.569995
16.30026,-7.819995
13.05026,-4.999995
12.20026,-3.089995
12.65026,-1.369995
12.10026,2.650005
9.850264,6.430005
7.300263,8.150004
4.950264,8.450005
2.300264,7.250005
0.2002637,5.640005
0.1002637,4.550005
2.100264,3.800005
4.500264,4.160005
6.850264,7.320005
8.300263,11.02
8.850264,11.81
10.20026,10.19
12.45026,9.520004
14.30026,10.99
15.95026,9.600004
18.60026,5.620005
21.60026,1.200005
23.00026,-3.359995
22.80026,-8.889995
23.20026,-13.46
21.90026,-16.64
18.60026,-19.82999
15.20026,-22.32999
12.70026,-19.64
13.40026,-14.34999
16.00026,-11.21999
18.40026,-8.739995
19.30026,-4.489995
18.80026,1.780005
19.10026,7.500005
21.05026,10.85
23.50026,13.56
27.30026,17.19
11.95026,10.2
9.680264,10.21
8.350264,8.180005
7.830264,4.440005
5.500264,0.8700049
6.370264,-0.1299951
10.40026,-1.499995
11.60026,-2.719995
12.35026,-1.739995
14.50026,-0.6799951
16.25026,-0.4299951
16.85026,0.1400049
16.40026,1.220005
15.77026,1.980005
16.10026,1.430005
17.95026,-0.5899951
20.55026,-2.779995
22.65026,-4.769995
23.55026,-6.929995
23.03026,-8.639995
21.35026,-9.669995
18.88026,-11.75
17.05026,-15.09999
17.52026,-17.09999
19.50026,-16.2
21.25026,-13.14999
21.30026,-10.76999
19.67026,-9.599995
18.20026,-8.979995
17.40026,-8.849995
15.15026,-7.489995
12.87026,-4.829995
12.20026,-3.679995
13.10026,-2.389995
13.80026,1.370005
11.62026,4.190005
8.300263,4.520005
4.750264,5.110005
1.600264,5.500005
-0.1497363,4.910005
0.1002637,4.790005
2.550264,5.960005
6.150263,8.020004
9.150264,11.21
9.800263,14.86
8.250263,16.26
7.900263,14.87
9.400264,12.82
10.65026,12.36
12.45026,9.670005
16.50026,7.080005
20.25026,3.730005
22.15026,-1.129995
22.05026,-5.229995
22.85026,-9.749995
24.18026,-14.54
24.30026,-19.15999
22.90026,-22.43999
18.80026,-21.38
16.12026,-15.64999
16.60026,-10.33
18.20026,-5.599995
19.45026,-0.8799951
19.97026,3.750005
20.50026,7.900005
22.10026,11.14
24.65026,14.75
28.37026,18.61
9.500263,10.36
8.150264,9.150004
7.500264,6.520005
7.900263,3.130005
7.800263,0.03000488
8.800263,-0.7099951
11.00026,-0.01999512
12.65026,0.9600049
15.10026,1.670005
18.05026,2.050005
20.20026,2.400005
20.90026,2.610005
20.20026,2.500005
19.15026,1.560005
18.90026,-0.02999512
19.75026,-1.789995
21.10026,-3.219995
22.85026,-4.289995
24.20026,-5.509995
24.60026,-7.019995
24.80026,-8.319995
24.50026,-9.909995
23.50026,-12.17999
22.90026,-13.37999
23.50026,-12.49
23.95026,-10.88
22.40026,-10.31999
19.85026,-10.41
17.60026,-10.17999
15.80026,-9.149995
13.50026,-7.379995
11.50026,-5.819995
9.300263,-4.839995
8.100264,-2.609995
9.100264,1.000005
8.800263,2.680005
7.100264,1.990005
4.500264,2.650005
2.600264,4.420005
2.400264,5.410005
3.100264,6.590005
4.400264,8.560004
6.500264,10.6
9.000263,12.44
9.300263,13.92
7.050263,14.61
6.000264,14.44
8.650264,13.99
11.60026,14.25
13.05026,11.97001
15.70026,8.240005
18.50026,3.780005
20.70026,0.3200049
21.20026,-2.579995
21.40026,-7.659995
22.20026,-13.00999
23.50026,-18.07999
25.60026,-20.97
24.50026,-22.89999
21.30026,-18.67999
19.20026,-11.25999
18.40026,-3.959995
18.70026,0.8200049
20.30026,3.720005
22.20026,7.310005
24.25026,11.92
26.70026,16.41
29.25026,18.86
6.000264,8.320004
5.830264,6.380005
5.350264,4.120005
5.920264,2.820005
7.500264,2.140005
9.800263,2.230005
12.35026,2.920005
14.82026,3.650005
17.50026,4.000005
19.97026,4.320005
21.90026,4.410005
22.80026,3.510005
22.80026,1.830005
22.50026,-0.3499951
22.40026,-2.479995
22.63026,-4.019995
23.05026,-5.089995
24.12026,-5.959995
25.25026,-7.059995
25.55026,-8.529995
25.80026,-9.999995
26.42026,-11.10999
26.90026,-12.08999
27.07026,-12.49
27.40026,-12.06999
26.82026,-11.47999
24.85026,-11.52999
22.17026,-12.18999
19.05026,-12.27999
16.25026,-10.55999
14.50026,-8.919995
13.65026,-9.469995
10.95026,-9.819995
6.100264,-7.069995
3.750264,-2.929995
4.800263,-0.4899951
6.150263,-0.01999512
6.020264,1.170005
5.850264,3.420005
6.600264,5.310005
7.400263,7.090005
7.250264,8.740005
7.200264,9.960005
8.850264,11.19
10.40026,12.65
9.270264,14.51
7.600264,15.65
9.850264,15.69
13.10026,15.69
13.43026,13.23
13.55026,8.860004
14.63026,4.300005
15.70026,1.130005
16.70026,-1.719995
18.65026,-6.999995
19.23026,-12.00999
19.90026,-15.42999
22.30026,-16.55
24.60026,-19.33999
25.00026,-19.40999
23.75026,-14.58999
21.62026,-6.519995
20.60026,-0.9499951
21.55026,1.320005
23.70026,4.640005
26.25026,10.13
28.50026,14.98
30.35026,17.26
3.200264,5.550005
3.200264,3.800005
2.800264,2.610005
3.500264,2.900005
5.800263,3.660005
8.950263,3.950005
12.00026,3.720005
14.40026,3.350005
16.70026,3.170005
18.85026,3.010005
20.50026,2.120005
21.55026,0.01000488
22.60026,-2.229995
23.50026,-3.939995
23.90026,-5.439995
23.55026,-6.539995
23.40026,-7.189995
24.15026,-7.899995
25.20026,-8.999995
25.60026,-10.43999
25.90026,-11.96
26.20026,-13.06999
26.60026,-13.79999
27.10026,-14.01999
27.60026,-13.84999
27.35026,-13.59999
26.30026,-13.49
24.45026,-14
21.40026,-14.49
18.35026,-13.00999
17.10026,-11.13999
17.25026,-11.92
15.70026,-13.26999
10.55026,-11.58999
6.400263,-8.009995
6.950264,-4.599995
9.300263,-2.089995
10.35026,0.2500049
10.60026,2.630005
10.80026,4.480005
11.10026,6.120005
10.60026,7.640005
9.700263,8.810004
10.25026,9.610004
12.20026,11.29
11.85026,15.08
9.600264,17.98001
10.20026,17.92
11.60026,15.74
11.60026,12.11
11.90026,9.720005
12.15026,6.040005
11.10026,1.350005
11.95026,-1.639995
15.00026,-6.579995
16.20026,-11.14999
15.90026,-12.39999
17.75026,-12.75
21.10026,-14.64999
25.30026,-17.39
26.30026,-16.79
24.55026,-9.389995
23.70026,-3.359995
24.20026,-1.499995
25.70026,1.280005
28.05026,7.120005
30.30026,12.59
31.50026,15.59
0.8502637,2.930005
0.9702637,2.180005
1.450264,2.080005
3.350264,2.840005
6.300263,3.680005
8.970263,4.040005
10.40026,4.150005
10.57026,4.480005
11.25026,4.600005
12.75026,3.520005
14.60026,1.220005
16.92026,-1.609995
19.35026,-3.729995
21.27026,-4.969995
22.20026,-6.399995
22.15026,-7.919995
22.20026,-8.839995
23.15026,-9.469995
24.35026,-10.42999
25.12026,-11.7
26.05026,-13.04
26.87026,-14.25
27.35026,-15.49
27.72026,-16.42999
28.25026,-16.56999
28.27026,-16.15999
27.25026,-15.58999
25.37026,-15.24
22.90026,-15.52999
20.25026,-15.12999
19.15026,-13.79
19.50026,-13.74
18.70026,-14.62
15.90026,-13.58
13.70026,-10.96999
13.75026,-7.769995
15.00026,-4.289995
15.72026,-1.009995
15.65026,1.620005
15.27026,3.480005
14.65026,4.940005
13.47026,6.250005
12.50026,7.510005
13.00026,8.430005
14.40026,10.34
12.92026,15.09
10.05026,19.11
8.300263,18.90001
8.000263,14.49
9.570264,11.91
11.35026,11.91
11.18026,7.680005
9.200263,2.820005
8.830263,-0.5099951
10.55026,-5.459995
12.32026,-9.859995
13.40026,-11.74
15.47026,-12.77999
18.20026,-13.62999
21.35026,-15.25
23.15026,-15.09999
24.15026,-9.269995
25.80026,-3.759995
27.12026,-0.4899951
28.30026,3.430005
29.90026,8.450005
31.10026,12.18001
30.45026,13.6
-0.3997363,1.870005
0.2502637,2.310005
1.700264,2.650005
4.100264,3.250005
6.600264,4.420005
7.450264,5.880005
5.800263,7.260005
3.600264,8.130005
2.900264,8.070004
3.900264,6.510005
6.300263,4.220005
10.00026,1.970005
13.80026,0.06000488
16.65026,-1.879995
18.40026,-4.269995
19.25026,-6.659995
20.10026,-8.129995
21.35026,-8.729995
22.60026,-9.479995
23.50026,-10.67
24.60026,-11.97999
26.05026,-13.29999
27.20026,-14.96999
28.10026,-16.92999
28.90026,-17.98999
29.20026,-17.81999
28.20026,-17.13
26.05026,-16.22
23.80026,-15.96999
21.75026,-16.16999
20.70026,-15.5
20.85026,-15.00999
20.60026,-15.60999
19.45026,-15.31999
18.80026,-13.54999
18.80026,-10.75999
19.30026,-7.229995
19.65026,-3.669995
19.50026,-0.7499951
19.10026,1.780005
18.00026,3.970005
15.80026,5.200005
14.50026,6.370005
15.85026,7.920005
16.70026,10.2
13.40026,14.1
10.30026,17.46
6.900263,17.94
6.100264,14.17
7.150263,13.36
8.600264,12.33
9.200263,7.860005
7.800263,4.120005
5.650263,0.7100049
5.000264,-3.579995
6.400263,-6.579995
9.200263,-9.029995
13.30026,-11.25
16.40026,-11.91
18.40026,-11.71
20.80026,-10.29999
23.40026,-5.369995
25.50026,-0.02999512
26.60026,4.310005
27.40026,7.840005
27.40026,9.470005
26.10026,10.08
23.55026,11.68001
-0.4997363,2.290005
0.4502636,3.420005
1.400264,3.850005
2.270264,4.360005
3.300264,5.600005
2.600264,7.150005
-0.04973633,8.230004
-1.749736,8.500005
-1.599736,8.410005
-0.1297363,8.390005
2.500264,8.440004
6.470263,7.680005
10.70026,5.780005
13.87026,2.990005
15.90026,0.03000488
16.90026,-2.369995
17.65026,-3.899995
18.57026,-4.819995
19.45026,-5.959995
20.00026,-7.529995
20.50026,-9.169995
21.32026,-10.62
22.45026,-12.17999
24.00026,-14.35999
25.90026,-16.37
27.42026,-17.18999
27.75026,-17.17999
26.55026,-16.52999
25.20026,-16.08999
23.85026,-16.35999
22.55026,-16.06
21.72026,-14.87999
21.20026,-14.58999
21.05026,-14.95
21.15026,-14.39999
21.22026,-12.63999
21.65026,-10.09999
22.00026,-7.129995
21.90026,-4.219995
21.43026,-0.7999951
20.20026,2.660005
18.22026,4.380005
16.70026,5.130005
17.47026,6.930005
17.20026,9.860004
13.72026,12.78
12.35026,15.31
8.370263,17.82001
6.400263,15.32
5.600264,12.63
6.750264,9.720005
8.000263,7.080005
7.000264,4.790005
3.700264,1.770005
1.150264,-1.269995
1.550264,-2.789995
4.100264,-4.619995
7.470263,-6.639995
9.850264,-6.959995
12.12026,-6.219995
15.35026,-4.679995
17.48026,-1.019995
17.95026,2.650005
17.82026,4.850005
17.80026,6.380005
16.82026,7.610005
15.30026,9.530005
14.58026,13.49
0.00026367186,2.570005
1.000264,3.690005
0.4002637,4.530005
-0.7997363,5.470005
-0.6997363,6.500005
-1.099736,7.310005
-2.499736,7.900005
-2.849736,8.510005
-1.999736,9.570004
-0.7497363,11.38
1.100264,13.08
3.850264,13.08
6.300263,11.59
8.250263,8.710005
10.90026,4.710005
13.65026,1.090005
15.40026,-1.359995
16.40026,-3.089995
16.80026,-4.679995
17.00026,-6.279995
17.30026,-7.769995
17.70026,-9.039995
18.40026,-10.27999
19.60026,-12.04999
21.50026,-14.16999
23.65026,-15.84999
25.00026,-16.66999
25.20026,-16.23999
25.40026,-15.45999
25.45026,-15.72999
24.70026,-16.23999
23.15026,-15.25999
22.00026,-14.01999
22.10026,-13.79999
22.50026,-13.42999
22.75026,-12.33
23.40026,-10.91
23.85026,-8.969995
23.70026,-6.479995
22.75026,-3.009995
21.60026,1.020005
21.00026,3.590005
20.00026,4.150005
18.45026,4.940005
16.20026,7.650005
13.95026,10.58
13.80026,13.43
9.850264,17.1
7.300263,15.48
5.200264,10.43001
5.800263,6.170005
7.350264,5.360005
6.800263,4.030005
4.100264,2.410005
1.300264,0.4100049
1.500264,-0.9099951
3.200264,-2.289995
3.750264,-3.549995
4.100264,-3.729995
6.100264,-3.309995
8.700263,-2.369995
9.500263,-0.1799951
8.900264,1.960005
7.900263,3.650005
7.000264,6.430005
6.700264,10.21
6.800263,13.39
7.350264,15.93
1.300264,3.040005
2.320264,3.790005
0.7502636,4.650005
-2.019736,5.830005
-2.549736,6.800005
-2.149736,7.660005
-2.549736,9.090005
-2.319736,11.18001
-1.549736,13.15
-1.699736,14.68
-1.899736,15.91
-0.9797363,16.7
-0.7497363,17.5
-1.729736,16.42
0.1002637,11.01
5.850264,3.850005
10.55026,-1.139995
11.92026,-3.729995
11.85026,-5.109995
12.50026,-5.989995
14.05026,-6.909995
15.62026,-7.839995
16.95026,-8.859995
17.80026,-10.12
18.70026,-11.88999
20.20026,-14.51999
21.85026,-16.98999
22.92026,-17.09999
23.70026,-15.50999
24.82026,-14.62
25.60026,-14.95999
25.07026,-14.93999
24.40026,-14.25
24.25026,-13.58
24.30026,-12.71999
24.63026,-11.50999
25.30026,-10.33
25.40026,-8.669995
25.10026,-6.529995
24.00026,-3.999995
22.75026,-0.6599951
23.00026,2.660005
22.55026,3.830005
20.15026,3.500005
18.10026,5.130005
16.85026,8.360004
15.20026,11.38
11.23026,15.65
9.000263,15.26
6.120264,8.740005
5.800263,3.880005
7.000264,3.400005
6.900263,2.210005
5.350264,1.700005
3.500264,1.020005
4.320263,0.5200049
5.300263,-0.6299951
3.820264,-2.579995
2.850264,-3.219995
4.230264,-2.249995
5.550263,-0.9899951
5.000264,0.5700049
3.400264,2.680005
1.930264,6.180005
1.250264,11.02
1.050264,14.57
0.2502637,15.54
-0.7997363,16.78
2.000264,4.210005
3.200264,4.880005
1.800264,5.100005
-1.649736,5.620005
-2.999736,6.460005
-2.499736,7.820005
-2.299736,10.26
-2.049736,13.44
-1.899736,15.85
-3.349736,16.87
-4.799736,17.46
-3.799736,18.22001
-2.799736,19.91
-5.749736,20.66
-7.799736,15.88
-2.449736,6.780005
4.400264,-0.4299951
7.300263,-4.019995
7.600264,-5.099995
8.350264,-4.529995
10.30026,-3.979995
12.70026,-4.549995
15.00026,-6.069995
16.50026,-7.689995
17.50026,-9.169995
18.50026,-11.95
20.10026,-15.75999
21.95026,-17.49999
23.20026,-16.31999
24.25026,-14.2
25.30026,-13.02999
26.05026,-12.83999
26.50026,-12.85999
26.50026,-12.74
26.40026,-12.24
27.00026,-11.38999
27.70026,-10.35999
27.25026,-8.569995
26.80026,-6.259995
26.05026,-4.329995
24.60026,-2.149995
24.25026,0.9600049
24.10026,3.180005
23.10026,3.680005
22.40026,5.080005
20.30026,7.870005
16.90026,10.35
12.65026,14.82
9.600264,13.76
7.450264,7.510005
6.200264,3.040005
7.050263,2.160005
7.200264,0.4500049
6.000264,-0.3699951
4.900264,0.1300049
5.750264,1.190005
5.800263,0.3900049
3.550264,-2.499995
2.400264,-2.899995
3.350264,-0.1499951
3.700264,1.820005
1.900264,2.450005
-0.7997363,3.910005
-2.049736,7.960005
-2.299736,13.44
-3.249736,16.03
-5.499736,15.87
-6.349736,17.81001
2.200264,4.270005
2.800264,5.290005
2.000264,5.160005
-1.179736,5.130005
-2.849736,6.130005
-2.199736,7.930005
-2.099736,10.48
-2.999736,13.72001
-3.899736,16.53
-5.549736,18.2
-6.899736,18.89001
-5.429736,18.47001
-2.899736,18.62
-5.699736,20.02
-11.59974,18.26
-9.979736,11.51
-2.949736,4.450005
3.100264,-0.3299951
6.450264,-2.029995
7.480264,-0.08999512
8.250263,2.360005
10.12026,2.270005
12.90026,-0.2599951
15.75026,-3.779995
18.05026,-6.469995
19.35026,-8.629995
20.45026,-11.5
22.15026,-13.96999
23.95026,-14.62999
25.05026,-13.56999
25.60026,-12.22999
26.17026,-11.58
27.00026,-11.67
27.02026,-11.91
27.00026,-11.67999
28.23026,-10.99
29.45026,-10.08
28.90026,-8.379995
28.40026,-5.929995
28.18026,-3.949995
26.95026,-2.639995
26.15026,-0.4099951
26.05026,2.360005
24.78026,4.300005
23.00026,5.760005
19.68026,7.770005
17.15026,10.19
15.23026,14.33
10.20026,11.45
8.470263,5.460005
7.150263,2.030005
7.520264,0.3900049
7.950264,-1.749995
6.370264,-3.079995
4.950264,-2.159995
5.420264,-0.5099951
5.300263,-2.019995
3.700264,-5.059995
2.950264,-3.249995
2.530264,2.010005
0.9502637,3.700005
-1.599736,2.410005
-4.049736,2.780005
-4.949736,6.980005
-5.049736,12.84
-5.669736,15.8
-7.199736,16.32001
-7.319736,18.33
3.200264,2.860005
2.700264,3.970005
1.800264,4.200005
-0.9997363,4.710005
-2.799736,6.360005
-2.049736,8.070004
-2.199736,9.920005
-4.199736,12.83
-5.799736,15.72
-7.049736,17.86
-8.299736,19.26
-7.599736,18.82
-5.399736,17.86
-7.299736,18.73001
-13.69974,19.23001
-15.54974,16.58
-11.19974,12.32
-4.699736,7.870005
0.7002637,5.130005
3.400264,5.700005
5.000264,7.240005
7.300263,7.070005
10.20026,4.990005
13.25026,1.340005
16.10026,-2.389995
18.10026,-5.059995
19.30026,-7.049995
20.55026,-8.659995
22.20026,-9.929995
23.45026,-10.60999
24.40026,-10.95
25.70026,-11.33999
27.20026,-11.72999
27.50026,-11.85999
27.20026,-11.50999
28.20026,-10.39999
29.40026,-8.769995
28.95026,-6.749995
28.40026,-4.559995
28.40026,-2.939995
27.70026,-2.029995
26.90026,-0.4099951
26.10026,1.800005
23.45026,3.650005
20.60026,5.100005
19.05026,7.450005
19.30026,10.72001
19.35026,13.98
11.80026,9.280005
8.450263,2.590005
8.100264,0.5500049
8.450263,-1.459995
8.800263,-3.839995
6.700264,-4.999995
4.500264,-3.959995
4.450264,-2.899995
4.400264,-5.579995
3.900264,-7.969995
3.300264,-3.849995
1.400264,2.400005
-1.799736,2.830005
-4.249736,0.4600049
-5.999736,1.350005
-7.149736,6.260005
-7.699736,11.84
-7.799736,14.87
-8.099736,16.1
-8.399736,18.12
4.400264,0.8700049
2.780264,1.380005
1.550264,2.510005
-0.7997363,4.380005
-2.299736,6.690005
-1.699736,7.810005
-1.849736,8.840005
-3.849736,11.54
-5.649736,14.04
-6.719736,15.83
-8.149736,18.27
-8.849736,19.35
-7.999736,17.96
-8.549736,16.58
-12.54974,16.74
-15.27974,16.66
-13.89974,15.3
-9.999736,12.86
-5.999736,10.19
-2.649736,8.430005
0.4502636,7.680005
3.670264,7.220005
6.750264,6.390005
9.700263,4.700005
12.40026,2.210005
14.17026,-0.7299951
15.25026,-3.359995
16.32026,-4.879995
17.80026,-5.829995
19.37026,-6.719995
21.10026,-7.539995
23.47026,-8.059995
26.00026,-8.109995
27.07026,-8.039995
27.10026,-7.929995
27.43026,-7.029995
28.20026,-5.519995
28.38026,-4.279995
28.35026,-3.509995
28.13026,-2.699995
27.10026,-1.669995
25.45026,-0.3799951
23.90026,0.8900049
22.30026,2.720005
21.45026,5.480005
22.15026,8.570004
22.50026,11.15
21.45026,12.11
13.75026,7.370005
7.070263,-0.09999511
7.550263,-0.9699951
8.220263,-2.909995
8.250263,-5.309995
6.800263,-6.139995
4.700264,-5.149995
3.250264,-4.799995
2.650264,-7.309995
3.030264,-8.329995
3.150264,-4.059995
1.230264,0.5300049
-2.499736,0.1500049
-5.729736,-1.219995
-8.249736,0.9200048
-10.16974,5.910005
-11.04974,11
-10.96974,14.03
-10.74974,15.25
-11.71974,16.77
