U,V
1.79,-1.37
1.76,-1.42
1.72,-1.46
1.68,-1.51
1.64,-1.55
1.6,-1.59
1.56,-1.63
1.51,-1.67
1.47,-1.71
1.42,-1.75
1.38,-1.79
1.33,-1.82
1.28,-1.86
1.23,-1.89
1.18,-1.92
1.13,-1.95
1.08,-1.98
1.03,-2.01
0.98,-2.03
0.92,-2.06
0.87,-2.08
0.81,-2.1
0.76,-2.13
0.7,-2.14
0.65,-2.16
0.59,-2.18
0.53,-2.19
0.47,-2.21
0.42,-2.22
0.36,-2.23
0.3,-2.24
0.24,-2.24
0.18,-2.25
0.12,-2.25
0.06,-2.26
0,-2.26
-0.05,-2.26
-0.11,-2.25
-0.17,-2.25
-0.23,-2.24
-0.29,-2.24
-0.35,-2.23
-0.41,-2.22
-0.46,-2.21
-0.52,-2.2
-0.58,-2.18
-0.64,-2.16
-0.69,-2.15
-0.75,-2.13
-0.8,-2.11
-0.86,-2.09
-0.91,-2.06
-0.97,-2.04
-1.02,-2.01
-1.07,-1.99
-1.12,-1.96
-1.18,-1.93
-1.23,-1.89
-1.27,-1.86
-1.32,-1.83
-1.37,-1.79
-1.42,-1.76
-1.46,-1.72
-1.51,-1.68
-1.55,-1.64
-1.59,-1.6
-1.63,-1.56
-1.67,-1.51
5.4,-4.34
5.18,-4.45
5,-4.53
4.78,-4.62
4.55,-4.69
4.35,-4.76
4.15,-4.81
3.92,-4.85
3.7,-4.89
3.5,-4.92
3.3,-4.93
3.07,-4.94
2.85,-4.94
2.6,-4.93
2.4,-4.91
2.17,-4.89
2,-4.86
1.77,-4.82
1.6,-4.77
1.4,-4.71
1.2,-4.65
1.05,-4.59
0.85,-4.51
0.7,-4.43
0.5,-4.34
0.35,-4.26
0.15,-4.16
0.05,-4.06
-0.09999999,-3.95
-0.3,-3.85
-0.4,-3.74
-0.55,-3.63
-0.65,-3.5
-0.8,-3.39
-0.9,-3.26
-0.98,-3.14
-1.1,-3.01
-1.23,-2.88
-1.3,-2.75
-1.38,-2.62
-1.45,-2.48
-1.53,-2.35
-1.55,-2.22
-1.65,-2.08
-1.7,-1.95
-1.73,-1.82
-1.8,-1.68
-1.8,-1.55
-1.85,-1.41
-1.85,-1.28
-1.9,-1.15
-1.9,-1.02
-1.9,-0.9
-1.9,-0.77
-1.9,-0.64
-1.9,-0.52
-1.85,-0.41
-1.85,-0.29
-1.8,-0.17
-1.8,-0.06
-1.75,0.05
-1.75,0.15
-1.65,0.26
-1.63,0.36
-1.6,0.46
-1.53,0.55
-1.45,0.64
-1.43,0.73
9.099999,-7.58
8.7,-7.73
8.3,-7.86
7.9,-7.97
7.5,-8.059999
7.05,-8.13
6.7,-8.179999
6.25,-8.21
5.9,-8.22
5.45,-8.22
5,-8.2
4.65,-8.16
4.3,-8.099999
3.85,-8.03
3.5,-7.95
3.1,-7.85
2.7,-7.74
2.4,-7.61
2,-7.48
1.7,-7.33
1.4,-7.17
1.05,-7.01
0.7,-6.84
0.4,-6.66
0.2,-6.47
-0.09999999,-6.28
-0.4,-6.07
-0.6,-5.87
-0.9,-5.66
-1.1,-5.45
-1.3,-5.23
-1.5,-5.02
-1.7,-4.8
-1.85,-4.58
-2.1,-4.35
-2.25,-4.13
-2.4,-3.9
-2.5,-3.67
-2.6,-3.44
-2.75,-3.22
-2.8,-2.99
-2.95,-2.77
-3,-2.54
-3.1,-2.31
-3.2,-2.09
-3.2,-1.87
-3.2,-1.66
-3.3,-1.44
-3.3,-1.23
-3.3,-1.01
-3.3,-0.81
-3.3,-0.6
-3.3,-0.4
-3.25,-0.2
-3.2,-0.01
-3.2,0.18
-3.1,0.37
-3.1,0.56
-3,0.74
-2.95,0.91
-2.9,1.08
-2.8,1.25
-2.7,1.41
-2.6,1.57
-2.5,1.73
-2.4,1.88
-2.3,2.02
-2.15,2.17
12.7,-10.82
12.15,-11.05
11.55,-11.23
11,-11.39
10.35,-11.51
9.77,-11.6
9.2,-11.65
8.55,-11.67
7.95,-11.66
7.32,-11.62
6.75,-11.54
6.12,-11.45
5.5,-11.33
4.97,-11.18
4.4,-11.02
3.87,-10.84
3.3,-10.63
2.77,-10.41
2.25,-10.18
1.77,-9.929999
1.35,-9.67
0.87,-9.41
0.45,-9.13
0.02,-8.849999
-0.35,-8.559999
-0.73,-8.26
-1.05,-7.95
-1.4,-7.65
-1.7,-7.33
-2,-7.01
-2.3,-6.69
-2.55,-6.36
-2.75,-6.03
-3,-5.7
-3.2,-5.36
-3.4,-5.03
-3.55,-4.68
-3.7,-4.35
-3.85,-4.01
-3.9,-3.67
-4,-3.33
-4.08,-3
-4.1,-2.67
-4.15,-2.34
-4.15,-2.02
-4.15,-1.7
-4.1,-1.39
-4.08,-1.08
-4.05,-0.79
-3.98,-0.49
-3.9,-0.21
-3.78,0.07
-3.65,0.34
-3.55,0.6
-3.45,0.85
-3.28,1.09
-3.15,1.32
-2.98,1.54
-2.8,1.76
-2.63,1.97
-2.5,2.17
-2.3,2.35
-2.1,2.53
-1.93,2.7
-1.75,2.87
-1.55,3.02
-1.35,3.18
-1.18,3.32
15.9,-13.88
15.15,-14.21
14.5,-14.49
13.75,-14.72
13,-14.89
12.25,-15.02
11.4,-15.09
10.65,-15.11
9.9,-15.09
9.05,-15.02
8.3,-14.91
7.45,-14.77
6.7,-14.58
5.95,-14.37
5.2,-14.12
4.45,-13.86
3.7,-13.56
3.05,-13.25
2.4,-12.92
1.7,-12.57
1.1,-12.21
0.55,-11.84
0,-11.46
-0.5,-11.06
-1,-10.65
-1.45,-10.24
-1.8,-9.809999
-2.25,-9.38
-2.6,-8.929999
-2.95,-8.47
-3.3,-8
-3.55,-7.53
-3.8,-7.04
-4.05,-6.56
-4.2,-6.06
-4.45,-5.56
-4.6,-5.06
-4.7,-4.55
-4.8,-4.06
-4.8,-3.56
-4.9,-3.07
-4.9,-2.59
-4.8,-2.11
-4.8,-1.64
-4.7,-1.19
-4.55,-0.74
-4.5,-0.31
-4.35,0.11
-4.1,0.52
-3.95,0.91
-3.7,1.29
-3.5,1.65
-3.3,1.99
-3,2.32
-2.7,2.63
-2.5,2.92
-2.2,3.19
-1.9,3.45
-1.6,3.68
-1.3,3.9
-1,4.09
-0.7,4.28
-0.4,4.44
-0.09999999,4.58
0.2,4.71
0.5,4.83
0.8,4.93
1.1,5.02
17.95,-16.29
17.2,-16.77
16.5,-17.19
15.73,-17.54
14.95,-17.83
14.13,-18.05
13.3,-18.21
12.45,-18.3
11.55,-18.32
10.6,-18.28
9.7,-18.19
8.75,-18.03
7.8,-17.82
6.87,-17.57
6,-17.27
5.05,-16.94
4.2,-16.56
3.3,-16.16
2.5,-15.73
1.7,-15.28
1,-14.81
0.3,-14.32
-0.35,-13.81
-0.98,-13.28
-1.55,-12.72
-2.03,-12.16
-2.5,-11.57
-2.95,-10.96
-3.4,-10.33
-3.75,-9.679999
-4.15,-9.02
-4.45,-8.34
-4.7,-7.65
-4.93,-6.95
-5.15,-6.23
-5.3,-5.52
-5.4,-4.81
-5.45,-4.11
-5.5,-3.41
-5.45,-2.73
-5.35,-2.07
-5.25,-1.42
-5.1,-0.79
-4.93,-0.19
-4.7,0.4
-4.43,0.96
-4.2,1.49
-3.93,2.01
-3.65,2.49
-3.33,2.94
-3.05,3.37
-2.7,3.77
-2.4,4.14
-2.05,4.48
-1.7,4.8
-1.35,5.09
-1.05,5.35
-0.68,5.59
-0.35,5.81
0,6
0.35,6.17
0.75,6.32
1.05,6.45
1.45,6.55
1.85,6.64
2.17,6.71
2.55,6.76
2.9,6.8
19.3,-17.83
18.65,-18.5
18,-19.11
17.25,-19.64
16.5,-20.1
15.65,-20.48
14.9,-20.78
14,-21
13.1,-21.14
12.15,-21.2
11.1,-21.18
10.15,-21.08
9.099999,-20.9
8.05,-20.66
7,-20.34
5.95,-19.97
4.9,-19.54
3.9,-19.06
2.9,-18.54
2,-17.98
1.2,-17.39
0.35,-16.76
-0.4,-16.1
-1.1,-15.42
-1.8,-14.7
-2.35,-13.95
-2.9,-13.18
-3.45,-12.38
-3.9,-11.56
-4.35,-10.71
-4.7,-9.84
-5.1,-8.94
-5.4,-8.04
-5.65,-7.13
-5.9,-6.21
-6.05,-5.3
-6.1,-4.39
-6.1,-3.5
-6,-2.63
-5.95,-1.77
-5.7,-0.94
-5.5,-0.13
-5.2,0.66
-4.85,1.44
-4.5,2.18
-4.05,2.9
-3.7,3.58
-3.25,4.21
-2.8,4.79
-2.35,5.3
-2,5.74
-1.55,6.1
-1.2,6.4
-0.8,6.65
-0.4,6.85
-0.09999999,7.02
0.3,7.17
0.65,7.3
1,7.42
1.4,7.51
1.8,7.59
2.15,7.66
2.6,7.7
2.95,7.74
3.3,7.76
3.7,7.79
4,7.8
4.4,7.83
20.45,-18.03
19.9,-18.95
19.25,-19.81
18.58,-20.58
17.9,-21.26
17.15,-21.86
16.4,-22.37
15.58,-22.79
14.7,-23.11
13.8,-23.34
12.85,-23.48
11.8,-23.52
10.75,-23.46
9.65,-23.31
8.5,-23.07
7.4,-22.73
6.25,-22.31
5.17,-21.8
4.1,-21.22
3.07,-20.56
2.15,-19.84
1.22,-19.07
0.4,-18.25
-0.4,-17.4
-1.2,-16.5
-1.88,-15.58
-2.55,-14.62
-3.13,-13.65
-3.7,-12.65
-4.2,-11.63
-4.65,-10.59
-5.08,-9.54
-5.5,-8.47
-5.78,-7.4
-6,-6.33
-6.2,-5.27
-6.25,-4.21
-6.3,-3.18
-6.25,-2.14
-6.15,-1.12
-5.95,-0.11
-5.68,0.88
-5.4,1.88
-5.08,2.85
-4.65,3.79
-4.28,4.67
-3.85,5.47
-3.4,6.16
-2.9,6.75
-2.45,7.21
-1.95,7.56
-1.55,7.81
-1.15,8
-0.73,8.15
-0.3,8.27
0.07,8.389999
0.5,8.51
0.92,8.63
1.4,8.75
1.9,8.86
2.4,8.95
2.85,9.02
3.3,9.09
3.75,9.139999
4.2,9.2
4.62,9.24
5.1,9.28
5.52,9.309999
21.2,-17.17
20.75,-18.36
20.2,-19.47
19.7,-20.49
19.2,-21.42
18.6,-22.24
18,-22.98
17.3,-23.61
16.6,-24.16
15.8,-24.6
14.9,-24.95
14,-25.19
13,-25.33
11.85,-25.35
10.7,-25.27
9.5,-25.06
8.3,-24.74
7.15,-24.29
6,-23.73
4.9,-23.04
3.9,-22.25
2.9,-21.37
1.9,-20.4
1.1,-19.38
0.2,-18.3
-0.55,-17.2
-1.3,-16.07
-2,-14.92
-2.7,-13.76
-3.3,-12.59
-3.9,-11.41
-4.35,-10.22
-4.8,-9.04
-5.2,-7.86
-5.5,-6.69
-5.75,-5.53
-5.9,-4.39
-6,-3.25
-6,-2.11
-5.95,-0.95
-5.9,0.21
-5.75,1.41
-5.6,2.62
-5.4,3.83
-5.1,4.99
-4.8,6.05
-4.4,6.99
-3.95,7.75
-3.5,8.36
-3.05,8.79
-2.6,9.09
-2.15,9.27
-1.7,9.389999
-1.3,9.48
-0.9,9.55
-0.5,9.65
-0.09999999,9.76
0.35,9.929999
0.8,10.12
1.35,10.34
1.9,10.56
2.4,10.78
3,10.99
3.5,11.18
4.1,11.33
4.6,11.44
5.2,11.52
5.8,11.54
20.6,-14.86
20.53,-16.23
20.4,-17.56
20.2,-18.81
19.95,-20
19.68,-21.1
19.35,-22.12
18.98,-23.04
18.55,-23.88
18.08,-24.6
17.5,-25.23
16.78,-25.74
15.95,-26.12
14.97,-26.38
13.85,-26.51
12.7,-26.49
11.4,-26.34
10.17,-26.04
8.95,-25.6
7.7,-25.02
6.55,-24.31
5.47,-23.46
4.45,-22.51
3.45,-21.45
2.55,-20.3
1.65,-19.09
0.8,-17.83
-0.03,-16.54
-0.8,-15.22
-1.53,-13.89
-2.2,-12.57
-2.8,-11.26
-3.35,-9.96
-3.83,-8.7
-4.3,-7.46
-4.65,-6.26
-4.9,-5.06
-5.1,-3.87
-5.3,-2.66
-5.38,-1.4
-5.45,-0.07
-5.4,1.31
-5.35,2.75
-5.28,4.19
-5.1,5.57
-4.88,6.78
-4.55,7.8
-4.23,8.55
-3.85,9.08
-3.48,9.37
-3.15,9.54
-2.85,9.59
-2.55,9.62
-2.3,9.67
-2.05,9.78
-1.73,10.01
-1.35,10.34
-0.9,10.78
-0.35,11.27
0.2,11.75
0.8,12.17
1.4,12.5
2,12.73
2.52,12.87
3,12.96
3.52,12.99
4,13.01
4.52,13
19.6,-11.36
20,-12.85
20.3,-14.34
20.55,-15.82
20.6,-17.27
20.7,-18.67
20.7,-20.01
20.7,-21.28
20.6,-22.48
20.5,-23.57
20.3,-24.56
19.85,-25.4
19.3,-26.11
18.6,-26.63
17.7,-27.01
16.65,-27.19
15.5,-27.22
14.25,-27.07
13,-26.78
11.7,-26.35
10.4,-25.78
9.2,-25.09
8,-24.27
6.8,-23.31
5.7,-22.24
4.55,-21.05
3.5,-19.77
2.45,-18.4
1.5,-16.98
0.65,-15.54
-0.2,-14.08
-0.85,-12.64
-1.5,-11.23
-2.1,-9.86
-2.6,-8.53
-3.15,-7.24
-3.5,-5.96
-3.9,-4.68
-4.2,-3.36
-4.35,-1.96
-4.5,-0.47
-4.6,1.11
-4.6,2.75
-4.6,4.37
-4.6,5.9
-4.45,7.19
-4.3,8.19
-4.15,8.82
-4,9.179999
-3.85,9.27
-3.8,9.24
-3.65,9.16
-3.6,9.12
-3.45,9.22
-3.3,9.46
-3,9.91
-2.7,10.51
-2.25,11.22
-1.7,11.92
-1.2,12.53
-0.6,12.98
-0.05,13.23
0.4,13.34
0.85,13.34
1.2,13.3
1.55,13.27
1.9,13.27
2.2,13.31
18.7,-7.68
19.55,-9.139999
20.25,-10.65
20.95,-12.22
21.45,-13.8
21.9,-15.38
22.3,-16.95
22.58,-18.47
22.8,-19.95
22.9,-21.35
22.95,-22.68
22.9,-23.89
22.65,-25.01
22.28,-25.97
21.75,-26.79
20.98,-27.4
20.1,-27.82
19.07,-28
17.95,-27.98
16.75,-27.77
15.5,-27.4
14.17,-26.85
12.8,-26.17
11.37,-25.32
9.95,-24.31
8.57,-23.14
7.15,-21.82
5.82,-20.39
4.55,-18.88
3.47,-17.36
2.4,-15.84
1.52,-14.35
0.7,-12.89
-0.08,-11.47
-0.85,-10.06
-1.48,-8.66
-2.05,-7.25
-2.6,-5.83
-3.05,-4.35
-3.4,-2.81
-3.65,-1.18
-3.88,0.52
-4.05,2.27
-4.2,3.98
-4.3,5.57
-4.38,6.87
-4.45,7.86
-4.5,8.4
-4.55,8.639999
-4.62,8.599999
-4.7,8.5
-4.72,8.46
-4.65,8.57
-4.5,8.91
-4.35,9.42
-4.08,10.1
-3.75,10.87
-3.4,11.66
-3,12.39
-2.63,12.95
-2.2,13.33
-1.73,13.49
-1.35,13.5
-0.95,13.4
-0.65,13.31
-0.37,13.25
-0.2,13.25
-0.05,13.31
17.7,-4.35
18.7,-5.57
19.8,-6.91
20.85,-8.38
21.8,-9.95
22.7,-11.6
23.5,-13.31
24.2,-15.03
24.8,-16.74
25.2,-18.42
25.5,-20.04
25.65,-21.58
25.7,-23.07
25.55,-24.47
25.3,-25.78
24.8,-26.93
24.2,-27.89
23.4,-28.6
22.5,-29.1
21.45,-29.32
20.4,-29.33
19.1,-29.09
17.7,-28.62
16.2,-27.89
14.6,-26.92
12.95,-25.69
11.3,-24.28
9.8,-22.72
8.4,-21.12
7.05,-19.53
5.8,-17.99
4.6,-16.5
3.5,-15.04
2.35,-13.57
1.2,-12.06
0.25,-10.52
-0.6,-8.94
-1.4,-7.33
-2,-5.7
-2.55,-4.04
-3,-2.33
-3.4,-0.57
-3.8,1.24
-4.1,2.99
-4.4,4.63
-4.7,5.97
-4.9,6.97
-5.05,7.5
-5.1,7.67
-5.25,7.55
-5.4,7.4
-5.5,7.44
-5.5,7.76
-5.35,8.429999
-5.2,9.28
-4.9,10.22
-4.6,11.12
-4.4,11.89
-4.1,12.49
-3.9,12.87
-3.6,13.07
-3.25,13.14
-2.9,13.12
-2.45,13.1
-2.1,13.1
-1.8,13.15
-1.6,13.23
-1.6,13.31
16.2,-1.39
17.2,-2.35
18.3,-3.44
19.45,-4.66
20.65,-6.01
21.93,-7.51
23.15,-9.13
24.35,-10.86
25.45,-12.67
26.45,-14.53
27.3,-16.43
27.95,-18.31
28.4,-20.16
28.6,-21.93
28.55,-23.61
28.23,-25.16
27.7,-26.58
27,-27.81
26.15,-28.86
25.15,-29.66
24.05,-30.24
22.75,-30.52
21.35,-30.51
19.85,-30.14
18.25,-29.46
16.67,-28.44
15.1,-27.21
13.65,-25.81
12.25,-24.35
10.92,-22.9
9.55,-21.44
8.02,-19.96
6.45,-18.4
4.9,-16.73
3.4,-14.96
1.97,-13.11
0.8,-11.21
-0.18,-9.34
-1,-7.5
-1.65,-5.71
-2.2,-3.95
-2.78,-2.16
-3.25,-0.33
-3.78,1.52
-4.3,3.3
-4.7,4.8
-4.95,5.96
-5.05,6.6
-5,6.86
-5,6.74
-5.05,6.54
-5.1,6.53
-5.25,6.91
-5.3,7.79
-5.3,8.94
-5.13,10.13
-4.95,11.16
-4.7,11.87
-4.45,12.32
-4.15,12.5
-3.95,12.57
-3.67,12.6
-3.4,12.65
-3.05,12.74
-2.75,12.83
-2.45,12.87
-2.3,12.84
-2.25,12.73
15.1,0.62
16.05,0.06
17.1,-0.53
18.3,-1.22
19.6,-2.07
20.95,-3.18
22.3,-4.55
23.8,-6.2
25.2,-8.059999
26.65,-10.1
27.9,-12.25
29.06,-14.45
30.1,-16.66
30.8,-18.83
31.3,-20.93
31.4,-22.9
31.3,-24.74
30.8,-26.38
30.1,-27.83
29.1,-29.01
27.9,-29.94
26.4,-30.57
24.8,-30.94
23.15,-31
21.5,-30.82
20,-30.38
18.6,-29.74
17.15,-28.91
15.8,-27.95
14.25,-26.81
12.6,-25.52
10.75,-24
8.9,-22.26
6.99,-20.29
5.2,-18.16
3.69,-15.92
2.3,-13.66
1.14,-11.48
0.2,-9.4
-0.5,-7.5
-1.1,-5.69
-1.7,-3.93
-2.2,-2.1
-2.91,-0.15
-3.5,1.85
-4.05,3.67
-4.4,5.14
-4.6,5.99
-4.5,6.35
-4.35,6.25
-4.2,5.97
-4.2,5.87
-4.3,6.19
-4.45,7.14
-4.6,8.45
-4.7,9.84
-4.6,11.03
-4.45,11.78
-4.2,12.19
-3.9,12.34
-3.6,12.4
-3.45,12.48
-3.3,12.6
-3.05,12.7
-2.9,12.7
-2.6,12.51
-2.4,12.15
-2.4,11.68
15.15,3.12
16.37,3.04
17.7,2.84
19.2,2.43
20.7,1.8
22.23,0.87
23.7,-0.32
25.13,-1.82
26.45,-3.54
27.65,-5.49
28.8,-7.59
29.91,-9.83
30.9,-12.18
31.78,-14.65
32.55,-17.18
33.16,-19.7
33.5,-22.16
33.55,-24.41
33.3,-26.46
32.68,-28.15
31.8,-29.53
30.58,-30.52
29.2,-31.21
27.7,-31.65
26.15,-31.91
24.57,-31.99
23,-31.89
21.25,-31.54
19.4,-30.97
17.4,-30.07
15.25,-28.89
13.02,-27.33
10.85,-25.49
8.87,-23.36
7.05,-21.05
5.44,-18.61
4,-16.1
2.74,-13.65
1.75,-11.29
0.97,-9.139999
0.35,-7.2
-0.13,-5.44
-0.65,-3.69
-1.31,-1.78
-2,0.31
-2.73,2.44
-3.3,4.35
-3.58,5.61
-3.65,6.21
-3.57,6.09
-3.5,5.67
-3.45,5.34
-3.5,5.45
-3.68,6.28
-3.75,7.64
-3.85,9.26
-3.85,10.75
-3.78,11.7
-3.7,12.16
-3.5,12.21
-3.4,12.19
-3.2,12.25
-3.05,12.41
-2.95,12.52
-2.85,12.47
-2.6,12.1
-2.45,11.5
-2.25,10.77
16,6.53
17.7,6.63
19.5,6.52
21.3,6.11
23.2,5.43
25.1,4.39
26.9,3.06
28.5,1.4
29.9,-0.46
30.95,-2.46
31.9,-4.53
32.65,-6.69
33.4,-8.97
34.01,-11.43
34.5,-14.04
34.81,-16.75
35,-19.49
35.11,-22.19
35,-24.8
34.66,-27.21
34.1,-29.35
33.4,-31.06
32.5,-32.37
31.55,-33.27
30.4,-33.91
29.1,-34.31
27.5,-34.5
25.6,-34.35
23.5,-33.89
21.05,-33
18.5,-31.75
16.04,-30.13
13.7,-28.21
11.49,-26.03
9.5,-23.67
7.74,-21.13
6.1,-18.49
4.74,-15.79
3.6,-13.12
2.69,-10.66
2,-8.48
1.5,-6.68
1,-5.06
0.35,-3.37
-0.5,-1.45
-1.36,0.77
-2.1,3
-2.6,4.77
-2.9,5.86
-2.9,5.95
-2.9,5.48
-2.9,4.91
-3,4.77
-3.05,5.47
-3.1,6.82
-3.2,8.639999
-3.2,10.38
-3.1,11.52
-3,12.04
-3,12.02
-2.9,11.88
-2.85,11.87
-2.8,12.03
-2.65,12.23
-2.5,12.25
-2.35,11.9
-2.1,11.24
-1.8,10.38
17.5,10.85
19.65,10.97
21.85,10.79
24.05,10.29
26.25,9.46
28.53,8.24
30.75,6.67
32.73,4.74
34.4,2.58
35.76,0.24
36.95,-2.22
37.91,-4.79
38.7,-7.46
39.16,-10.17
39.2,-12.88
38.83,-15.44
38.25,-17.85
37.75,-20.16
37.35,-22.54
36.83,-25.06
36.15,-27.62
35.31,-30.06
34.35,-32.25
33.43,-34
32.45,-35.34
31.4,-36.23
30.05,-36.75
28.42,-36.82
26.55,-36.52
24.5,-35.81
22.35,-34.75
20.07,-33.32
17.75,-31.53
15.37,-29.35
13.05,-26.85
10.84,-24.08
8.849999,-21.14
7.17,-18.12
5.75,-15.12
4.67,-12.34
3.8,-9.889999
3.15,-7.96
2.55,-6.36
1.9,-4.88
1.15,-3.18
0.29,-1.06
-0.6,1.28
-1.31,3.41
-1.8,4.99
-2.08,5.55
-2.15,5.4
-2.12,4.89
-2,4.59
-1.93,5.03
-1.95,6.19
-2.08,7.93
-2.2,9.679999
-2.3,10.88
-2.3,11.54
-2.3,11.65
-2.25,11.59
-2.15,11.59
-2.05,11.71
-1.93,11.88
-1.8,11.92
-1.65,11.66
-1.45,11.12
-1.15,10.33
18.7,14.67
21.25,14.97
23.7,14.87
26.15,14.19
28.4,13
30.45,11.31
32.4,9.36
34.25,7.27
36,5.13
37.65,2.89
39.3,0.45
40.91,-2.27
42.3,-5.18
43.36,-8.15
43.9,-11.09
43.91,-13.99
43.4,-16.79
42.56,-19.36
41.9,-21.79
41.16,-24.26
40.2,-26.8
38.96,-29.36
37.5,-31.84
36,-34.07
34.5,-35.96
33,-37.33
31.4,-38.25
29.8,-38.62
28.2,-38.64
26.85,-38.35
25.4,-37.83
23.75,-36.92
21.7,-35.54
19.29,-33.46
16.7,-30.82
14.19,-27.7
11.8,-24.33
9.79,-20.86
8.099999,-17.45
6.69,-14.31
5.6,-11.54
4.84,-9.389999
4.2,-7.68
3.6,-6.25
3,-4.71
2.34,-2.78
1.6,-0.54
0.84,1.72
0.2,3.62
-0.35,4.69
-0.7,5.07
-0.7,4.99
-0.5,4.94
-0.2,5.35
0,6.26
-0.05,7.65
-0.3,9.11
-0.7,10.21
-1,10.93
-1.15,11.24
-1.2,11.37
-1.15,11.44
-1,11.54
-0.85,11.61
-0.7,11.59
-0.7,11.37
-0.7,10.98
-0.5,10.36
18.25,18.61
20.87,19.38
23.55,19.53
26.18,18.76
28.75,17.25
31.11,14.99
33.15,12.35
34.81,9.679999
36.25,7.14
37.73,4.71
39.5,2.18
41.26,-0.59
42.8,-3.6
43.91,-6.7
44.8,-9.74
45.66,-12.83
46.25,-16.15
46.23,-19.64
45.7,-22.94
44.76,-25.84
43.6,-28.46
42.23,-30.82
40.7,-33.05
39.13,-35.17
37.35,-37.09
35.48,-38.61
33.4,-39.72
31.48,-40.38
29.7,-40.71
28.27,-40.75
26.95,-40.56
25.55,-40.02
23.9,-39.01
21.87,-37.25
19.6,-34.83
17.19,-31.68
14.75,-28.06
12.46,-24.13
10.5,-20.19
8.87,-16.58
7.6,-13.43
6.59,-10.97
5.85,-8.97
5.3,-7.32
4.9,-5.67
4.59,-3.82
4.3,-1.78
3.87,0.29
3.45,2.13
2.9,3.4
2.4,4.17
2.02,4.54
1.85,4.9
1.97,5.5
2.1,6.36
2.1,7.4
1.95,8.44
1.55,9.309999
1.05,9.99
0.67,10.42
0.4,10.69
0.3,10.85
0.35,10.97
0.4,11.05
0.4,11.07
0.4,10.95
0.4,10.79
0.5,10.57
17,22.66
19.3,23.6
21.8,23.71
24.45,22.84
27.4,21.24
30.36,18.76
33,15.74
34.91,12.51
36.2,9.32
37.16,6.32
38.4,3.47
39.86,0.64
41.4,-2.46
42.46,-5.99
43,-9.639999
43.56,-13.02
44.3,-16.23
45.06,-19.47
45.2,-22.69
44.66,-25.64
43.9,-28.34
43.01,-30.9
42,-33.38
40.85,-35.81
39.4,-38.11
37.55,-40
35.6,-41.41
33.55,-42.26
31.6,-42.73
29.8,-42.81
28,-42.57
26.25,-41.99
24.7,-41.12
23.1,-39.77
21.5,-37.88
19.59,-35.15
17.4,-31.69
15.04,-27.53
13,-23.15
11.24,-19.08
9.8,-15.53
8.639999,-12.68
7.7,-10.26
7.04,-8.15
6.8,-6.12
6.69,-4.12
6.7,-2.17
6.75,-0.42
6.7,1.07
6.4,2.15
6,2.96
5.55,3.59
5.1,4.26
4.8,5.07
4.6,5.99
4.45,6.89
4.2,7.66
3.85,8.3
3.4,8.889999
2.95,9.34
2.5,9.639999
2.2,9.74
1.9,9.8
1.8,9.849999
1.7,9.91
1.7,9.969999
1.6,10.09
1.75,10.32
15.15,26.48
17.17,26.94
19.5,26.4
22.08,24.94
24.85,23.02
27.76,20.73
30.65,18.1
32.93,14.94
34.3,11.44
34.66,7.97
34.75,4.84
35.53,2.13
36.85,-0.61
38.18,-3.71
38.8,-7.12
38.93,-10.47
39.35,-13.67
40.61,-17.02
41.9,-20.62
42.23,-24.11
42,-27.25
41.71,-30.12
41.4,-32.99
40.81,-35.95
39.55,-38.82
37.75,-41.2
35.8,-42.91
34.08,-43.81
32.5,-44.19
30.82,-44.13
29,-43.74
27.1,-43.04
25.4,-42.14
23.97,-40.99
22.75,-39.5
21.29,-37.3
19.45,-34.31
17.46,-30.41
15.55,-26.07
13.84,-21.79
12.3,-17.9
10.97,-14.6
9.849999,-11.62
9.09,-8.88
8.7,-6.26
8.639999,-3.88
8.75,-1.81
8.9,-0.27
9,0.86
8.97,1.56
8.9,2.08
8.65,2.58
8.25,3.23
7.82,4.09
7.4,5.05
6.97,5.92
6.6,6.59
6,7.13
5.45,7.69
5.1,8.179999
4.8,8.45
4.45,8.42
4.05,8.28
3.7,8.16
3.45,8.19
3.35,8.51
3.35,9.09
3.72,9.84
13.6,28.62
15.75,28.6
18.1,27.59
20.6,25.6
22.9,23.22
25.05,20.85
27.4,18.61
29.76,16.23
31.4,13.4
31.51,10.01
30.6,6.54
30.31,3.3
31,0.24
32.41,-2.83
33.2,-6.11
33.16,-9.719999
33.2,-13.53
34.46,-17.58
36.2,-21.76
37.31,-25.67
37.5,-29
37.5,-31.62
37.7,-34.02
37.71,-36.55
37.1,-39.24
35.6,-41.74
33.8,-43.66
32.4,-44.66
31.4,-45.03
30.45,-44.87
29.3,-44.43
27.8,-43.73
26.3,-42.83
25,-41.72
23.8,-40.38
22.69,-38.54
21.4,-36.06
19.79,-32.67
18.2,-28.68
16.54,-24.42
15,-20.29
13.54,-16.55
12.3,-13.04
11.49,-9.67
11,-6.44
10.79,-3.64
10.7,-1.41
10.7,0.01
10.8,0.89
10.8,1.36
10.9,1.71
10.9,2.09
10.9,2.58
10.6,3.23
10.2,3.96
9.65,4.64
9,5.25
8.349999,5.81
7.6,6.44
7.15,7.05
6.9,7.4
6.7,7.36
6.4,7.15
6,6.97
5.7,7.02
5.6,7.56
5.8,8.53
6.45,9.809999
13.35,29.28
15.28,29.35
17.5,28.51
19.63,26.53
21.4,23.82
22.46,21
23.45,18.7
25.03,16.98
26.65,15.05
27.31,12.09
26.85,8.22
26.01,3.8
25.8,-0.45
26.43,-4.11
27.1,-7.43
27.41,-10.83
27.6,-14.52
28.23,-18.43
29.1,-22.27
29.73,-25.72
30.05,-28.8
30.33,-31.51
30.85,-33.93
31.45,-36.22
31.6,-38.64
30.7,-41.05
29.35,-43.02
28.2,-44.04
27.6,-44.35
27.62,-44.17
27.75,-43.82
27.37,-43.37
26.7,-42.78
25.85,-41.94
24.9,-40.87
24,-39.38
23,-37.32
21.87,-34.35
20.6,-30.65
19.19,-26.42
17.75,-22.17
16.42,-18.19
15.4,-14.42
14.54,-10.73
14,-7.13
13.59,-4.05
13.3,-1.68
12.97,-0.31
12.65,0.55
12.5,1.12
12.6,1.63
12.95,2.08
13.25,2.48
13.25,2.78
13,3.05
12.55,3.34
11.95,3.74
11.25,4.34
10.5,5.11
9.9,5.89
9.5,6.44
9.22,6.6
9,6.57
8.82,6.61
8.7,6.98
8.9,7.88
9.4,9.179999
10.32,10.72
13.6,29.43
14.85,29.52
16.7,28.87
18.71,27.06
20.1,24.32
20.51,21.25
20.6,18.77
21.1,17.16
22.2,15.41
22.91,12.33
22.7,8.07
21.91,3.31
21.2,-1.06
21.11,-4.49
21.3,-7.25
21.71,-9.83
22.3,-12.74
22.91,-16.06
23.4,-19.52
23.56,-22.76
23.9,-25.77
24.76,-28.96
25.3,-32.29
25.51,-35.26
25.5,-37.85
24.85,-39.97
23.9,-41.56
23.25,-42.33
23.2,-42.54
23.95,-42.43
25,-42.25
25.9,-42.06
26.2,-41.9
26.05,-41.58
25.6,-40.97
24.95,-39.84
24.2,-38.06
23.39,-35.27
22.5,-31.69
21.59,-27.54
20.6,-23.36
19.69,-19.46
18.9,-15.74
18.14,-12.01
17.5,-8.309999
17.04,-5.09
16.6,-2.61
16.1,-1.06
15.5,0.06
15.25,1
15.3,1.88
15.75,2.55
16.3,2.94
16.55,2.97
16.5,2.77
16.1,2.51
15.5,2.43
14.8,2.86
14,3.69
13.4,4.72
12.9,5.61
12.7,6.14
12.6,6.48
12.55,6.84
12.6,7.47
12.95,8.599999
13.6,10.07
14.6,11.73
14.3,28.56
14.78,28.38
16.05,27.79
17.83,26.11
18.9,23.33
18.86,20.2
18.45,17.9
18.58,16.64
19.25,15.05
19.58,11.7
19.1,7.07
18.06,2.38
17.25,-1.35
16.96,-4.01
16.75,-6.3
16.71,-8.74
17,-11.69
17.66,-15.27
18.25,-19.05
18.63,-22.7
18.9,-25.85
19.55,-28.3
20.25,-30.8
20.31,-33.78
19.9,-36.74
19.38,-38.9
18.9,-40.21
18.78,-40.73
19.15,-40.75
20.25,-40.45
21.65,-40.16
23.22,-39.93
24.45,-39.84
25.12,-39.85
25.3,-39.69
25.1,-38.97
24.7,-37.57
24.34,-35.04
24.1,-31.64
23.87,-27.68
23.55,-23.75
23.07,-20.12
22.5,-16.62
21.97,-13.03
21.55,-9.42
21.17,-6.29
20.75,-3.81
20.17,-2.07
19.5,-0.61
19.02,0.7
19,1.88
19.4,2.76
20,3.3
20.45,3.38
20.65,3.1
20.48,2.46
20.1,1.83
19.47,1.66
18.7,2.14
17.95,3.29
17.4,4.69
17.1,5.97
17.05,7.03
17.32,7.94
17.75,8.9
18.3,10.05
19,11.36
20,12.79
15.4,26.45
14.95,25.96
15.7,25.72
17.05,24.55
17.9,22
17.41,18.84
16.5,16.59
16.45,15.48
16.8,13.93
16.76,10.44
15.9,5.75
14.61,1.3
13.6,-1.88
13.35,-3.97
13.2,-6.06
12.61,-8.77
12.1,-12.23
12.16,-16.31
12.2,-20.33
11.86,-23.81
11.4,-26.6
11.2,-28.25
12,-29.61
13.06,-31.99
13.4,-35.05
13.35,-37.64
13.3,-39.24
13.65,-39.7
14.4,-39.48
15.85,-38.78
17.7,-38.08
19.85,-37.61
21.9,-37.44
23.4,-37.59
24.3,-37.78
24.65,-37.5
24.8,-36.47
25.04,-34.17
25.4,-30.93
25.84,-27.15
26.2,-23.44
26.14,-20.01
25.9,-16.69
25.59,-13.32
25.5,-10.03
25.34,-7.25
25.1,-4.98
24.5,-3.12
23.9,-1.38
23.55,0.16
23.4,1.43
23.6,2.31
24,2.9
24.45,3.21
24.7,3.21
24.95,2.75
25,1.95
24.9,1.17
24.5,0.87
23.55,1.6
22.5,3.16
21.84,5.19
21.6,7.18
22,8.96
22.8,10.64
23.95,12.25
25.3,13.72
26.8,14.94
16.7,23.57
15.77,22.97
15.55,23.11
15.93,22.59
16.05,20.55
15.31,17.62
14.6,15.45
14.85,14.14
15.25,12.17
14.63,8.26
13.15,3.49
11.48,-0.54
10.15,-3.22
9.429999,-5.01
8.849999,-7.01
7.98,-9.74
7,-13.08
6.21,-16.81
5.35,-20.22
4.28,-22.61
3.25,-24.43
2.93,-26.06
3.15,-27.83
4.01,-30.14
4.8,-32.45
5.3,-34.32
5.8,-35.79
6.7,-36.49
8.25,-36.47
10.62,-35.94
13.4,-35.4
16.4,-34.98
19,-34.74
20.95,-34.78
22.3,-34.92
23.35,-34.61
24.3,-33.5
25.42,-31.32
26.65,-28.48
27.84,-25.2
28.7,-21.87
28.99,-18.69
28.95,-15.65
28.87,-12.75
29,-10.1
29.02,-7.86
28.85,-5.77
28.52,-3.59
28.5,-1.39
28.77,0.35
29.05,1.52
29.15,2.11
29.25,2.45
29.3,2.58
29.2,2.63
28.95,2.55
28.95,2.25
29.38,1.55
29.55,0.74
28.9,0.67
27.8,1.77
27.14,4.07
27.25,6.68
27.87,9.11
28.8,11.31
30.02,13.43
31.7,15.5
33.67,17.21
17.6,21.26
16.8,20.85
15.8,21.09
14.8,20.72
13.7,18.88
12.66,16.16
12.5,14.18
13.5,12.86
14.3,10.56
13.31,6.11
11.2,0.92
8.91,-3.06
7,-5.52
5.4,-7.31
4.1,-9.45
3.06,-11.94
1.9,-14.41
1.06,-16.88
0.2,-19.14
-1.05,-20.62
-2.2,-21.73
-2.8,-22.83
-3.1,-24.07
-3.5,-25.71
-3.5,-27.24
-2.9,-28.4
-1.7,-29.45
0.4,-30.26
2.9,-30.74
6,-30.8
9.3,-30.63
12.5,-30.25
15.4,-29.83
17.85,-29.48
20.1,-29.18
22.25,-28.62
24.6,-27.77
26.95,-26.52
29,-24.88
30.54,-22.6
31.5,-19.94
31.84,-17.16
31.9,-14.48
31.94,-11.98
32.3,-9.78
32.55,-7.91
32.5,-5.92
32.59,-3.5
33.2,-1.05
34.25,0.81
35,1.97
35.35,2.38
35.5,2.31
35.25,1.89
34.5,1.62
33.2,1.94
32.5,2.55
32.9,2.75
33.7,2.29
33.8,1.88
33.4,2.49
33.49,4.61
34.5,7.37
35.99,9.91
37.1,11.93
37.5,13.77
38,15.81
39.54,17.98
17.25,21.55
17.2,21.53
15.95,21.27
14,20.03
12.05,17.46
10.71,14.39
10.55,12.38
11.98,11.3
13.2,9.23
12.44,4.53
10.2,-1.4
7.58,-6.19
5.1,-8.97
2.73,-10.68
0.65,-12.74
-0.8,-15.07
-1.95,-17.08
-2.67,-18.72
-3.25,-20.2
-3.95,-21.18
-4.9,-21.77
-5.77,-22.05
-6.6,-22.29
-7.05,-22.64
-6.75,-22.96
-5.8,-23.28
-4.4,-23.64
-2.35,-23.76
0.15,-23.54
3.02,-23.07
6.2,-22.5
9.65,-21.82
13.1,-21.22
16.65,-20.91
20.25,-20.92
23.93,-21.23
27.45,-21.77
30.42,-22.18
32.55,-21.92
33.75,-20.35
34.75,-18.03
35.37,-15.45
35.6,-13.01
35.89,-10.74
36.55,-8.69
37.32,-7.01
37.8,-5.33
38.27,-3.34
39.2,-1.31
40.25,0.28
40.95,1.3
41.22,1.45
41.4,1
40.93,0.27
39.55,0.01
37.6,0.88
36.6,2.32
37.35,3.37
38.85,3.69
39.75,3.78
39.95,4.5
40.37,6.32
41.5,8.66
42.89,10.91
43.65,12.85
43.47,14.79
43.6,17.02
45.14,19.46
15.7,22.89
16.25,23.13
15.3,22.3
13.36,20.21
11.5,16.92
10.11,13.23
9.5,10.71
10.6,9.61
11.9,7.92
11.76,3.44
10.1,-3.04
7.51,-9.05
4.7,-12.64
1.65,-14.01
-1,-15.26
-2.9,-16.98
-4.4,-18.68
-5.75,-20.04
-7,-21.44
-7.7,-22.56
-8.4,-23.21
-9.05,-23.48
-9.4,-23.19
-9.349999,-22.51
-8.7,-21.83
-7.75,-20.96
-6.5,-19.99
-4.7,-18.63
-2.4,-16.89
0.85,-15.29
4.5,-13.97
8.55,-12.78
13,-11.9
17.75,-11.77
22.5,-12.29
26.95,-13.5
31.1,-15.11
34.3,-16.52
36.4,-17.06
37.75,-16.09
39.3,-14.35
40.6,-12.5
41.1,-10.89
41.25,-9.23
42,-7.51
43,-6.01
43.7,-4.52
44.2,-2.92
45,-1.42
45.7,-0.37
46.1,0.15
46.2,-0.14
46.1,-0.95
45.1,-1.65
43.2,-1.57
41.35,-0.3
40.7,1.38
41.85,2.73
43.6,3.62
44.85,4.35
45.2,5.33
45.4,6.86
46.1,8.69
46.9,10.59
47.2,12.66
47.59,15.57
49.1,19.07
52.09,22.32
13.75,23.11
14.43,23.08
13.8,22.08
12.48,20.21
11.35,17.33
10.36,13.48
9.55,10.1
9.849999,8.11
11,6.27
11.61,2.47
10.9,-3.58
8.94,-10.47
6.2,-15.4
2.68,-16.71
-0.75,-16.63
-2.97,-17.1
-4.65,-18.1
-6.6,-18.72
-8.8,-19.5
-10.2,-20.54
-11.35,-21
-12.28,-20.82
-12.7,-20.21
-12.8,-19.25
-12.55,-17.9
-11.25,-16.18
-9.3,-14.41
-6.56,-12.06
-2.75,-9.55
1.9,-7.62
6.8,-5.86
12.3,-4.14
18.15,-2.97
24.12,-2.77
29.95,-3.36
35.3,-4.75
40.15,-6.67
43.8,-8.75
46.1,-10.44
47.32,-11.04
48.45,-10.8
49.37,-10.08
49.35,-9.28
48.77,-8.16
48.85,-6.84
49.37,-5.54
49.55,-4.12
49.8,-2.65
50.35,-1.49
50.72,-0.93
50.65,-0.75
50.55,-1.07
50.25,-1.63
49.22,-1.95
47.8,-1.66
46.6,-0.59
46.3,0.86
47.3,2.31
48.8,3.56
49.85,4.61
50.25,5.73
50.55,7.35
51.65,9.349999
53.07,11.32
53.95,13.64
54.84,17.19
56.9,21.21
59.69,24.34
12.3,22.86
12.95,22.6
12.7,21.72
11.7,20.24
10.9,17.9
10.46,14.12
9.9,10
9.96,6.79
10.7,4.23
11.76,1.03
12,-3.86
11.01,-10.72
9,-16.99
5.35,-19.19
1.4,-18.43
-1.4,-17.7
-3.1,-18.25
-4.7,-18.67
-7,-18.86
-9.3,-19.22
-11.3,-18.87
-12.45,-17.79
-12.9,-16.6
-12.85,-14.84
-11.8,-12.56
-9.5,-10.56
-6.8,-8.2
-2.71,-4.7
2.3,-1.84
7.45,0.28
13,2.61
19.45,4.8
26.5,6.3
33.85,6.69
41,6.01
47.55,4.18
53.3,1.55
57.61,-1.67
60.4,-4.98
61.4,-7.68
61.7,-9.42
61.7,-9.92
60.9,-9.66
59.8,-8.8
59.3,-7.77
58.95,-6.61
58.2,-5.24
57.75,-3.83
57.8,-2.73
57.7,-2.19
57.3,-1.89
57.1,-1.66
57.1,-1.37
57,-1.08
56.6,-0.73
56.05,-0.02
55.8,1.06
56.35,2.38
57.2,3.82
58.15,5.39
58.9,7.01
59.6,8.88
60.9,10.91
62.24,13.12
62.6,15.89
62.34,19.33
62.7,22.34
62.7,24.1
11.3,22.82
12.1,22.71
12.3,22.19
11.53,20.73
10.8,18.3
10.73,14.47
10.7,10.02
10.71,6.01
11.35,2.7
12.58,-0.43
13.25,-4.33
12.96,-10.25
11.85,-17.14
9.23,-21.23
5.6,-21.35
2.47,-19.89
0.45,-20.06
-1.47,-21.41
-3.65,-21.87
-5.6,-20.93
-7.55,-19.62
-8.7,-18.4
-8.849999,-16.21
-7.58,-12.74
-5.15,-9.51
-2.41,-6.89
0.25,-3.33
3.59,0.74
7.6,3.94
12.57,6.98
18.55,10.63
26.19,13.77
34.5,15.48
42.15,15.57
49.25,14.51
55.58,12.15
60.9,8.889999
64.88,5.25
67.7,1.72
69.3,-1.4
70.3,-4.08
70.93,-6.07
71,-7.5
70.77,-8.27
70.65,-8.67
69.97,-8.58
68.65,-7.99
67.85,-6.85
67.75,-5.54
67.7,-4.37
67.5,-3.4
67.6,-2.58
68.15,-1.79
68.87,-1.28
68.95,-0.94
68.32,-0.43
67.95,0.28
67.8,1.05
67.5,2.26
67.74,4.25
68.45,6.36
68.57,7.99
68.1,9.36
66.67,11.36
64.15,14.29
61.69,17.24
59.85,19.26
57.2,20.33
10.3,22.74
11.25,22.9
11.6,22.58
11,21.01
10.8,18.42
11.31,14.6
11.8,10.11
11.81,5.72
12.3,1.9
13.56,-1.42
14.6,-4.78
14.61,-9.52
14.1,-16.17
12.46,-22.07
9.7,-24.01
7.15,-22.4
5.2,-21.7
2.9,-23.3
0.2,-24.55
-1.65,-23.67
-3.4,-21.89
-4.4,-19.91
-3.7,-15.97
-1.61,-10.68
0.9,-6.67
3.14,-3.69
5.4,0.19
8.49,4.39
13,8.059999
19.29,12.66
27,18.54
36.1,22.38
44.4,23.34
50.35,21.57
55.4,18.65
59.76,14.86
63.3,10.79
65.55,7.4
67.4,4.91
69,3.18
70.5,1.55
71.8,-0.18
72.8,-1.97
73.45,-3.73
74.1,-5.33
74.05,-6.42
73.4,-6.82
73,-6.52
73.2,-5.9
73.8,-5
74.4,-4.07
75.15,-3.31
76,-2.75
76.75,-2.51
76.7,-2.44
75.8,-2.21
75.2,-1.76
74.5,-1.21
73,-0.37
71.85,0.9899999
71.4,2.44
70.15,3.65
67.4,5
63.09,7.19
58.3,9.95
54.84,12.51
52.4,14.56
48.95,15.87
8.599999,21.48
9.469999,22.01
9.8,21.62
9.63,20.04
10.05,17.81
11.53,14.65
12.75,10.65
13.16,6.06
13.5,1.62
14.58,-2.18
15.9,-5.4
16.33,-8.96
15.9,-14.32
14.54,-20.82
12.6,-24.71
10.95,-24.26
9.9,-23.12
8.4,-23.61
5.35,-24.54
2.17,-24.72
0.6,-23.67
0.07,-20.33
0.7,-13.56
2.39,-7.27
4.55,-3.97
7.42,-0.96
11,3.42
16.09,9.23
23,15.48
30.64,22.24
37.6,27.34
44.15,28.14
49.65,26.35
53.16,22.79
56.25,18.66
58.98,14.15
60.85,9.849999
61.9,6.46
62.9,3.78
64.08,1.71
65.2,0.14
66.08,-0.74
66.85,-1.3
67.67,-1.8
68.65,-2.27
69.15,-2.61
69.25,-2.89
69.32,-3.21
69.7,-3.44
70.35,-3.19
71.05,-2.66
71.75,-2.21
72.25,-1.98
72.57,-1.94
72.25,-2.11
71.07,-2.29
70.1,-2.27
69.22,-2.19
67.75,-2.29
66.05,-2.4
64.45,-1.99
62.02,-0.44
58.9,1.85
54.8,4.12
50.4,6.21
47.22,8.72
45,11.38
42.52,12.64
6.4,18.99
7.3,19.87
8,19.6
8.349999,18.42
9.2,16.99
11.2,14.95
13.3,11.87
14.61,7.26
15.3,1.98
16.06,-2.8
17.2,-6.48
18.05,-9.2
17.8,-12.82
16.46,-18.53
14.9,-23.61
13.9,-25.07
13.7,-24.6
13.3,-24.27
10.9,-24.35
7,-24.35
5.2,-23.11
5.69,-18.46
6.6,-10.77
7.39,-4.37
9.7,-0.24
14.24,4.19
19.7,9.46
25.34,16.25
31.9,24.19
38.14,30.12
43,31.98
47.15,30.01
50.8,26.89
53.46,23.28
55.7,19.43
57.36,15.48
57.9,11.77
57.9,8.48
58.2,5.33
58.95,2.47
59.6,0.29
60.1,-0.89
60.8,-1.64
61.9,-2.11
63,-2.43
63.55,-2.69
63.9,-3.02
64.15,-3.35
64.1,-3.41
64,-2.93
64.3,-2.29
64.8,-1.96
64.8,-1.85
64.5,-1.82
63.9,-1.9
62.5,-2.23
61.1,-2.67
60.2,-3.29
59.1,-4.04
57.35,-4.41
55.1,-3.74
52.5,-1.72
50.3,0.44
47.85,1.81
44.5,3.32
41.14,6.13
39.1,8.69
38,8.95
4.5,17.37
5.65,18.36
7.2,18.54
8.45,17.96
9.599999,17.09
11.35,15.78
13.75,13.56
16.21,9.41
17.8,3.76
18.48,-2.33
19.2,-7.45
20.08,-10.56
20.15,-12.88
18.78,-16.55
17.25,-21.26
16.7,-24.4
16.9,-25.28
16.92,-24.67
15.75,-23.43
13.45,-21.36
12.65,-18.9
14.32,-14.96
15.6,-9.17
15.96,-2.16
18.55,5.02
24.26,11.68
30.2,17.07
34.57,22.24
37.9,27.11
41.07,29.66
44.6,30.55
48.42,30.53
52.25,29.69
55.13,27.02
57.05,22.85
57.56,17.95
56.9,13.68
56.2,10.72
56.35,8.53
57.13,6.87
58.1,5.22
59.35,3.31
60.45,1.2
61.25,-0.75
61.65,-2.36
61.6,-3.51
61.45,-4.28
61.2,-4.56
60.8,-4.47
60.5,-4.12
60.7,-3.89
60.95,-4.01
60.45,-4.18
59.55,-4.22
58.5,-4.24
57.1,-4.49
55.7,-4.94
54.5,-5.44
53.2,-5.75
51.25,-5.52
48.85,-4.68
46.77,-3.5
45,-2.49
42.4,-1.21
39,1.05
36.1,3.56
34.75,4.6
34.45,4.12
4.1,16.87
5.4,18.15
7.5,18.89
9.7,18.68
11.5,17.76
12.9,16.29
14.9,14.32
17.96,11.04
20.7,6.08
21.76,-0.56
22.1,-7.26
22.71,-11.96
22.8,-14.36
21.45,-15.88
19.7,-18.85
19.26,-22.72
19.6,-25.01
20.05,-24.66
20.1,-22.69
20.24,-19.24
21.4,-15.81
23.79,-12.15
25.7,-7.2
26.64,0.13
29.4,9.24
34.74,16.92
39.6,22.42
41.59,26.23
41.8,28.74
43.05,30.81
45.5,33.04
48.4,34.22
51.4,33.59
54.16,30.49
56.4,25.61
56.71,19.86
55.5,15.26
54.8,12.9
55.3,11.64
56.7,10.38
58.3,8.28
59.8,5.45
60.9,2.46
61.2,-0.22
60.9,-2.32
60.3,-3.57
59.8,-4.29
59.5,-4.67
59.1,-4.95
58.9,-5.28
58.9,-5.81
58.45,-6.33
57,-6.57
55.45,-6.58
54,-6.61
52.55,-6.8
51.3,-7.14
50.2,-7.59
48.9,-7.96
47,-8.139999
44.8,-8.099999
42.45,-7.65
39.6,-6.51
36.2,-4.05
33.4,-1.18
31.9,0.28
31.4,0.46
30.75,1.03
8.3,16.79
9.17,18.34
10.6,19.74
12.75,20.38
15.25,19.65
17.18,17.31
18.55,14.31
20.73,11.05
23.7,7.16
25.56,1.54
25.95,-5.31
26.01,-11.81
26.05,-16.07
24.85,-17.08
22.65,-17.64
21.43,-20.1
21.55,-22.94
22.25,-23.59
23.1,-21.93
24.47,-17.97
27.2,-13.11
30.84,-7.68
33.8,-1.56
35.61,6.12
37.7,14.63
40.37,21.64
41.95,26.89
41.82,30.49
41.85,33.69
42.52,36.67
43.8,38.97
45.2,38.2
46.2,34.98
47.83,30.29
50.3,25.51
51.1,21.49
49.8,18.56
49.03,16.41
49.75,14.19
51.25,11.45
52.7,8.2
53.95,4.91
54.65,1.94
54.75,-0.54
54.55,-2.47
54.55,-3.71
55.05,-4.6
55.63,-5.3
55.7,-6.02
55.58,-6.91
55.15,-7.74
53.57,-8.08
51.5,-8.07
49.75,-8.15
48.25,-8.389999
46.88,-8.82
45.8,-9.53
45.03,-10.64
44.05,-11.72
42.43,-12.4
39.95,-12.52
36.47,-11.47
32.85,-9.2
30.17,-6.27
28.8,-3.85
28.37,-2.43
27.8,-1.16
26.6,0.2
16,16.43
16.55,17.84
16.4,19.32
17.15,20.95
19.5,21.42
22.55,19.34
24.4,15.52
25.31,11.08
27.1,6.97
29.41,2.5
30.2,-3.26
29.76,-10.28
29.5,-16.51
28.75,-18.85
26.6,-18.22
24.2,-17.84
23.1,-19.28
23.35,-20.29
24.4,-18.7
26.69,-14.01
30,-8.01
33.64,-1.5
36,5.3
36.84,13.22
37.1,20.68
37.04,25.75
36.9,29.87
38.34,34.41
40.5,38.46
40.2,40.35
38.7,40.61
38.71,37.97
39,33.42
40.26,28.21
42.5,23.95
43.25,21.72
42.1,20.09
41.65,17.49
42.3,14.25
43.65,10.92
45.1,7.81
46.05,5.04
46.5,2.48
46.7,0.16
47.1,-1.92
48.15,-3.69
49.5,-5.13
50.35,-6.13
50.6,-7.1
50.35,-8.12
49.3,-8.849999
47.3,-9.24
45.3,-9.71
43.7,-10.26
42.1,-10.66
40.45,-11.22
39.4,-12.35
38.6,-13.96
37.6,-15.3
35.8,-15.79
33.1,-15.35
29.8,-13.43
27,-10.66
25.7,-8.099999
25,-5.92
24.5,-3.85
23.8,-2.22
22.6,-2.05
24.35,14.48
25.15,15.88
24,16.64
22.87,17.84
23.9,19.1
27.15,18.86
30.4,16.5
31.76,11.88
32.25,6.73
33.43,2.02
34.2,-2.75
33.46,-8.61
32.45,-15.17
32,-19.79
30.75,-20.47
28.1,-17.96
25.35,-16.49
23.8,-16.6
23.6,-15.16
24.84,-10.44
26.4,-4.28
27.87,2.58
29,9.59
29.02,16.2
28.85,21.62
30.59,26.58
33.45,32.4
36.37,37.27
38.2,40.85
34.95,40.54
31.15,38.4
31.71,33.5
33.65,28.27
35.23,23.59
36.65,20.34
36.83,19.11
36.35,17.96
36.25,15.74
36.9,13.33
38.3,11.12
39.95,9.03
41.45,7
42.65,4.82
43.55,2.4
44.65,-0.08
45.95,-2.36
46.85,-4.27
47.15,-5.7
47.15,-7.12
46.43,-8.51
44.9,-9.719999
42.85,-11.08
40.8,-12.54
38.32,-13.2
35.7,-12.95
33.55,-12.71
31.9,-13.3
30.65,-14.69
29.35,-15.95
27.92,-16.27
26.25,-15.5
24.62,-13.46
23.4,-11.16
22.22,-9.059999
20.95,-6.77
20.32,-5.06
20.05,-4.79
18.9,-6.03
32.7,11.66
33.15,13.16
31.8,13.76
29.65,14.28
29.5,15.16
31.85,15.71
35.2,14.99
37.51,11.81
37.8,6.76
37.26,1.23
37.2,-3.53
36.46,-7.96
35,-13.38
34.21,-19.51
33.8,-22.84
31.89,-20.42
28.8,-16.59
25.5,-15.01
22.5,-13.7
20.29,-9.07
19.1,-1.85
19.54,5.93
21,12.29
22.39,16.84
24.3,21.42
28.54,27.98
32.2,35.04
32.95,38.66
32.2,39.88
28.6,38.61
25.8,34.23
27.81,27.6
31.1,22.3
32.2,18.71
32.1,16.94
31.8,17.06
31.4,16.61
31.25,15.3
32.4,13.99
34.95,12.46
37.4,10.66
39.35,8.71
41,6.57
42.15,4.24
43.2,1.83
44.25,-0.48
44.6,-2.68
44.6,-4.88
44.4,-7.2
43.3,-9.389999
41.6,-11.37
39.6,-13.32
37,-15
33.6,-15.43
30.2,-14.57
27.45,-13.28
25.1,-12.89
23.25,-13.81
21.9,-14.96
21.25,-15.29
21,-14.67
20.6,-13.31
19.6,-11.71
17.9,-9.52
16.5,-7.2
16.45,-6.69
16.6,-7.93
15.1,-9.639999
39.05,11.69
39.37,13.67
39,14.91
37.35,14.87
36.8,14.38
37.78,13.68
39.3,12.41
40.73,9.889999
40.8,5.88
39.36,0.53
38,-4.54
37.2,-8.3
36.3,-11.86
35.66,-17.31
35.4,-23.01
34.47,-23.56
32.45,-19.48
29.47,-15.21
25.75,-12.68
21.97,-8.38
19.8,-0.86
20.04,7.1
21.2,12.81
22.92,17.32
25.7,23.42
28.44,30.73
28.8,36.32
27.2,38.09
26.25,37.75
25.48,34.58
24.85,28.01
26.26,20.94
28.65,16.99
28.73,15.89
27.65,16.11
26.95,16.95
26.8,16.74
27.92,16.41
30.85,16.18
33.98,14.78
35.7,12.43
36.45,9.59
37,6.69
37.18,3.9
37.55,1.21
38.28,-1.3
38.75,-3.76
38.8,-6.26
38.55,-8.58
37.53,-10.47
36.15,-12.17
34.65,-13.96
32.6,-15.88
29.93,-17.11
26.95,-16.83
23.9,-15.34
20.75,-14.3
18.1,-14.41
16.6,-14.85
16.32,-14.96
16.15,-14.48
15.4,-13.17
14.15,-11.12
13.02,-8.77
12.7,-7.64
13.28,-9.179999
13,-11.53
10.75,-12.88
42,14.9
42.7,17.86
43.8,19.11
43.15,17.75
42.2,15.57
42.15,13.55
42.3,11.15
42.25,7.93
41.8,4.17
40.06,-0.23
37.7,-4.77
36.3,-8.17
36.2,-10.32
36.31,-13.8
36.1,-20.07
35.55,-24.45
34.6,-22.56
33.14,-16.45
31.3,-11.82
29.29,-7.91
27.9,-1.81
27.49,5.62
27,12.2
26.94,18.3
27.6,24.93
26.74,30.48
24.1,33.88
22.4,34.93
22.6,33.82
23.76,29.07
24.3,22.23
24.31,16.17
24.9,13.79
24.3,14.54
23,16.38
22.4,16.77
23.5,17.05
26.15,18.74
29.2,19.61
30.85,17.49
31.1,13.95
30.9,9.94
30.9,6.03
30.65,2.36
30.7,-1.07
31.2,-3.95
31.5,-6.37
31.2,-8.23
30.5,-9.599999
29.5,-10.7
28.6,-12.04
28,-14.09
27.3,-16.82
26.05,-19.21
24.1,-19.98
21,-19.03
17.2,-17.75
14.05,-16.59
12.3,-15.58
11.45,-14.63
10.7,-13.29
9.849999,-11.17
9.4,-8.97
9.45,-8.24
10.1,-9.809999
10.3,-13.07
8.8,-15.25
5.85,-15.24
42.15,18.36
43.22,20.33
44.5,20.07
43.98,17.92
42.75,15.48
42.25,13.04
42.1,10.16
41.7,6.48
40.95,2.65
39.4,-0.86
37.05,-4.24
35.25,-7.21
35.2,-9.25
36,-11.37
36.2,-16.15
35.51,-22.46
34.65,-23.88
34.29,-18.13
34.3,-11.75
34.82,-7.22
35.35,-2.49
34.94,3.56
33,10.11
30.14,16.14
27.9,21.36
25.02,25.26
21.45,28.26
19.87,29.73
21.1,27.95
22.36,22.99
22.25,17.52
21.63,14.1
20.85,13.48
19.82,15.12
18.9,16.77
19.12,16.68
21.3,19.28
23.3,22.04
24,20.99
24.26,16.44
24.85,12.03
25.65,8.13
26.2,4.45
26.23,0.84
26.3,-2.67
26.35,-5.52
25.85,-7.64
24.58,-8.78
23.35,-9.469999
22.68,-10.56
22.2,-12.31
21.65,-14.75
21,-17.71
20.33,-20.75
19.35,-22.84
17.07,-22.86
13.8,-21.58
10.75,-18.96
8.4,-15.46
7.02,-12.5
6.25,-10.43
6.1,-9.17
6.55,-9.11
7.28,-11.26
7.3,-14.57
5.88,-16.62
3.4,-16.33
1.27,-14.85
41.9,19.44
43.05,18.9
43.7,17.23
42.7,15.47
41.3,13.68
40.55,11.05
40.2,7.89
39.65,4.55
38.6,1.36
37.3,-1.15
35.7,-3.49
34.6,-6.06
34.6,-8.48
35.8,-10.48
36.6,-13.73
35.56,-19.72
34,-23.09
33.94,-18.64
34.8,-11.86
36.7,-6.82
38.6,-2.76
38.94,1.73
36.7,6.66
32.55,10.93
28.9,14.45
25.1,17.84
20.8,21.33
18.55,23.36
19.5,21.91
20.15,17.47
19.2,13.72
18.4,13.36
17.2,14.47
16.1,15.37
15.9,16.89
17,18.59
19,22.97
19,23.61
18.1,19
18.8,13.42
20.6,9.63
22.05,6.68
22.8,3.72
23.25,0.72
23.7,-2.31
23.3,-5.01
22,-7.33
20.3,-8.72
19.2,-9.429999
18.9,-10.46
18.3,-12.1
16.8,-13.89
14.9,-15.74
13.7,-18.9
13,-22.91
12.15,-24.97
10.7,-24.35
7.94,-20.16
5.1,-14.18
3.85,-10.45
3.5,-9.45
3.65,-10.22
4.5,-12.31
4.25,-15.48
2.6,-17.6
0.55,-16.61
-0.7,-14.42
-1.1,-13.41
41.7,16.32
42.35,14.97
41.95,13.43
40.43,12.15
38.95,10.47
37.9,7.82
37.05,5.07
35.88,2.83
34.4,1.01
33.5,-0.23
33.45,-1.61
33.9,-3.81
34.25,-6.45
35.15,-8.97
36.4,-11.75
35.68,-16.41
34.05,-19.85
34.1,-17.17
35.15,-11.9
36.57,-7.56
38.15,-3.98
38.92,-0.51
37.75,2.68
34.42,5.12
30.75,7.59
26.65,11.14
22,15.3
19.17,17.48
18.55,16.25
17.5,13.04
16,11.39
15.57,12.91
14.8,14.55
13.62,14.56
13.15,18.24
14,21.96
15.1,24.84
14.66,22.23
14.3,16.22
15.25,11.9
16.8,8.92
18.05,6.66
18.85,4.54
19.6,2.28
20.25,0.09
19.73,-2.16
18.65,-4.82
17.98,-7.21
17.9,-8.73
17.83,-10.08
17.05,-11.82
15.2,-13.13
12.6,-13.68
10.6,-15.26
9.15,-18.39
8.58,-22.44
8.05,-24.02
5.32,-19.38
2.85,-12.74
2.55,-10.34
2.25,-10.94
2.05,-12.68
1.95,-14.99
-0.27,-16.47
-2.55,-15.72
-1.78,-13.14
-0.09999999,-11.63
-0.47,-12.47
41,11.74
40.8,10.9
39.4,9.889999
37.65,8.65
36,6.92
34.4,4.93
32.9,3.41
31.2,2.59
29.8,2.07
30.05,1.48
31.6,0.32
32.95,-1.85
33.4,-4.73
33.75,-7.84
34.8,-10.83
35.05,-14.39
34.6,-17.06
35.2,-15.5
35.9,-11.72
35.95,-8.349999
36.3,-5.61
37.05,-3.15
37,-1.12
34.85,0.25
31.8,1.92
27.95,5.42
23.3,10
20.5,12.1
19.4,10.74
16.9,8.78
14.4,8.97
13.75,11.24
12.8,13.01
11.45,13.2
10,17.89
9.75,23.36
10.6,23.39
11.51,19.07
11.8,14.19
11.95,10.96
12.5,8.13
13.7,6.34
14.8,5.07
15.35,3.46
15.5,1.89
15.1,0.44
15,-1.73
15.95,-4.33
17.2,-6.57
17.55,-9
16.9,-11.98
15.6,-14.35
13.3,-15.16
11.2,-14.99
9.2,-14.9
7.6,-18.21
6,-21.58
3.24,-17.93
2,-12.17
2.55,-10.9
1.9,-11.94
0.8,-13.98
-0.6,-15.88
-2.95,-15.01
-3.2,-12.02
0.05,-9.67
2,-9.61
-0.8,-11.4
39.25,7.84
38.23,7.31
36.5,6.55
34.68,5.49
32.6,4.39
30.58,3.71
29.05,3.24
27.7,2.98
27.3,2.83
28.88,1.87
30.65,0.08
31.2,-2.12
31.2,-4.93
31.43,-8.33
32.2,-11.54
33.03,-14.63
33.9,-16.73
34.77,-15.41
35,-12.12
34.37,-9.32
33.9,-7.52
34.12,-5.98
34.3,-4.35
33.32,-3.27
31.35,-2.3
28.02,0.65
23.75,4.87
21.78,6.38
21.3,5.13
18.25,4.6
14.6,5.73
12.85,7.94
11.25,9.91
9.45,11.55
6.85,17.1
5.37,22.11
7.15,19.71
9.929999,15.78
10.3,13.42
9.75,11.37
9.599999,8.58
10.83,6.69
12,5.3
12.38,3.67
12.45,2.35
12.95,1.36
14.05,-0.24
15.63,-2.52
17.25,-4.84
18.03,-7.63
17.5,-11.16
16.15,-14.75
14.8,-17.66
13.25,-18.12
10.8,-16.2
7.58,-17.03
4.7,-19.83
2.52,-16.96
2.45,-12.15
3.2,-10.7
2.4,-11.09
1,-13.35
0,-14.98
0.35,-12.07
2.65,-7.41
5.37,-5.67
5.5,-6.89
2.95,-8.9
36.6,4.9
35.3,4.67
33.9,4.18
31.95,3.38
29.5,3.02
27.8,3.08
26.9,2.65
26.3,2.16
26.6,2.11
28.15,1.26
28.6,-0.25
27.65,-1.62
27.3,-3.67
28.25,-7.08
29.5,-10.65
30.65,-14.15
31.8,-16.78
32.35,-16.24
32.2,-13.75
31.8,-11.46
31.5,-9.83
31.35,-8.09
31.2,-6.17
30.8,-5.43
29.7,-5.22
27.35,-3.05
24.3,0.04
23.35,0.57
22.8,-0.01
19.2,1.01
15.1,2.27
12.4,4.25
10,6.63
7.45,9.51
3.4,15.98
1.45,19.89
4.7,16.87
8.4,14.79
8.3,14.57
7.3,13.27
7.2,10.38
8.349999,7.45
9.599999,5.21
10.5,3.95
11.2,3.27
12.75,2.22
14.6,0.45
15.95,-1.86
17.5,-3.92
18.85,-6.42
18.6,-9.83
16.65,-13.63
14.7,-17.81
13.6,-20
11.4,-18.52
7.4,-18.11
4.3,-19.35
2.9,-16.02
3,-11.82
3.65,-10.34
3.7,-10.05
3.4,-11.6
4,-12.07
6,-7.84
8.5,-2.93
10.05,-2.02
10.8,-3.69
12.55,-4.97
33.55,4.18
33.18,3.94
32.4,3.22
29.98,2.52
27.2,2.55
26.13,2.32
25.8,1.35
25.47,0.85
25.55,1.1
25.45,1.11
24.3,0.8
22.95,0.42
22.9,-0.77
24.53,-3.56
26.45,-7.06
27.78,-11.08
28.7,-14.61
29.1,-15.42
29.4,-14.46
29.9,-13.2
30.4,-11.63
30.25,-9.179999
29.45,-6.91
28.53,-6.65
27.7,-6.98
26.45,-5.63
25.4,-4.05
24.93,-4.21
23.15,-3.62
19.12,-1.55
15.3,-0.92
12,0.52
9.25,3.17
6.42,6.32
1.7,12.8
-0.03,16.58
2.95,15.46
5.4,15.91
5.45,16.95
4.88,15.12
4.85,11.91
5.35,8.929999
6.5,6.88
8.13,5.71
9.4,4.49
11.1,2.75
13.4,1.05
15.18,-0.63
16.9,-2.43
19.1,-5.16
20.6,-7.95
19.78,-10.99
17.5,-15.39
15.2,-18.81
11.6,-19.18
6.63,-19.54
4.05,-19.31
3.42,-15.04
3.2,-11.78
4.2,-11.18
5.7,-10.52
7.05,-9.9
8.349999,-7.82
10.07,-3.63
12,-0.65
13.88,-0.74
16.7,-1.56
21.52,-0.18
29,5.39
28.75,4.71
27.6,3.3
25.6,2.67
24,2.63
23.85,1.49
23.9,0.08
23.4,-0.01
22.7,0.59
21.6,0.94
20.5,0.94
20.2,0.53
20.6,-0.3
22,-1.85
23.8,-4.05
25,-6.92
25.8,-9.809999
26.95,-11.57
28.4,-12.44
29.65,-12.87
30.4,-12.4
29.95,-10.37
28.6,-8.4
27.3,-8.3
26.5,-8.559999
26.15,-7.82
26.1,-7.31
25.1,-7.21
22.5,-5.57
18.8,-3.69
15.2,-3.94
11.7,-3.06
9.2,-0.32
6.7,3.09
1.8,9.2
0.3,13.99
2.2,15.41
2.1,16.66
2.2,16.84
3,14.73
3,11.84
2.85,9.37
3.4,7.78
5.1,6.53
6.6,4.6
8.15,2.65
11.2,1.86
14.3,1.25
16.5,-0.52
19.1,-3.55
21.9,-5.72
22.85,-8.2
22.2,-11.98
19.15,-16.42
13.7,-19.05
7.3,-20.46
4.4,-19.38
4,-14.97
4,-12.8
5.7,-12.81
8.3,-11.51
10.3,-8.34
11.6,-3.65
13.65,0.64
16.6,2.83
19.85,3.58
23.3,4.93
27.65,8.83
19.65,5.26
18.48,4.68
17.25,3.82
17.15,3.5
18,3.09
19.35,1.15
20.25,-1.09
19.9,-1.31
19,-0.29
18.52,0.08
18.65,-0.09
19.35,-0.38
20.05,-0.86
21.1,-1.71
22.35,-2.83
23.43,-4.16
24.75,-5.68
26.68,-7.46
28.25,-9.22
29,-10.7
29.05,-11.38
28.35,-10.68
27.5,-9.73
26.62,-9.54
25.75,-9.389999
24.87,-8.99
24.05,-8.809999
22.55,-7.89
20.4,-5.93
17.98,-5.19
14.4,-5.85
11.1,-5.4
9.8,-3.27
7.92,0.37
3.4,6
1.65,11.18
2.65,14.04
1.57,15
0.95,14.26
2.13,12.88
2.45,11.32
2.35,9.2
3,7.53
4.95,7.66
6.95,8.78
8.5,9.5
10.75,8.92
13.63,6.92
15.65,4.48
18.18,0.94
20.85,-3.02
22.23,-6.79
23.1,-9.8
21.78,-14.49
17.95,-18.49
12.28,-20.45
8.45,-19.4
6.7,-15.91
6.15,-14.26
8.45,-14.27
11.5,-12.49
13.32,-7.73
14.25,-1.28
15.97,4.23
18.6,7.91
21.67,10.87
25.3,14.43
29.62,18.44
10.9,2.83
10.9,2.91
10.8,3.32
10.35,2.82
10.8,2.11
13.7,0.58
16.5,-2.16
16.5,-2.96
15.8,-1.62
16.15,-1.07
16.9,-1.25
17.9,-1.02
19.1,-0.92
20,-1.38
20.8,-2.24
21.8,-3.31
23.5,-4.39
25.9,-5.63
27.4,-7
27.55,-8.32
27.1,-9.27
26.6,-9.66
26.4,-9.83
25.8,-9.79
24.5,-9.429999
22.45,-9.11
21,-8.78
20,-7.51
19,-6.33
16.8,-6.48
12.8,-6.71
10.6,-6.72
10.9,-5.84
10.3,-2.58
6.5,2.65
3.7,7.93
3.8,11.17
3,11.92
2,11.74
2.75,12.47
3.3,12.8
3.85,11.65
5.4,10.46
7.45,11.22
9.099999,14.09
9.5,16.86
10,16.19
11.9,12.62
13.7,11.07
16.1,7.93
19.3,2.71
20.95,-2.81
21.8,-7.94
22.25,-13.26
21.9,-17.88
19.1,-20.84
15.9,-20.79
12.45,-17.93
9.4,-15.35
10.7,-14.14
13.7,-11.71
15.45,-6.32
16.1,0.34
16.7,5.55
17.6,9.2
20.4,13.26
25.1,18.05
30.15,21.49
7.15,2.99
8.55,3.34
9.45,3.11
8.679999,0.62
8.3,-1.28
11.43,-1.7
14.75,-2.82
14.9,-2.91
14.95,-1.7
16.05,-1.54
17.05,-1.96
18.12,-1.68
19.25,-1.17
19.9,-1.33
20.35,-2.23
20.9,-3.49
22.25,-4.58
24.5,-5.37
26.35,-6.14
26.85,-7.07
26.65,-8.03
26.65,-8.84
26.7,-9.389999
26.23,-9.58
24.7,-9.469999
22.12,-9.099999
19.5,-8.16
18.17,-6.8
18.25,-6.99
16.47,-7.71
12.65,-6.86
10.78,-6.54
11.4,-6.45
12.1,-3.66
9.349999,1.3
5.5,5.9
4.65,8.54
4.55,9.25
3.55,9.79
3.62,11.68
3.8,12.67
4.6,12.7
6.6,12.84
8.75,12.85
9.95,14.99
8.62,17.95
7.85,17.62
10.28,15.34
12.65,15.15
14.2,11.47
18.1,7.39
20.55,2.32
21.2,-4.33
21.83,-9.52
23,-14.64
22.85,-18.87
22.4,-21.11
20.02,-20.56
14.65,-17.81
13.6,-13.95
15.65,-9.57
16.85,-3.59
17.45,2.11
18.05,5.3
18.65,8.04
21.42,13.42
26.25,19.04
29.95,21.48
5.6,5.42
6.4,5.02
7.9,3.17
9.4,-0.29
10.6,-2.77
12.8,-2.74
15.1,-2.06
16.05,-0.96
17,0.04
18.6,0.38
19.8,0.53
20.6,0.54
21.3,0.14
21.85,-1.04
22.1,-2.56
22.1,-3.85
22.8,-4.86
24.65,-5.63
26.5,-6.41
27.3,-7.32
27.4,-8.41
27.55,-9.23
27.6,-9.42
27.35,-9.57
26.4,-9.86
24.2,-9.9
20.6,-9.17
17.75,-8.04
17.8,-8.33
16.55,-8.59
13.1,-7.05
10.7,-6.44
10.7,-6.71
11.45,-4.05
9.2,0.88
5.4,4.28
4.3,6.13
4.5,7.07
3.9,7.82
4.45,10.09
5.2,11.65
5.8,12.38
7,13.05
8.9,12.93
10.2,14.72
8.25,17.96
6.9,19.12
9.599999,18.4
12.5,18.24
13.75,13.62
16.1,8.01
18.5,3.74
19.5,-0.98
19.65,-5.84
20.7,-11.35
21.25,-15.85
22.7,-19.59
23.25,-21.37
19.2,-21.21
17.2,-16.33
18.3,-10.1
18.85,-3.67
19.1,1.59
20,3.97
20.7,7.36
23.05,14.31
27,19.69
29.25,21.13
4.55,6.04
4.98,4.33
6.25,1.96
8.48,0.35
10.6,-0.41
12.62,-0.38
14.95,0.22
16.9,1.24
18.4,2.12
19.57,2.75
20.7,3
21.65,2.16
22.45,0.33
23,-2.04
23.25,-4.07
23.3,-5.26
23.85,-6.04
25.18,-6.83
26.5,-7.78
27.28,-8.71
27.75,-9.78
27.9,-10.75
27.6,-11.01
27.5,-10.98
27.25,-11.18
26.23,-11.35
24.4,-11.52
21.97,-11.55
20.3,-11.16
17.67,-9.98
14.45,-8.8
12.6,-9.33
11.7,-9.969999
10.52,-6.9
8,-1.79
5.7,1.4
5.2,3.53
5.32,5.13
5.15,6.08
6.22,8.15
7.45,10.4
7.82,11.81
7.7,12.32
8.82,12.29
9.849999,14.35
8.099999,18.04
6.5,20.25
7.88,20.11
10.05,19.22
11.65,14.57
13.25,8.2
15.08,3.58
16.5,-0.14
16.4,-4.6
16.95,-9.67
17.15,-13.3
18.65,-15.83
21.25,-18.12
20.65,-20.84
19.67,-18.52
20.25,-12.77
21.02,-6.28
21.6,-1.36
21.85,0.77
21.75,5.17
23.62,12.77
27,17.7
28.9,19.69
2.7,4.3
3.25,2.29
4.3,0.55
6.15,0.63
8.2,1.3
10.4,1.4
12.9,1.3
15.3,1.41
16.9,1.62
18.05,1.53
19.2,0.93
20.35,-0.31
21.3,-2.05
21.8,-4.17
22.1,-6.08
22.35,-7.13
23,-7.62
24.35,-8.3
25.5,-9.29
26.1,-10.17
27,-11.05
27.65,-12.3
27.5,-13.35
27.6,-13.65
27.6,-13.7
26.95,-13.43
26.3,-13.23
24.8,-13.75
22.2,-13.56
19.25,-11.93
17,-11.12
16.1,-12.32
14.7,-12.87
12.2,-9.94
10.3,-5.67
9.4,-2.25
9.2,0.88
9.05,3.45
9,5.05
9.15,6.45
9.3,8.26
9.5,10.1
9.099999,10.83
9.4,10.73
9.599999,12.85
8,17.38
6.1,20.25
5.8,19.89
6.7,17.04
8.55,12.42
10.1,8.5
12.25,4.32
13.6,-0.14
13.45,-3.45
13.6,-7.83
14.05,-11.34
15.1,-11.82
17.9,-13
20.1,-16.26
20.35,-16.74
20.6,-13.17
21.8,-7.97
22.9,-4.62
22.35,-2.5
21.7,3.13
23.7,11.14
26.9,15.89
28.7,17.67
0.35,1.63
1.4,0.9
2.8,0.81
4.85,1.4
6.95,1.76
9.05,1.31
10.85,0.78
12.17,0.76
13.4,0.92
14.65,0.59
16.1,-0.27
17.55,-1.48
18.65,-2.89
19.28,-4.82
19.7,-6.87
20.25,-7.98
21.1,-8.179999
22.33,-8.37
23.4,-8.96
23.95,-9.74
25.05,-10.69
26.48,-12.27
27.25,-14.16
27.65,-15.33
27.65,-15.8
26.92,-15.6
25.85,-14.71
24.23,-14.43
21.85,-14.64
19.75,-13.79
18.65,-13.1
18.25,-13.92
17.3,-14.17
15.52,-11.85
14.55,-8.65
14.3,-5.44
14.15,-2.05
13.75,1.04
13.3,3.45
12.7,4.98
11.7,6.49
11.27,8.24
11.4,9.3
11.62,9.27
10.8,11.23
8.599999,15.81
6.7,18.8
4.8,18.5
4.85,14.4
7.08,11.31
9.15,10.04
10.48,4.87
10.85,0.23
10.4,-1.58
10.05,-4.78
11.13,-9.099999
12.8,-10.37
15.43,-10.26
18.3,-12.17
19.3,-13.67
19.75,-12.09
20.95,-8.99
22,-6.49
21.8,-1.79
22.55,5.62
24.75,11.96
26.5,14.74
26.02,15.5
-1.5,0.9
-0.09999999,1.37
1.5,2.15
3.55,2.57
5.7,2.46
6.75,2.17
6.6,2.61
5.95,4.02
6.3,5.05
8.15,4.81
10.7,3.56
13.45,1.51
15.6,-0.85
16.65,-3.34
17.2,-5.5
17.45,-6.42
17.8,-6.37
18.55,-6.19
19.2,-6.42
19.75,-7.18
21.1,-8.52
23.2,-10.6
25.1,-13.09
26.25,-15.22
26.6,-16.44
26.15,-16.51
24.9,-15.44
23.05,-14.57
21.4,-15.11
20.35,-15.3
20,-14.85
19.95,-15.19
19.3,-15.32
18,-13.38
17.2,-10.67
17.45,-8.08
17.7,-5.25
17.25,-2.04
16.6,0.92
15.8,3.24
14.3,5.08
13.15,6.47
13.5,7.49
14.35,8.05
12.8,10.02
9.849999,13.63
8.4,16.28
5.35,17.61
4.3,14.59
5.45,13.16
7.5,10.75
8.55,4.24
8.599999,-0.11
7.6,-1.11
6.5,-2.41
7.5,-5.27
9.8,-6.88
12.6,-6.97
15.7,-8.46
18.3,-10.94
20.5,-11.44
21.9,-9.46
22.4,-5.62
23.05,1.64
24.6,8.54
23.95,11.67
21.4,13.1
18.25,15.28
-2.2,2.13
-1.6,2.36
-0.85,2.51
0.9,2.75
2.1,3.44
1.6,4.87
0.45,6.9
-0.12,8.95
0.6,10.02
2.67,9.719999
5.55,8.4
8.9,5.95
11.7,3.14
13.3,0.92
14,-0.45
14.22,-1.28
14.5,-2.05
15.07,-2.92
15.55,-3.88
15.82,-5.09
16.6,-6.59
18.47,-8.54
20.7,-10.84
22.85,-13.5
24.55,-15.76
25.02,-16.61
23.75,-16
22.3,-15.05
22.1,-15.45
22.15,-16.15
21.95,-15.89
21.78,-15.57
21.2,-15.33
19.9,-13.9
19.15,-11.77
19.4,-9.87
19.7,-7.81
19.45,-4.91
19.05,-1.89
18.08,0.93
16.65,3.57
15.85,5.21
16.15,6.01
16.45,6.9
14.15,9.11
11.3,11.79
11.2,14.26
7.5,17.32
4.8,15.51
4.4,13.02
6,9.04
7.4,3.63
7.6,-0.27
6.32,-1.61
4.85,-1.76
5.45,-2.21
7.45,-3.12
10,-4.24
12.85,-5.81
15.85,-7.66
18.7,-8.34
20.58,-6.25
21.7,-2.04
22.1,3.36
20.45,7.64
15.58,10.78
11.35,14.49
10.03,18.02
-2.2,2.45
-2.7,2.18
-3.1,2.16
-2.2,3.21
-1.7,5.38
-2.25,8.11
-2.2,10.4
-1.35,11.86
-0.3,12.5
1.15,12.22
2.9,11.2
4.8,9.17
6.3,6.98
7.4,5.59
8.9,4.39
10.7,2.49
12.4,0.32
13.45,-1.57
13.9,-3.03
13.75,-4.29
13.8,-5.64
14.75,-7.13
16.3,-8.889999
18.5,-11.46
21.2,-14.39
23.05,-16.47
23.1,-17.01
22.35,-16.07
22.8,-15.51
23.6,-15.83
23.5,-15.96
22.9,-15.6
22.2,-15.02
21.55,-13.82
21.3,-12.18
21.5,-10.68
21.5,-9.12
21.4,-6.51
21.5,-3.8
20.3,-1.34
18.9,1.64
18.75,4.13
18.7,5.06
17.55,5.68
14.8,7.77
12.75,10.17
13,13.09
9.65,16.83
6.7,15.41
4.35,11.03
5,6.69
6.7,3.33
7.1,0.27
6,-1.05
4.5,-1.08
5.5,-0.48
8,-0.96
9.9,-2.82
11.2,-4.21
12.3,-4.45
13.8,-4.15
15.95,-2.59
18.1,-0.31
16.4,2.68
11.2,6.68
6.7,12.17
4.7,17.9
4.55,20.8
-1.2,1.95
-1.65,1.87
-2.85,2.63
-3.17,5.04
-2.95,8.139999
-2.6,10.66
-2.15,12.56
-1.67,14.07
-1.05,14.87
-0.43,14.62
-0.09999999,13.83
-0.05,12.62
-0.6,11.88
-1.25,11.39
0.05,8.95
4.02,4.5
7.9,0.72
9.8,-1.36
10.3,-2.28
10.37,-2.81
11.05,-3.98
12.32,-5.8
13.8,-7.57
15.32,-9.65
17.3,-12.39
19.7,-15.42
21.45,-17.44
22.23,-17.01
22.7,-15.5
23.23,-14.7
23.65,-14.86
23.52,-15.23
23.05,-14.92
22.9,-13.77
23.3,-12.38
23.75,-10.98
23.35,-9.34
23.18,-6.66
24,-4.21
22.9,-2.74
21.2,-0.29
21.1,2.83
20.6,4.31
18.8,4.67
17.05,6.42
15.45,8.929999
13.9,12.05
10.93,16.11
8.65,15.11
4.97,8.72
4.4,4.27
6,2.1
6.7,0.07
5.87,-0.42
4.6,-0.5
5.58,0.21
7.25,0.41
7.67,-0.7
7.7,-1.6
8.05,-2.01
9.3,-2.36
11.9,-2.04
13.3,-0.72
9.48,2.68
5.05,7.49
3.25,13.05
0.35,19.15
-1.65,22.35
0.4,2.28
1.15,2.67
0.4,3.7
-1.1,6.46
-2.3,9.52
-2.55,11.42
-2.6,13.1
-3,15.09
-2.9,16.36
-3.25,16.49
-4.2,16.04
-4.4,15.55
-4.7,16.35
-6.05,17.3
-6.3,14.54
-2.7,7.77
2.5,1.94
5.5,-0.78
6.3,-1.34
6.3,-0.73
7.3,-1.05
9.599999,-3.12
12,-5.41
13.85,-7.37
15.6,-9.74
17.65,-13.19
20.1,-16.51
22,-17.39
22.9,-16.08
23.2,-14.34
24,-13.64
24.55,-13.89
24.4,-13.83
24.55,-12.91
25.3,-11.84
26.1,-10.79
25.6,-9.44
25.2,-6.94
26.4,-4.37
25.75,-3.17
23.8,-1.44
23.4,1.53
22.9,3.58
21.9,4.49
21.6,6.17
19.2,8.429999
15.8,11.32
12.2,15.29
8.8,13.09
5.75,6.22
4.3,2.31
5.45,0.5
6,-1.19
5.7,-1.23
5.3,-0.71
4.9,0.13
3.8,0.44
2.7,-0.37
2.6,-1.31
3.2,-1.98
4.8,-1.8
7,-0.45
6.5,1.64
2.85,5.11
1.9,8.51
0.45,12.61
-5,19.27
-7.3,23.08
1.8,3.22
3.4,4.21
4.2,4.93
2.43,6.53
-0.8,8.57
-2.4,10.04
-2.95,11.81
-3.87,14.4
-4.55,16.43
-5.37,17.24
-6.55,17.02
-6.25,16.1
-5,16.68
-5.62,18.79
-8.3,17.98
-7.98,11.85
-3.2,5.22
1.47,1.44
3.65,0.52
3.73,2.37
4.15,3.89
6.27,2.71
9.15,0.09
12.17,-2.62
14.95,-5.09
17.32,-8.01
19.8,-11.29
22.32,-13.61
24.1,-14.35
24.93,-13.74
25.75,-12.88
26.1,-12.39
26,-12.25
26.08,-11.6
26.65,-10.47
27.45,-9.41
27.15,-8.54
26.65,-6.75
27.7,-4.11
27.8,-2.2
26.65,-0.69
26.1,1.4
25.8,3.32
25.03,4.9
24.25,6.42
20.98,8.04
17.75,10.79
14.68,14.37
8.9,9.91
6.72,3.67
5.1,0.57
5.45,-1.21
5.7,-3.11
5.38,-3.34
5.2,-2.16
3.75,-1.45
1.2,-2.23
0.27,-3.11
0.7,-2.94
0.7,-1.33
1.05,1.11
1.83,2.85
0.2,4.04
-1.65,6.28
-0.85,8.48
-3.17,12.15
-8.75,19.11
-10.65,23.26
3.5,3.04
4.35,4.51
5.5,5.35
4.2,6.17
0.3,7.25
-2.15,8.429999
-2.9,10.45
-4.15,13.43
-5.3,15.7
-6.15,17.23
-7.1,18.1
-7.15,16.88
-5.9,15.81
-6.25,17.57
-10.3,18.96
-13.1,15.7
-10.3,10.45
-4.65,6.27
-0.4,4.27
1.2,5.48
2,7.32
3.8,7.01
6.5,4.85
9.55,1.86
12.6,-0.76
14.9,-2.72
17,-4.59
19.65,-6.83
22.4,-9.179999
24.35,-10.77
25.8,-11.36
26.7,-11.49
27.2,-11.84
27.5,-11.5
27.6,-10.15
27.75,-8.389999
27.3,-6.97
26.85,-5.39
27.7,-3.04
28.15,-0.73
27.6,0.86
27,2.19
26.7,3.4
25.25,4.73
23.6,5.94
21.45,7.38
19.9,10.35
18.1,13.32
10,6.88
7.35,0.68
6.7,-1.39
6.55,-3
6.5,-4.86
5.1,-5.29
4,-4.33
2.8,-4.62
0.9,-6.5
0.8,-5.94
1.9,-2.77
1.3,1.19
-0.09999999,3.78
-1.2,3.73
-3.4,3.86
-4.4,6.1
-3.8,8.08
-6.25,11.28
-10.6,18
-13.15,23.22
5.6,1.75
4.85,2.72
4.7,3.74
3.58,4.99
0.3,6.18
-1.9,7.6
-2.3,10.01
-3.32,12.84
-4.95,14.36
-5.77,15.87
-6.55,18.3
-7.38,18.24
-7.3,15.72
-7.35,15.16
-10.3,16.74
-14.25,16.43
-14.15,13.93
-10,10.91
-5.4,8.44
-2.18,7.3
-0.09999999,6.9
1.62,6.29
3.8,5.14
6.9,3.17
10.35,0.75
12.75,-1.37
14.15,-2.78
15.57,-3.86
17.5,-5.38
19.5,-7.08
21.6,-8.36
24.02,-9.22
26,-9.82
26.98,-9.83
27.35,-9.179999
27.35,-7.58
27,-5.65
27,-3.9
27.7,-2.02
27.9,-0.02
27.15,1.6
26.5,2.84
26.1,3.8
25,4.65
23.75,5.79
23.28,7.37
22.3,9.82
19.7,10.76
12.05,4.87
7.12,-2.4
8.05,-3.29
8.52,-4.94
7.9,-6.34
5.83,-6.76
3.9,-6.47
3.35,-7.53
2.75,-9.07
3.08,-6.86
4.15,-2.25
3.45,1.39
0.9,2.58
-2.45,1.82
-5.6,2.89
-6.8,6.09
-6.75,7.92
-8.3,10.29
-11.45,16.12
-14.82,21.77
