U,V
2.84751,-0.8994446
2.74751,-0.9994446
2.74751,-1.099445
2.74751,-1.099445
2.74751,-1.199445
2.64751,-1.299445
2.64751,-1.399445
2.64751,-1.399445
2.54751,-1.499445
2.54751,-1.599445
2.44751,-1.599445
2.44751,-1.699445
2.34751,-1.799445
2.34751,-1.799445
2.34751,-1.899445
2.24751,-1.899445
2.24751,-1.999445
2.14751,-2.099445
2.04751,-2.099445
2.04751,-2.199445
1.94751,-2.199445
1.94751,-2.299445
1.84751,-2.299445
1.74751,-2.399445
1.74751,-2.399445
1.64751,-2.499445
1.64751,-2.499445
1.54751,-2.499445
1.44751,-2.599445
1.44751,-2.599445
1.34751,-2.699445
1.24751,-2.699445
1.14751,-2.699445
1.14751,-2.699445
1.04751,-2.799445
0.9475098,-2.799445
0.9475098,-2.799445
0.8475098,-2.899445
0.7475098,-2.899445
0.6475098,-2.899445
0.6475098,-2.899445
0.5475098,-2.899445
0.4475098,-2.899445
0.3475098,-2.899445
0.3475098,-2.999445
0.2475098,-2.999445
0.1475098,-2.999445
0.04750977,-2.999445
-0.05249023,-2.999445
-0.05249023,-2.999445
-0.1524902,-2.999445
-0.2524903,-2.999445
-0.3524902,-2.999445
-0.3524902,-2.899445
-0.4524902,-2.899445
-0.5524902,-2.899445
-0.6524903,-2.899445
-0.7524902,-2.899445
-0.7524902,-2.899445
-0.8524902,-2.799445
-0.9524903,-2.799445
-1.05249,-2.799445
-1.05249,-2.799445
-1.15249,-2.699445
-1.25249,-2.699445
-1.25249,-2.699445
-1.35249,-2.599445
-1.45249,-2.599445
6.84751,-3.699445
6.64751,-3.799445
6.44751,-3.999445
6.24751,-4.099445
6.04751,-4.199445
5.74751,-4.299445
5.54751,-4.499444
5.24751,-4.499444
5.04751,-4.699445
4.84751,-4.699445
4.64751,-4.799445
4.34751,-4.799445
4.14751,-4.799445
3.94751,-4.899445
3.74751,-4.899445
3.44751,-4.999444
3.24751,-4.899445
3.04751,-4.899445
2.84751,-4.899445
2.54751,-4.899445
2.44751,-4.899445
2.14751,-4.899445
1.94751,-4.799445
1.74751,-4.799445
1.54751,-4.699445
1.44751,-4.699445
1.24751,-4.599445
1.04751,-4.599445
0.8475098,-4.499444
0.7475098,-4.399445
0.5475098,-4.399445
0.4475098,-4.299445
0.2475098,-4.199445
0.04750977,-4.099445
-0.05249023,-3.999445
-0.1524902,-3.899445
-0.3524902,-3.899445
-0.4524902,-3.799445
-0.5524902,-3.699445
-0.6524903,-3.499445
-0.7524902,-3.399445
-0.8524902,-3.299445
-0.9524903,-3.299445
-1.05249,-3.199445
-1.15249,-3.099445
-1.25249,-2.899445
-1.25249,-2.799445
-1.35249,-2.699445
-1.45249,-2.599445
-1.45249,-2.499445
-1.55249,-2.399445
-1.55249,-2.199445
-1.65249,-2.099445
-1.65249,-1.999445
-1.65249,-1.899445
-1.75249,-1.799445
-1.75249,-1.699445
-1.75249,-1.499445
-1.75249,-1.399445
-1.75249,-1.299445
-1.75249,-1.199445
-1.65249,-1.099445
-1.65249,-0.9994446
-1.65249,-0.8994446
-1.65249,-0.6994446
-1.55249,-0.6994446
-1.55249,-0.5994446
-1.55249,-0.4994446
12.04751,-7.299445
11.54751,-7.499444
11.14751,-7.699445
10.54751,-7.999444
10.14751,-8.099444
9.64751,-8.299445
9.14751,-8.399445
8.64751,-8.499445
8.14751,-8.599444
7.64751,-8.599444
7.14751,-8.599444
6.54751,-8.599444
6.14751,-8.599444
5.64751,-8.599444
5.14751,-8.499445
4.64751,-8.399445
4.24751,-8.299445
3.74751,-8.199445
3.34751,-8.099444
2.84751,-7.999444
2.44751,-7.699445
2.04751,-7.599445
1.74751,-7.399445
1.34751,-7.299445
1.04751,-7.099445
0.6475098,-6.899445
0.3475098,-6.699445
0.04750977,-6.499444
-0.2524903,-6.299445
-0.5524902,-6.199445
-0.7524902,-5.899445
-1.05249,-5.799445
-1.25249,-5.499444
-1.55249,-5.399445
-1.75249,-5.199445
-1.95249,-4.999444
-2.15249,-4.799445
-2.35249,-4.599445
-2.45249,-4.399445
-2.65249,-4.199445
-2.75249,-3.999445
-2.95249,-3.799445
-2.95249,-3.499445
-3.15249,-3.299445
-3.15249,-3.099445
-3.25249,-2.899445
-3.25249,-2.599445
-3.35249,-2.399445
-3.35249,-2.199445
-3.35249,-1.999445
-3.35249,-1.699445
-3.35249,-1.499445
-3.35249,-1.299445
-3.25249,-0.9994446
-3.25249,-0.7994446
-3.15249,-0.5994446
-3.05249,-0.2994446
-3.05249,-0.1994446
-2.95249,0.1005554
-2.85249,0.2005554
-2.65249,0.5005555
-2.65249,0.6005554
-2.45249,0.9005554
-2.35249,1.000555
-2.15249,1.200555
-2.05249,1.300555
-1.85249,1.500555
-1.75249,1.600555
15.24751,-11.79945
14.54751,-12.09944
13.94751,-12.39944
13.14751,-12.59944
12.44751,-12.89944
11.74751,-12.99944
11.04751,-13.09944
10.24751,-13.19944
9.54751,-13.19944
8.74751,-13.19944
8.04751,-13.09944
7.24751,-12.99944
6.54751,-12.89944
5.74751,-12.59944
5.14751,-12.39944
4.44751,-12.09944
3.74751,-11.89944
3.14751,-11.59944
2.54751,-11.29945
1.94751,-10.99944
1.44751,-10.59944
0.9475098,-10.29945
0.4475098,-9.999445
0.04750977,-9.699445
-0.4524902,-9.399445
-0.7524902,-9.099444
-1.15249,-8.899445
-1.55249,-8.599444
-1.85249,-8.299445
-2.15249,-7.999444
-2.45249,-7.799445
-2.75249,-7.499444
-3.05249,-7.199445
-3.35249,-6.899445
-3.55249,-6.699445
-3.85249,-6.299445
-3.95249,-5.999444
-4.252491,-5.599445
-4.35249,-5.299445
-4.45249,-4.799445
-4.55249,-4.399445
-4.65249,-3.999445
-4.65249,-3.599445
-4.65249,-3.099445
-4.65249,-2.599445
-4.55249,-2.199445
-4.45249,-1.699445
-4.35249,-1.299445
-4.15249,-0.8994446
-4.05249,-0.3994446
-3.75249,0.00055541995
-3.55249,0.4005554
-3.35249,0.8005554
-3.15249,1.100555
-2.85249,1.400555
-2.65249,1.700555
-2.35249,2.000556
-2.15249,2.200556
-1.95249,2.400555
-1.65249,2.700556
-1.45249,2.800555
-1.25249,2.900555
-1.05249,3.000556
-0.8524902,3.200556
-0.6524903,3.200556
-0.4524902,3.300555
-0.2524903,3.400555
-0.1524902,3.500556
17.24751,-16.29944
16.24751,-16.59945
15.34751,-16.89944
14.34751,-17.19945
13.44751,-17.29944
12.54751,-17.39944
11.64751,-17.39944
10.74751,-17.39944
9.74751,-17.29944
8.84751,-17.19945
7.94751,-16.99944
7.04751,-16.69945
6.24751,-16.39944
5.34751,-16.09945
4.54751,-15.69944
3.64751,-15.29945
2.94751,-14.79945
2.14751,-14.39944
1.54751,-13.89944
0.8475098,-13.49944
0.2475098,-12.99944
-0.3524902,-12.59944
-0.8524902,-12.19944
-1.35249,-11.79945
-1.85249,-11.39944
-2.35249,-11.09944
-2.65249,-10.79945
-3.05249,-10.39944
-3.45249,-10.09944
-3.75249,-9.699445
-4.05249,-9.299445
-4.35249,-8.899445
-4.65249,-8.399445
-4.85249,-7.899445
-5.05249,-7.299445
-5.15249,-6.699445
-5.252491,-6.099445
-5.35249,-5.399445
-5.35249,-4.699445
-5.252491,-3.999445
-5.252491,-3.199445
-5.15249,-2.599445
-4.95249,-1.799445
-4.752491,-1.099445
-4.45249,-0.3994446
-4.252491,0.3005554
-3.95249,0.9005554
-3.65249,1.500555
-3.25249,2.000556
-2.95249,2.500556
-2.55249,2.900555
-2.15249,3.300555
-1.75249,3.600555
-1.45249,3.800555
-1.05249,4.000556
-0.6524903,4.200555
-0.3524902,4.200555
-0.05249023,4.300556
0.2475098,4.300556
0.4475098,4.300556
0.6475098,4.300556
0.8475098,4.200555
1.04751,4.200555
1.14751,4.100555
1.34751,4.100555
1.44751,4.000556
1.64751,4.000556
1.74751,4.000556
18.44751,-20.19945
17.24751,-20.69945
16.04751,-21.09945
14.94751,-21.29944
13.84751,-21.39944
12.74751,-21.39944
11.74751,-21.39944
10.74751,-21.29944
9.84751,-21.09945
8.84751,-20.79944
7.84751,-20.59945
6.94751,-20.19945
5.94751,-19.89944
4.94751,-19.39944
4.04751,-18.89944
3.04751,-18.39944
2.14751,-17.79944
1.14751,-17.09945
0.3475098,-16.49944
-0.3524902,-15.79945
-1.15249,-15.19944
-1.75249,-14.59944
-2.35249,-14.09944
-2.95249,-13.59944
-3.45249,-13.09944
-3.85249,-12.59944
-4.35249,-12.19944
-4.752491,-11.69944
-5.05249,-11.19944
-5.35249,-10.49944
-5.65249,-9.899445
-5.85249,-9.099444
-6.05249,-8.299445
-6.15249,-7.399445
-6.15249,-6.499444
-6.15249,-5.599445
-6.05249,-4.599445
-5.95249,-3.599445
-5.65249,-2.599445
-5.45249,-1.599445
-5.15249,-0.6994446
-4.85249,0.2005554
-4.55249,1.000555
-4.15249,1.800555
-3.85249,2.400555
-3.45249,3.100555
-3.15249,3.600555
-2.75249,4.000556
-2.35249,4.400556
-2.05249,4.700555
-1.65249,4.900556
-1.35249,5.000556
-1.05249,5.100555
-0.8524902,5.200555
-0.5524902,5.100555
-0.3524902,5.100555
-0.1524902,5.000556
0.04750977,4.900556
0.2475098,4.800556
0.4475098,4.800556
0.6475098,4.800556
0.8475098,4.800556
0.9475098,4.800556
1.14751,4.800556
1.34751,5.000556
1.54751,5.100555
1.84751,5.200555
2.14751,5.500556
18.34751,-22.89944
17.14751,-23.59945
15.94751,-24.09945
14.74751,-24.39944
13.54751,-24.39944
12.54751,-24.39944
11.54751,-24.19945
10.64751,-23.99944
9.84751,-23.79944
9.04751,-23.49944
8.14751,-23.19945
7.14751,-22.89944
6.24751,-22.59945
5.14751,-22.19945
4.04751,-21.59945
2.84751,-20.99944
1.84751,-20.19945
0.7475098,-19.39944
-0.1524902,-18.49944
-1.05249,-17.69945
-1.75249,-16.79944
-2.35249,-16.09945
-2.95249,-15.29945
-3.45249,-14.59944
-3.85249,-13.99944
-4.35249,-13.49944
-4.752491,-12.89944
-5.15249,-12.29945
-5.55249,-11.59944
-5.95249,-10.79945
-6.252491,-9.899445
-6.65249,-8.899445
-6.752491,-7.799445
-6.95249,-6.599445
-7.05249,-5.299445
-7.15249,-3.999445
-7.05249,-2.799445
-7.05249,-1.599445
-6.85249,-0.4994446
-6.65249,0.5005555
-6.35249,1.500555
-6.05249,2.400555
-5.752491,3.200556
-5.35249,3.900555
-4.95249,4.500556
-4.65249,5.100555
-4.15249,5.600555
-3.85249,5.900556
-3.45249,6.100555
-3.05249,6.200555
-2.75249,6.200555
-2.45249,6.100555
-2.25249,5.900556
-2.05249,5.700555
-1.75249,5.500556
-1.65249,5.300556
-1.35249,5.100555
-1.25249,5.000556
-1.05249,5.000556
-0.8524902,5.000556
-0.6524903,5.100555
-0.4524902,5.300556
-0.1524902,5.500556
0.1475098,5.800556
0.5475098,6.200555
1.14751,6.600555
1.74751,7.000556
2.34751,7.400556
18.84751,-22.79944
17.64751,-23.99944
16.34751,-24.89944
15.14751,-25.49944
13.94751,-25.79944
12.84751,-25.99944
11.94751,-25.99944
11.24751,-25.99944
10.44751,-25.99944
9.64751,-25.89944
8.84751,-25.79944
7.74751,-25.59945
6.64751,-25.19945
5.44751,-24.79944
4.24751,-24.09945
3.04751,-23.29944
1.94751,-22.39944
0.9475098,-21.49944
0.04750977,-20.39944
-0.7524902,-19.39944
-1.35249,-18.39944
-2.05249,-17.39944
-2.65249,-16.49944
-3.25249,-15.69944
-3.75249,-14.99944
-4.45249,-14.29945
-5.05249,-13.69944
-5.65249,-12.99944
-6.15249,-12.29945
-6.752491,-11.39944
-7.15249,-10.39944
-7.45249,-9.199445
-7.65249,-7.899445
-7.752491,-6.399445
-7.752491,-4.999444
-7.752491,-3.499445
-7.55249,-2.199445
-7.55249,-0.8994446
-7.35249,0.2005554
-7.15249,1.100555
-7.05249,2.000556
-6.85249,2.800555
-6.65249,3.600555
-6.35249,4.300556
-6.05249,5.000556
-5.752491,5.800556
-5.45249,6.300556
-5.15249,6.800556
-4.752491,7.100555
-4.45249,7.200555
-4.15249,7.200555
-3.85249,7.200555
-3.45249,6.900556
-3.05249,6.800556
-2.65249,6.500556
-2.15249,6.300556
-1.75249,6.100555
-1.25249,6.000556
-0.8524902,6.000556
-0.4524902,6.100555
-0.05249023,6.300556
0.4475098,6.700555
0.9475098,7.100555
1.64751,7.600555
2.44751,8.100555
3.34751,8.700556
4.24751,9.200556
5.14751,9.600555
19.74751,-22.19945
18.74751,-23.89944
17.54751,-25.29944
16.24751,-26.29944
15.04751,-26.99944
13.94751,-27.49944
13.04751,-27.69945
12.14751,-27.79944
11.44751,-27.79944
10.64751,-27.79944
9.74751,-27.69945
8.64751,-27.59945
7.54751,-27.19945
6.34751,-26.79944
5.14751,-26.09945
4.04751,-25.29944
3.14751,-24.29944
2.24751,-23.29944
1.54751,-22.19945
0.7475098,-21.09945
0.04750977,-19.99944
-0.6524903,-18.99944
-1.35249,-17.99944
-2.15249,-17.09945
-2.95249,-16.19945
-3.75249,-15.39944
-4.45249,-14.59944
-5.252491,-13.79945
-5.95249,-12.89944
-6.65249,-11.89944
-7.05249,-10.69944
-7.55249,-9.399445
-7.85249,-7.999444
-8.05249,-6.399445
-8.152491,-4.799445
-8.152491,-3.299445
-8.05249,-1.799445
-7.95249,-0.3994446
-7.752491,0.9005554
-7.65249,1.900555
-7.45249,3.000556
-7.252491,3.900555
-7.05249,4.700555
-6.752491,5.500556
-6.55249,6.100555
-6.252491,6.700555
-5.85249,7.200555
-5.55249,7.600555
-5.15249,7.900556
-4.85249,8.200556
-4.55249,8.300555
-4.15249,8.300555
-3.75249,8.300555
-3.35249,8.300555
-2.85249,8.200556
-2.45249,8.100555
-1.95249,8.100555
-1.55249,8.100555
-0.9524903,8.200556
-0.4524902,8.500556
0.1475098,8.900556
0.7475098,9.500556
1.54751,10.20056
2.34751,10.90056
3.24751,11.40056
4.24751,11.90056
5.14751,12.20056
5.94751,12.20056
17.24751,-20.09945
16.64751,-22.09945
15.94751,-23.79944
15.04751,-25.19945
14.24751,-26.29944
13.64751,-26.99944
13.04751,-27.39944
12.64751,-27.69945
12.04751,-27.89944
11.44751,-27.89944
10.74751,-27.89944
9.94751,-27.79944
9.04751,-27.59945
8.14751,-27.29944
7.34751,-26.89944
6.44751,-26.29944
5.64751,-25.69945
4.64751,-24.89944
3.64751,-23.89944
2.64751,-22.79944
1.64751,-21.59945
0.6475098,-20.39944
-0.2524903,-19.29944
-1.15249,-18.39944
-1.85249,-17.69945
-2.55249,-17.09945
-3.25249,-16.49944
-3.95249,-15.69944
-4.55249,-14.79945
-5.252491,-13.59944
-5.752491,-12.19944
-6.35249,-10.59944
-6.85249,-8.899445
-7.252491,-7.099445
-7.55249,-5.399445
-7.752491,-3.599445
-7.85249,-1.899445
-7.85249,-0.09944458
-7.85249,1.500555
-7.752491,3.100555
-7.55249,4.300556
-7.35249,5.400556
-7.15249,6.200555
-6.95249,6.700555
-6.752491,7.000556
-6.55249,7.200555
-6.35249,7.300556
-6.15249,7.500556
-5.95249,7.700555
-5.85249,8.000556
-5.65249,8.200556
-5.35249,8.500556
-5.05249,8.700556
-4.752491,8.900556
-4.35249,9.100555
-3.85249,9.400556
-3.25249,9.500556
-2.55249,9.900556
-1.75249,10.30056
-0.9524903,10.80056
-0.1524902,11.40056
0.7475098,12.10056
1.44751,12.70056
2.14751,13.10056
2.64751,13.30056
3.04751,13.40056
3.44751,13.30056
3.74751,13.00056
14.24751,-17.79944
13.94751,-19.59945
13.64751,-21.09945
13.34751,-22.29944
13.24751,-23.19945
13.44751,-23.89944
13.74751,-24.59945
13.84751,-25.09945
13.94751,-25.69945
13.54751,-26.09945
13.04751,-26.29944
12.34751,-26.39944
11.64751,-26.29944
11.04751,-26.29944
10.34751,-26.29944
9.54751,-26.39944
8.54751,-26.39944
7.14751,-26.19945
5.84751,-25.79944
4.34751,-24.89944
3.14751,-23.79944
1.94751,-22.39944
1.04751,-20.99944
0.04750977,-19.89944
-0.7524902,-18.89944
-1.55249,-18.09945
-2.35249,-17.49944
-3.05249,-16.89944
-3.75249,-15.99944
-4.45249,-14.89944
-4.85249,-13.39944
-5.35249,-11.69944
-5.752491,-9.799445
-6.15249,-7.799445
-6.35249,-5.799445
-6.752491,-3.799445
-6.85249,-1.799445
-7.15249,0.1005554
-7.35249,2.000556
-7.55249,3.600555
-7.55249,4.900556
-7.65249,5.700555
-7.752491,6.200555
-7.752491,6.300556
-7.85249,6.300556
-7.85249,6.400556
-7.752491,6.600555
-7.752491,6.900556
-7.65249,7.400556
-7.55249,7.900556
-7.35249,8.500556
-7.05249,9.000556
-6.752491,9.600555
-6.252491,10.10056
-5.65249,10.60056
-4.95249,11.20056
-4.05249,11.70056
-3.15249,12.20056
-2.35249,12.70056
-1.65249,13.00056
-0.9524903,13.30056
-0.5524902,13.50056
-0.2524903,13.70056
-0.05249023,13.50056
0.1475098,13.20056
0.1475098,12.80056
0.2475098,12.50056
0.2475098,12.40056
14.44751,-13.49944
14.64751,-15.29945
14.64751,-16.99944
14.44751,-18.29944
14.44751,-19.39944
14.74751,-20.19945
15.44751,-20.89944
16.14751,-21.59945
16.84751,-22.59945
17.14751,-23.59945
17.04751,-24.59945
16.74751,-25.49944
16.34751,-26.09945
15.84751,-26.49944
15.14751,-26.79944
14.14751,-26.99944
12.84751,-26.99944
11.24751,-26.79944
9.74751,-26.59945
8.34751,-26.09945
7.34751,-25.59945
6.54751,-24.89944
5.64751,-24.19945
4.44751,-23.19945
2.94751,-21.99944
1.24751,-20.39944
-0.2524903,-18.69945
-1.55249,-17.09945
-2.55249,-15.59944
-3.25249,-14.39944
-3.75249,-13.19944
-4.252491,-11.79945
-4.65249,-10.19944
-5.15249,-8.499445
-5.65249,-6.699445
-6.252491,-4.799445
-6.752491,-2.899445
-7.252491,-0.9994446
-7.55249,0.9005554
-7.85249,2.500556
-7.95249,3.900555
-8.05249,4.700555
-8.152491,5.200555
-8.152491,5.300556
-8.25249,5.300556
-8.35249,5.400556
-8.452491,5.600555
-8.652491,6.200555
-8.652491,6.900556
-8.652491,7.800556
-8.35249,8.800555
-7.85249,9.900556
-7.35249,10.80056
-6.752491,11.50056
-6.252491,12.00056
-5.752491,12.50056
-5.252491,12.70056
-4.55249,13.00056
-3.95249,13.10056
-3.45249,13.10056
-3.05249,12.80056
-2.95249,12.50056
-2.65249,12.30056
-2.45249,12.20056
-2.15249,12.20056
-2.05249,12.40056
-2.15249,12.60056
-2.35249,12.50056
15.34751,-7.999444
16.54751,-9.699445
17.44751,-11.59944
17.74751,-13.49944
17.84751,-15.09944
17.94751,-16.39944
18.24751,-17.39944
18.94751,-18.09945
19.84751,-18.99944
20.54751,-20.09945
20.94751,-21.59945
21.04751,-23.09945
20.94751,-24.59945
20.74751,-25.89944
20.24751,-26.99944
19.44751,-27.69945
18.34751,-28.09945
16.94751,-28.19945
15.74751,-28.19945
14.74751,-28.09945
14.04751,-28.19945
13.14751,-28.39944
12.04751,-28.19945
10.24751,-27.39944
8.14751,-25.69945
5.84751,-23.19945
3.94751,-20.19945
2.44751,-17.69945
1.34751,-15.59944
0.3475098,-14.39944
-0.4524902,-13.59944
-1.45249,-12.79945
-2.25249,-11.69944
-3.15249,-10.19944
-3.95249,-8.399445
-4.95249,-6.499444
-5.752491,-4.399445
-6.55249,-2.499445
-7.05249,-0.4994446
-7.55249,1.200555
-7.85249,2.800555
-8.25249,3.900555
-8.55249,4.700555
-8.75249,5.100555
-8.75249,5.200555
-8.55249,5.200555
-8.35249,5.100555
-8.25249,5.300556
-8.25249,6.000556
-8.25249,7.300556
-7.85249,8.900556
-7.45249,10.50056
-6.85249,11.80056
-6.65249,12.40056
-6.55249,12.60056
-6.752491,12.40056
-6.752491,12.30056
-6.45249,12.40056
-5.85249,12.40056
-5.15249,12.40056
-4.55249,12.20056
-4.252491,11.90056
-3.95249,12.00056
-3.55249,12.40056
-3.25249,13.20056
-3.35249,13.90056
-3.75249,14.10056
-4.05249,13.30056
14.24751,-3.299445
15.74751,-4.499444
17.14751,-6.099445
18.24751,-7.799445
19.14751,-9.699445
19.94751,-11.49944
20.74751,-13.09944
21.64751,-14.39944
22.74751,-15.49944
23.74751,-16.69945
24.64751,-17.99944
25.24751,-19.59945
25.64751,-21.29944
25.74751,-22.99944
25.54751,-24.69945
24.94751,-26.29944
24.14751,-27.59945
23.14751,-28.69945
22.24751,-29.39944
21.34751,-29.89944
20.44751,-30.19945
19.14751,-30.19945
17.64751,-29.89944
15.74751,-28.89944
13.84751,-27.39944
12.14751,-25.29944
10.74751,-23.09945
9.44751,-21.19945
8.04751,-19.59945
6.34751,-18.49944
4.54751,-17.49944
2.74751,-16.29944
1.14751,-15.09944
-0.3524902,-13.39944
-1.65249,-11.59944
-3.05249,-9.499445
-4.15249,-7.099445
-5.15249,-4.699445
-5.85249,-2.399445
-6.35249,-0.5994446
-6.85249,0.8005554
-7.65249,1.900555
-8.55249,2.900555
-9.35249,3.800555
-9.652491,4.700555
-9.152491,5.300556
-8.25249,5.600555
-7.35249,5.800556
-6.65249,6.100555
-6.45249,7.100555
-6.252491,8.500556
-6.15249,10.20056
-5.95249,11.60056
-5.95249,12.10056
-6.252491,12.10056
-6.752491,11.70056
-7.05249,11.40056
-6.85249,11.60056
-6.252491,12.10056
-5.55249,12.60056
-5.15249,12.80056
-5.252491,12.90056
-5.45249,13.00056
-5.55249,13.20056
-5.65249,13.40056
-5.85249,13.40056
-6.35249,12.70056
-6.55249,11.50056
12.34751,-1.399445
13.14751,-1.699445
14.24751,-1.999445
15.74751,-2.299445
17.44751,-2.999445
19.24751,-4.099445
20.94751,-5.699445
22.64751,-7.499444
24.14751,-9.599444
25.44751,-11.69944
26.54751,-14.09944
27.54751,-16.39944
28.34751,-18.79944
28.74751,-20.99944
28.74751,-22.99944
28.54751,-24.79944
28.14751,-26.29944
27.74751,-27.69945
27.44751,-28.69945
26.94751,-29.39944
26.24751,-29.69945
24.94751,-29.59945
23.54751,-29.29944
21.84751,-28.79944
20.34751,-28.19945
18.94751,-27.59945
17.74751,-26.79944
16.24751,-26.09945
14.54751,-25.09945
12.34751,-23.79944
10.14751,-22.19945
7.74751,-20.29944
5.64751,-18.29944
3.54751,-16.49944
1.84751,-14.59944
0.1475098,-12.49944
-1.25249,-9.999445
-2.55249,-7.299445
-3.45249,-4.799445
-4.35249,-2.899445
-4.85249,-1.499445
-5.65249,-0.4994446
-6.55249,0.8005554
-7.65249,2.500556
-8.25249,4.400556
-8.452491,5.800556
-7.752491,6.700555
-6.752491,7.000556
-5.95249,7.200555
-5.65249,7.600555
-5.55249,8.300555
-5.55249,9.400556
-5.252491,10.50056
-5.15249,11.00056
-5.252491,11.00056
-5.752491,10.80056
-6.252491,10.70056
-6.45249,11.00056
-6.05249,11.70056
-5.55249,12.50056
-5.35249,13.00056
-5.752491,13.10056
-6.35249,12.90056
-6.95249,12.70056
-7.45249,12.60056
-8.35249,12.30056
-9.35249,11.60056
-9.952491,10.40056
14.44751,-0.4994446
15.34751,-0.1994446
16.64751,0.1005554
18.24751,0.4005554
20.14751,0.4005554
22.14751,-0.09944458
24.04751,-1.199445
25.74751,-2.699445
27.24751,-4.699445
28.34751,-6.999444
29.14751,-9.599444
29.54751,-12.29945
29.64751,-15.09944
29.44751,-17.59945
29.14751,-19.99944
28.94751,-21.99944
28.74751,-23.89944
28.74751,-25.39944
28.84751,-26.49944
28.94751,-27.19945
28.84751,-27.69945
28.34751,-27.99944
27.64751,-28.39944
26.74751,-28.79944
25.84751,-29.29944
24.74751,-29.79944
23.54751,-30.19945
21.94751,-30.39944
20.04751,-30.29944
17.54751,-29.39944
14.94751,-27.89944
12.04751,-25.69945
9.34751,-23.19945
6.84751,-20.59945
4.84751,-18.09945
3.24751,-15.29945
2.04751,-12.59944
1.04751,-9.599444
-0.05249023,-7.099445
-0.9524903,-5.199445
-1.75249,-3.899445
-2.25249,-2.899445
-2.85249,-1.699445
-3.75249,0.5005555
-4.65249,3.000556
-5.55249,5.400556
-6.05249,7.000556
-5.95249,7.900556
-5.752491,8.300555
-5.55249,8.500556
-5.55249,8.700556
-5.752491,9.000556
-5.752491,9.500556
-5.55249,10.10056
-5.35249,10.50056
-5.45249,10.50056
-5.65249,10.30056
-5.85249,10.40056
-5.95249,10.70056
-5.95249,11.20056
-6.15249,11.60056
-6.65249,11.30056
-7.15249,10.80056
-7.65249,10.30056
-7.95249,10.20056
-8.652491,10.40056
-9.85249,10.20056
-10.85249,9.400556
16.44751,1.300555
17.94751,1.600555
19.74751,2.000556
21.44751,2.200556
23.14751,2.000556
24.34751,1.300555
25.54751,0.3005554
26.74751,-1.099445
28.24751,-2.999445
29.74751,-5.299445
30.84751,-7.899445
31.34751,-10.39944
31.44751,-12.79945
31.54751,-14.89944
31.74751,-16.89944
32.04751,-18.69945
32.24751,-20.49944
32.24751,-21.99944
32.24751,-23.39944
32.44751,-24.39944
32.54751,-25.49944
32.44751,-26.69945
32.04751,-27.99944
31.24751,-29.29944
30.54751,-30.59945
29.64751,-31.69945
28.74751,-32.59945
27.34751,-33.09945
25.44751,-32.99945
22.64751,-32.09945
19.54751,-30.29944
16.14751,-27.99944
13.14751,-25.49944
10.44751,-22.89944
8.24751,-20.29944
6.44751,-17.59945
5.14751,-14.79945
3.94751,-11.99944
2.94751,-9.399445
1.94751,-7.299445
1.24751,-5.799445
0.4475098,-4.799445
-0.2524903,-3.499445
-1.15249,-1.699445
-2.15249,0.7005554
-3.45249,3.200556
-4.45249,5.600555
-5.35249,7.100555
-5.65249,8.200556
-5.65249,8.500556
-5.55249,8.400556
-5.85249,8.000556
-6.35249,8.100555
-6.85249,8.900556
-6.85249,10.10056
-6.45249,10.90056
-5.95249,11.00056
-5.85249,10.70056
-5.95249,10.50056
-6.252491,10.40056
-6.55249,10.50056
-6.85249,10.20056
-6.95249,9.500556
-6.752491,8.700556
-6.15249,8.100555
-5.85249,8.100555
-6.05249,8.200556
-6.95249,7.700555
19.94751,4.500556
20.74751,4.000556
21.24751,3.500556
22.04751,3.200556
23.14751,2.700556
24.44751,2.100555
25.94751,1.400555
27.64751,0.3005554
29.54751,-1.499445
31.54751,-3.799445
32.94751,-6.399445
33.64751,-8.799445
33.94751,-10.89944
34.24751,-12.59944
34.74751,-14.29945
35.24751,-15.99944
35.64751,-17.79944
35.94751,-19.39944
36.24751,-20.79944
36.54751,-21.99944
36.74751,-23.49944
36.74751,-25.59945
36.44751,-28.19945
35.64751,-30.99944
34.54751,-33.39944
33.14751,-34.89944
31.84751,-35.69944
30.34751,-35.69944
28.74751,-35.19944
26.64751,-34.19944
24.14751,-32.89944
21.14751,-31.19945
18.24751,-29.19945
15.44751,-26.79944
12.94751,-23.89944
10.64751,-20.69945
8.54751,-17.49944
6.54751,-14.59944
4.94751,-12.09944
3.74751,-9.999445
2.84751,-8.199445
2.04751,-6.799445
1.44751,-5.499444
0.5475098,-3.899445
-0.1524902,-1.899445
-1.05249,0.5005555
-1.85249,3.000556
-2.95249,5.100555
-3.65249,6.700555
-3.95249,7.500556
-3.85249,7.500556
-4.05249,6.900556
-4.45249,6.600555
-5.252491,7.300556
-5.85249,8.700556
-6.15249,10.10056
-6.05249,10.80056
-5.95249,10.60056
-5.85249,10.00056
-5.85249,9.600555
-5.752491,9.400556
-5.65249,9.700556
-5.35249,9.800555
-4.95249,9.700556
-4.45249,9.400556
-3.75249,9.000556
-3.15249,8.500556
-2.95249,7.900556
17.44751,7.800556
17.84751,6.900556
18.54751,6.700555
20.34751,6.800556
23.04751,6.700555
26.14751,6.000556
29.04751,4.800556
31.54751,3.000556
33.94751,0.8005554
36.14751,-1.599445
38.24751,-4.099445
39.94751,-6.299445
41.34751,-8.499445
42.14751,-10.49944
42.34751,-12.69944
42.24751,-14.89944
42.24751,-17.09945
42.24751,-18.99944
42.14751,-20.39944
41.74751,-21.19945
40.94751,-21.79944
39.84751,-23.39944
38.94751,-26.09945
38.04751,-30.19945
36.84751,-34.29945
35.04751,-37.29945
32.94751,-38.79945
30.64751,-38.79945
28.84751,-38.09945
27.44751,-37.39944
26.34751,-36.69944
24.54751,-35.79945
22.34751,-34.19944
19.44751,-31.59945
16.74751,-28.39944
14.14751,-24.89944
11.84751,-21.29944
9.44751,-17.79944
7.34751,-14.79945
5.64751,-12.29945
4.64751,-10.09944
3.94751,-8.299445
3.54751,-6.599445
2.94751,-5.099445
2.44751,-3.199445
1.74751,-0.9994446
1.24751,1.400555
0.5475098,3.500556
-0.1524902,5.100555
-0.6524903,5.800556
-0.9524903,6.000556
-0.9524903,5.800556
-0.8524902,5.800556
-1.05249,6.200555
-1.75249,7.100555
-3.15249,8.500556
-4.45249,9.600555
-5.15249,9.700556
-5.15249,9.300555
-4.85249,8.800555
-4.45249,8.700556
-3.95249,9.400556
-3.25249,10.20056
-2.75249,10.50056
-2.45249,10.40056
-2.45249,9.900556
-2.15249,9.200556
-1.55249,8.400556
15.94751,9.900556
17.84751,10.50056
19.94751,11.60056
22.84751,12.60056
26.44751,12.70056
29.34751,11.90056
31.24751,10.10056
32.54751,7.700555
34.04751,4.900556
35.54751,2.000556
37.04751,-0.7994446
38.94751,-3.299445
41.14751,-5.399445
42.84751,-7.099445
43.94751,-8.999445
44.84751,-11.29945
46.34751,-14.09944
48.34751,-16.99944
49.74751,-20.19945
49.54751,-23.09945
48.14751,-25.49944
45.94751,-27.39944
43.54751,-29.39944
41.14751,-32.19944
39.14751,-35.29945
37.44751,-37.79945
35.54751,-39.19944
33.44751,-39.39944
31.44751,-39.09945
29.94751,-39.09945
28.74751,-39.59945
27.64751,-39.89944
26.04751,-39.29945
23.44751,-37.09945
20.54751,-33.89944
17.44751,-30.19945
14.74751,-26.19945
12.14751,-21.99944
9.94751,-18.09945
8.14751,-14.79945
6.94751,-11.89944
6.04751,-9.399445
5.44751,-7.099445
5.14751,-5.399445
5.14751,-3.999445
4.74751,-2.299445
4.24751,-0.1994446
3.54751,1.900555
3.04751,3.400555
2.64751,4.300556
2.14751,4.800556
1.74751,5.000556
1.44751,5.100555
1.24751,5.300556
0.9475098,5.400556
-0.2524903,6.200555
-1.65249,7.600555
-2.55249,8.800555
-2.85249,9.000556
-2.65249,8.400556
-2.35249,8.000556
-2.15249,8.900556
-1.55249,9.800555
-1.25249,10.10056
-1.45249,9.800555
-1.65249,9.800555
-1.45249,9.900556
-0.6524903,10.10056
19.04751,16.20056
21.44751,18.10056
23.14751,18.80056
24.44751,18.20056
25.94751,16.90056
27.84751,15.80056
30.14751,14.50056
33.24751,12.90056
36.84751,10.80056
39.54751,7.900556
41.24751,4.400556
42.44751,0.7005554
43.84751,-2.799445
44.84751,-5.999444
45.34751,-9.099444
45.44751,-12.29945
46.24751,-15.29945
48.24751,-17.69945
50.14751,-19.99944
50.44751,-22.79944
49.64751,-25.89944
48.54751,-29.09945
47.54751,-32.29945
45.74751,-35.59945
43.34751,-38.39944
41.04751,-39.79945
39.24751,-40.19944
37.94751,-40.29945
36.54751,-40.49945
34.44751,-40.89944
32.04751,-41.49945
29.74751,-42.09945
27.84751,-42.29945
25.74751,-41.39944
23.34751,-39.19944
20.34751,-35.69944
17.44751,-31.19945
14.54751,-26.09945
12.24751,-21.19945
10.54751,-17.39944
9.34751,-14.19944
7.84751,-11.09944
6.54751,-7.999444
5.64751,-5.699445
5.54751,-3.999445
5.54751,-2.699445
5.74751,-0.9994446
5.74751,0.7005554
5.94751,2.200556
5.64751,3.000556
5.14751,3.500556
4.34751,3.800555
3.54751,4.100555
2.94751,4.100555
2.74751,3.900555
2.34751,4.200555
1.54751,5.700555
0.5475098,7.900556
0.1475098,9.100555
0.1475098,8.300555
0.04750977,7.300556
-0.05249023,7.400556
0.1475098,8.100555
0.1475098,8.400556
-0.2524903,8.300555
-0.8524902,8.700556
-0.9524903,9.900556
-0.2524903,11.30056
17.44751,21.20056
20.24751,22.30056
22.94751,21.10056
24.24751,18.40056
24.74751,16.20056
26.04751,15.30056
29.04751,14.80056
32.74751,13.70056
35.84751,11.80056
38.04751,9.700556
40.14751,7.000556
41.64751,3.300555
42.14751,-0.5994446
42.54751,-3.599445
43.44751,-6.299445
44.14751,-9.199445
44.24751,-12.39944
45.54751,-14.89944
48.14751,-17.29944
49.44751,-19.79944
48.64751,-22.29944
47.24751,-24.39944
47.24751,-26.69945
47.84751,-29.69945
47.34751,-32.99945
45.04751,-35.69944
41.74751,-37.79945
38.54751,-39.39944
35.94751,-40.69944
33.84751,-41.29945
31.74751,-41.89944
29.34751,-42.39944
27.54751,-42.49945
26.14751,-42.09945
24.64751,-40.99945
22.64751,-38.59945
20.54751,-34.99945
18.04751,-29.99944
15.54751,-24.69945
13.64751,-20.19945
12.24751,-16.69945
10.64751,-13.59944
9.04751,-10.49944
7.74751,-7.199445
7.14751,-4.399445
7.04751,-2.399445
7.34751,-0.6994446
7.84751,0.7005554
8.04751,1.800555
7.64751,2.400555
7.24751,2.700556
7.14751,2.700556
6.64751,2.700556
5.84751,2.800555
5.24751,3.000556
5.14751,3.600555
4.94751,4.800556
4.44751,6.500556
3.84751,7.400556
3.04751,7.200555
2.24751,6.800556
2.14751,7.300556
2.64751,7.900556
3.14751,7.700555
3.04751,7.100555
2.44751,7.200555
1.84751,8.400556
1.84751,10.50056
14.64751,21.80056
18.04751,22.10056
21.84751,21.00056
23.94751,19.10056
25.24751,17.50056
27.24751,16.40056
29.94751,15.20056
31.44751,13.50056
31.54751,11.90056
32.54751,10.70056
34.94751,8.800555
35.94751,5.200555
34.94751,1.100555
34.54751,-1.499445
36.74751,-3.199445
39.24751,-5.799445
39.64751,-9.899445
40.04751,-14.39944
43.14751,-18.59945
46.04751,-22.79944
45.64751,-26.69945
43.64751,-28.79944
43.64751,-29.49944
45.44751,-29.79944
47.24751,-30.79944
47.74751,-33.39944
45.84751,-36.59945
41.04751,-39.09945
35.94751,-40.19944
32.84751,-40.39944
30.94751,-40.99945
29.14751,-42.29945
27.84751,-42.89944
27.04751,-42.29945
26.44751,-41.09945
25.44751,-39.59945
24.44751,-37.39944
22.74751,-33.89944
20.74751,-29.29944
18.14751,-24.29944
15.94751,-19.79944
14.14751,-16.29944
12.74751,-12.79945
11.64751,-8.899445
10.94751,-5.199445
10.24751,-2.599445
9.94751,-0.4994446
9.94751,0.8005554
9.84751,1.600555
9.54751,1.900555
9.44751,2.100555
9.64751,2.200556
9.74751,1.900555
9.14751,1.800555
8.44751,2.300555
8.04751,3.400555
7.84751,4.400556
7.34751,5.000556
6.74751,5.300556
5.94751,5.600555
5.34751,6.400556
5.24751,7.500556
5.84751,8.000556
6.14751,7.600555
6.04751,7.200555
6.44751,7.600555
7.24751,8.700556
7.84751,10.80056
15.94751,25.40056
18.74751,25.40056
21.04751,23.80056
22.04751,21.80056
23.14751,19.90056
24.84751,17.30056
26.04751,14.40056
26.34751,12.30056
26.44751,10.90056
27.44751,9.700556
28.74751,8.000556
28.14751,4.800556
25.94751,0.6005554
25.54751,-2.999445
28.54751,-5.899445
31.44751,-8.699445
31.64751,-12.19944
32.14751,-16.29944
35.24751,-20.79944
37.94751,-25.89944
37.14751,-30.99944
34.94751,-34.49945
34.34751,-35.99945
35.74751,-35.89944
38.24751,-35.69944
41.64751,-36.69944
44.04751,-38.99945
42.44751,-41.69944
38.14751,-42.99945
33.54751,-41.59945
30.34751,-39.89944
28.84751,-39.89944
28.24751,-40.79945
28.24751,-40.89944
28.04751,-40.49945
27.44751,-40.09945
27.04751,-39.59945
26.34751,-37.59945
25.04751,-33.89944
22.54751,-28.69945
19.94751,-23.29944
17.94751,-18.69945
16.44751,-14.79945
15.54751,-10.89944
15.04751,-7.399445
14.44751,-4.399445
13.74751,-1.799445
12.84751,0.1005554
12.04751,1.200555
11.44751,1.600555
11.14751,2.300555
11.24751,2.800555
11.64751,2.700556
12.04751,2.300555
12.24751,2.200556
12.14751,2.500556
11.74751,2.600555
10.84751,3.000556
10.24751,3.800555
9.94751,5.000556
9.84751,6.200555
9.74751,7.400556
9.84751,8.100555
9.14751,8.100555
8.44751,8.400556
9.14751,9.700556
11.14751,11.10056
12.74751,12.60056
16.84751,29.50056
19.34751,27.40056
20.24751,24.10056
19.64751,22.50056
20.34751,21.70056
20.94751,19.00056
20.14751,15.60056
20.04751,13.20056
21.74751,11.20056
22.64751,8.500556
21.84751,5.800556
20.04751,3.300555
18.74751,0.3005554
19.24751,-3.099445
21.54751,-6.199445
23.14751,-8.599444
22.94751,-11.19944
23.74751,-14.99944
27.14751,-19.49944
29.94751,-23.79944
29.24751,-27.19945
26.44751,-28.89944
25.54751,-29.89944
27.24751,-31.89944
30.34751,-34.79945
34.04751,-37.59945
37.44751,-39.99945
38.74751,-42.99945
37.54751,-45.19944
34.24751,-43.49945
31.44751,-39.59945
30.24751,-37.49945
29.94751,-37.99945
29.34751,-39.29945
28.24751,-40.19944
27.44751,-41.19944
27.54751,-41.29945
27.64751,-39.59945
27.24751,-36.59945
25.44751,-32.19944
23.44751,-26.69945
21.24751,-21.49944
19.44751,-16.79944
18.14751,-12.89944
17.54751,-9.099444
17.44751,-5.599445
17.64751,-2.499445
17.24751,-0.9994446
16.24751,-0.2994446
14.94751,0.5005555
14.04751,2.000556
13.94751,3.300555
14.74751,3.600555
15.74751,2.700556
16.24751,1.800555
16.44751,1.500555
16.54751,1.200555
15.84751,1.500555
14.64751,2.600555
13.84751,4.100555
13.54751,5.600555
13.14751,7.100555
13.64751,8.400556
13.94751,8.600555
13.24751,8.800555
12.84751,10.60056
14.44751,12.80056
16.84751,14.40056
17.44751,29.70056
19.04751,26.40056
17.74751,22.70056
16.24751,22.20056
17.44751,22.10056
18.04751,18.80056
15.94751,14.90056
15.74751,12.50056
18.24751,9.900556
19.24751,6.300556
18.04751,3.300555
16.24751,1.500555
14.44751,-0.4994446
13.54751,-3.299445
14.14751,-6.399445
15.04751,-8.499445
15.74751,-10.09944
17.14751,-13.09944
19.14751,-17.69945
20.64751,-21.89944
20.84751,-24.19945
20.64751,-24.09945
21.94751,-24.19945
24.54751,-26.59945
26.94751,-30.19945
28.34751,-33.29945
29.54751,-36.49945
30.94751,-39.99945
32.14751,-43.19944
32.44751,-43.09945
32.34751,-40.29945
31.54751,-37.09945
30.54751,-35.49945
29.04751,-35.99945
27.64751,-37.59945
27.14751,-39.29945
27.84751,-39.59945
29.14751,-37.99945
29.44751,-35.89944
28.44751,-32.79945
26.94751,-28.49944
25.44751,-23.69945
24.14751,-19.09945
22.84751,-14.69944
21.34751,-10.19944
20.64751,-5.699445
21.44751,-2.799445
22.24751,-2.199445
21.74751,-2.299445
20.24751,-0.8994446
19.04751,1.200555
18.44751,3.100555
19.14751,3.900555
20.54751,2.900555
21.04751,1.400555
21.04751,1.100555
21.74751,1.100555
21.64751,0.8005554
20.34751,1.100555
19.44751,2.800555
18.94751,4.800556
18.04751,6.500556
18.24751,8.000556
19.24751,8.800555
19.04751,9.200556
17.64751,10.90056
17.74751,13.20056
19.74751,15.60056
17.74751,28.50056
17.64751,23.90056
14.54751,19.30056
12.94751,19.30056
14.94751,20.10056
15.34751,17.70056
13.14751,14.60056
13.64751,12.10056
16.24751,7.800556
16.14751,3.200556
14.54751,0.7005554
13.14751,-0.3994446
11.24751,-1.199445
10.24751,-2.299445
11.04751,-4.699445
11.64751,-7.699445
12.04751,-9.999445
12.64751,-12.69944
12.64751,-17.29944
11.84751,-21.39944
12.14751,-23.29944
14.14751,-23.39944
16.04751,-23.89944
16.64751,-25.49944
17.34751,-26.59945
18.74751,-27.59945
20.64751,-30.49944
21.84751,-34.69944
22.54751,-38.19944
23.54751,-39.29945
25.34751,-38.19944
26.84751,-35.39944
27.74751,-32.69944
28.14751,-31.79944
28.24751,-32.39944
28.54751,-33.29945
30.44751,-34.09945
33.24751,-34.69944
34.84751,-34.79945
33.74751,-32.79945
32.14751,-28.99944
30.44751,-24.89944
29.24751,-20.79944
27.94751,-15.89944
26.14751,-10.39944
25.04751,-5.899445
26.04751,-3.699445
26.54751,-3.699445
25.54751,-2.899445
25.04751,-0.4994446
25.54751,1.100555
25.04751,1.400555
24.54751,1.600555
25.14751,1.300555
25.04751,0.6005554
24.44751,0.9005554
25.84751,1.500555
27.04751,0.9005554
26.34751,0.3005554
24.94751,1.500555
24.44751,3.700556
23.74751,5.600555
23.34751,7.000556
23.44751,8.000556
23.34751,9.400556
22.94751,11.60056
23.44751,14.00056
24.34751,16.10056
16.84751,25.60056
16.34751,21.80056
13.14751,17.20056
11.04751,16.80056
11.94751,17.50056
11.94751,16.00056
10.44751,14.20056
12.14751,11.90056
15.04751,6.600555
14.04751,0.9005554
11.94751,-2.199445
11.34751,-2.799445
10.54751,-2.899445
10.04751,-2.699445
11.04751,-4.099445
10.54751,-7.899445
8.64751,-11.89944
7.74751,-15.49944
7.04751,-18.69945
5.64751,-20.79944
4.94751,-22.19945
6.14751,-23.79944
7.34751,-26.69945
7.04751,-30.09945
7.24751,-31.79944
8.74751,-31.49944
10.04751,-31.99944
10.44751,-33.19944
11.04751,-34.09945
13.34751,-34.19944
17.14751,-33.09945
21.54751,-30.99944
24.84751,-29.39944
26.44751,-28.79944
27.34751,-28.59945
28.64751,-28.59945
31.14751,-29.39944
34.34751,-31.09945
36.54751,-32.59945
37.04751,-31.49944
36.24751,-28.69945
34.54751,-25.09945
33.24751,-21.29944
32.14751,-16.49944
30.84751,-10.89944
30.24751,-6.599445
30.44751,-4.999444
28.84751,-4.599445
26.94751,-2.799445
27.74751,0.2005554
29.24751,1.600555
28.54751,1.400555
27.74751,1.300555
28.44751,1.400555
28.54751,1.200555
27.94751,1.300555
28.74751,1.400555
30.34751,1.400555
30.94751,1.100555
30.04751,0.8005554
29.04751,1.600555
28.54751,4.000556
28.24751,5.600555
27.34751,6.200555
27.14751,8.000556
28.34751,11.60056
29.74751,15.00056
30.44751,17.30056
15.14751,22.30056
15.04751,20.20056
13.64751,16.80056
12.14751,15.40056
11.84751,15.10056
11.54751,14.00056
10.64751,13.00056
11.94751,11.10056
14.74751,5.900556
13.64751,-0.7994446
10.84751,-5.199445
10.14751,-6.899445
9.54751,-7.299445
7.94751,-6.799445
7.74751,-7.899445
7.24751,-11.89944
5.14751,-16.39944
3.64751,-19.39944
3.24751,-20.39944
1.34751,-21.19945
-1.45249,-22.59945
-2.25249,-24.09945
-0.9524903,-25.39944
-0.05249023,-26.79944
0.1475098,-28.19945
0.7475098,-28.29944
1.04751,-27.69945
1.64751,-26.99944
3.64751,-26.89944
7.74751,-26.49944
13.04751,-25.29944
18.54751,-24.19945
22.54751,-23.99944
24.64751,-24.39944
26.24751,-25.49944
27.94751,-26.19945
30.54751,-26.19945
34.14751,-26.59945
37.44751,-27.89944
39.64751,-28.59945
40.34751,-27.69945
39.34751,-24.89944
38.64751,-21.09945
37.64751,-16.69945
36.34751,-11.39944
35.74751,-7.099445
34.84751,-5.199445
32.04751,-4.499444
30.64751,-2.899445
32.14751,-0.5994446
33.34751,1.100555
32.14751,1.900555
31.54751,2.000556
32.64751,1.700555
33.54751,1.300555
33.64751,0.8005554
32.94751,0.4005554
31.64751,1.300555
32.04751,2.300555
32.74751,1.000555
31.24751,0.3005554
29.74751,2.900555
30.84751,5.600555
32.14751,6.600555
33.24751,8.000556
34.74751,10.60056
35.74751,13.60056
36.34751,17.10056
15.54751,21.80056
15.64751,20.80056
16.24751,19.40056
16.24751,18.20056
14.44751,15.70056
12.24751,12.70056
11.04751,10.70056
11.44751,8.800555
13.44751,4.900556
13.44751,-1.199445
10.34751,-6.899445
8.14751,-10.79945
7.04751,-12.29945
4.14751,-10.79945
2.24751,-10.49944
2.14751,-14.69944
0.8475098,-19.79944
-1.65249,-21.59945
-2.15249,-21.89944
-3.15249,-22.99944
-6.752491,-23.49944
-9.152491,-22.09945
-8.952491,-20.99944
-8.55249,-21.59945
-7.55249,-21.79944
-5.65249,-21.49944
-3.65249,-21.59945
-1.65249,-21.09945
1.24751,-20.29944
5.24751,-19.19945
10.34751,-18.59945
15.44751,-18.89944
18.94751,-18.79944
21.84751,-17.79944
24.64751,-17.89944
27.34751,-19.19945
31.44751,-20.19945
36.84751,-21.29944
41.04751,-23.49944
43.14751,-26.29944
43.94751,-27.39944
44.14751,-25.09945
45.04751,-21.39944
44.44751,-17.39944
42.84751,-12.89944
41.74751,-9.099444
39.74751,-6.899445
36.84751,-5.199445
36.54751,-3.199445
37.94751,-0.5994446
38.44751,1.800555
38.74751,3.200556
39.44751,2.700556
39.74751,1.100555
39.24751,-0.09944458
38.24751,0.00055541995
36.64751,0.9005554
34.54751,2.700556
34.94751,3.800555
36.24751,3.000556
34.24751,2.700556
32.14751,5.300556
34.54751,7.900556
37.44751,8.600555
38.64751,9.200556
40.14751,11.50056
41.54751,14.80056
42.04751,18.90056
15.34751,20.50056
15.24751,20.00056
15.84751,21.10056
16.54751,21.20056
14.94751,17.40056
12.34751,12.50056
11.24751,8.900556
10.64751,6.800556
11.44751,4.600555
13.34751,-0.1994446
12.34751,-6.599445
8.84751,-12.59944
6.14751,-15.89944
2.74751,-13.89944
-0.2524903,-12.09944
-0.8524902,-15.99944
-2.15249,-20.19945
-5.85249,-20.19945
-7.45249,-20.29944
-7.45249,-22.79944
-9.35249,-23.89944
-11.15249,-22.89944
-11.65249,-22.59945
-11.55249,-21.99944
-9.452491,-19.29944
-7.05249,-16.99944
-5.95249,-17.29944
-4.752491,-16.09945
-2.05249,-13.59944
1.14751,-11.59944
5.84751,-9.999445
11.74751,-9.099444
16.94751,-8.299445
21.84751,-7.099445
26.84751,-6.699445
31.54751,-8.499445
36.84751,-11.09944
41.44751,-14.29945
45.04751,-18.49944
47.14751,-23.49944
47.64751,-26.39944
47.74751,-24.59945
48.94751,-21.09945
48.74751,-17.49944
48.34751,-14.09944
48.14751,-11.79945
45.54751,-10.29945
42.34751,-7.699445
41.94751,-3.699445
42.64751,0.7005554
43.54751,3.900555
45.24751,4.600555
46.64751,3.000556
46.44751,0.5005555
44.74751,-0.7994446
41.94751,-0.09944458
40.34751,1.500555
40.54751,2.000556
41.44751,1.400555
41.04751,1.700555
39.04751,3.800555
38.64751,6.200555
41.44751,7.200555
42.94751,8.000556
42.64751,9.700556
43.54751,12.50056
45.24751,15.70056
46.74751,19.80056
12.54751,16.30056
12.64751,16.50056
12.84751,18.40056
13.14751,18.80056
13.04751,17.00056
12.54751,14.00056
12.64751,9.700556
11.84751,6.100555
10.84751,3.800555
12.24751,0.3005554
13.34751,-5.299445
10.84751,-12.69944
7.24751,-18.49944
3.44751,-17.39944
-0.6524903,-14.79945
-3.35249,-16.99944
-4.05249,-19.39944
-5.35249,-17.39944
-7.35249,-15.49944
-9.85249,-16.09945
-12.45249,-16.89944
-12.85249,-16.29944
-12.15249,-15.29945
-12.65249,-13.69944
-11.95249,-10.69944
-9.75249,-8.299445
-8.652491,-7.299445
-7.55249,-5.399445
-4.252491,-2.899445
0.8475098,-1.299445
7.44751,0.00055541995
15.14751,1.400555
22.64751,2.400555
29.44751,2.300555
35.74751,1.100555
41.54751,-1.099445
46.54751,-4.299445
49.44751,-8.399445
51.54751,-12.59944
53.24751,-16.49944
53.64751,-19.49944
53.84751,-20.09945
54.04751,-19.09945
52.44751,-16.79944
51.94751,-14.09944
52.74751,-12.29945
51.14751,-11.19944
47.84751,-8.299445
46.54751,-3.499445
46.64751,1.500555
48.24751,4.200555
50.94751,4.200555
52.24751,1.900555
51.84751,-0.3994446
50.44751,-0.7994446
47.94751,0.4005554
46.54751,1.200555
47.14751,1.400555
47.54751,1.100555
45.94751,2.000556
45.14751,4.300556
47.04751,6.000556
48.34751,7.300556
47.94751,10.60056
48.44751,13.60056
49.74751,15.40056
51.94751,18.30056
56.34751,23.50056
11.04751,14.50056
12.14751,15.60056
13.44751,17.30056
13.14751,17.80056
12.94751,18.10056
13.24751,15.90056
13.64751,10.80056
13.34751,6.200555
12.64751,2.900555
11.74751,-0.7994446
11.84751,-5.199445
11.54751,-12.09944
9.64751,-19.59945
6.64751,-21.79944
2.24751,-19.89944
-2.35249,-19.89944
-3.25249,-20.99944
-2.75249,-19.29944
-3.45249,-16.79944
-4.85249,-15.59944
-6.95249,-14.39944
-7.45249,-11.99944
-6.95249,-10.29945
-8.75249,-10.49944
-10.15249,-10.69944
-9.35249,-8.699445
-7.252491,-5.399445
-4.65249,-1.599445
0.04750977,2.200556
7.64751,5.900556
16.84751,10.00056
26.14751,14.20056
35.64751,16.80056
44.24751,15.60056
51.74751,11.70056
57.84751,6.900556
62.54751,1.900555
65.04751,-2.999445
66.44751,-7.199445
66.34751,-11.09944
65.84751,-15.39944
64.94751,-18.99944
62.54751,-20.49944
57.64751,-19.39944
54.14751,-17.29944
52.84751,-13.89944
51.44751,-9.699445
50.34751,-5.199445
50.74751,-0.8994446
51.64751,1.700555
53.54751,1.900555
55.34751,0.8005554
55.54751,-0.5994446
54.64751,-0.9994446
53.94751,-0.09944458
52.74751,0.5005555
51.74751,0.2005554
51.84751,1.100555
52.14751,2.800555
51.14751,3.900555
51.64751,5.200555
54.64751,7.700555
56.34751,10.90056
57.84751,14.20056
61.54751,16.00056
63.14751,18.00056
64.84751,21.70056
68.04751,25.00056
16.04751,18.60056
17.94751,18.30056
18.54751,19.00056
16.14751,20.40056
14.84751,21.00056
16.24751,17.30056
15.84751,11.10056
14.54751,5.600555
14.64751,1.200555
13.64751,-2.699445
12.34751,-6.799445
11.74751,-11.49944
10.64751,-17.69945
9.34751,-22.39944
6.84751,-23.29944
2.84751,-23.59945
1.84751,-24.19945
1.84751,-21.79944
-0.1524902,-19.59945
-0.5524902,-20.19945
-0.9524903,-20.19945
-3.45249,-17.19945
-6.45249,-13.99944
-8.75249,-11.89944
-9.05249,-9.399445
-6.752491,-5.699445
-3.05249,-0.9994446
2.94751,5.200555
10.54751,10.60056
18.84751,15.10056
26.94751,20.70056
36.74751,26.00056
47.44751,27.60056
54.84751,23.90056
60.04751,18.00056
63.84751,12.30056
66.54751,6.400556
68.64751,1.000555
70.64751,-3.199445
72.14751,-6.599445
73.34751,-9.899445
73.54751,-12.79945
72.64751,-15.59944
69.54751,-17.29944
65.94751,-17.79944
62.64751,-16.79944
59.04751,-14.19944
57.24751,-9.999445
58.24751,-5.799445
59.54751,-3.399445
59.94751,-2.199445
59.74751,-1.099445
59.94751,0.00055541995
62.34751,0.5005555
64.64751,0.00055541995
63.54751,-0.1994446
61.74751,0.8005554
61.94751,2.800555
63.24751,4.600555
63.34751,6.000556
63.74751,7.200555
66.24751,9.400556
68.54751,12.30056
70.04751,14.60056
70.74751,16.20056
68.74751,17.80056
67.54751,18.70056
65.84751,18.20056
17.94751,25.30056
20.04751,23.80056
19.74751,21.90056
16.94751,21.20056
16.14751,20.60056
18.74751,16.90056
19.34751,11.00056
17.44751,4.000556
16.44751,-1.799445
15.64751,-5.299445
15.04751,-8.899445
14.14751,-12.39944
11.74751,-16.89944
10.24751,-22.49944
9.94751,-25.79944
7.24751,-26.79944
5.94751,-26.99944
6.74751,-24.49944
5.04751,-21.69945
0.7475098,-21.79944
-3.15249,-22.69945
-6.85249,-20.29944
-8.25249,-15.89944
-6.752491,-11.19944
-3.05249,-5.799445
0.4475098,0.4005554
4.44751,6.700555
12.04751,12.70056
21.54751,18.20056
30.44751,24.30056
37.64751,27.80056
44.44751,28.20056
52.04751,26.90056
56.44751,22.40056
59.44751,17.00056
61.44751,11.70056
62.64751,6.600555
63.64751,1.600555
64.64751,-2.699445
66.74751,-5.599445
68.94751,-6.799445
70.34751,-7.599445
72.04751,-9.399445
72.74751,-10.39944
72.94751,-10.79945
72.84751,-11.89944
71.44751,-12.49944
70.44751,-11.09944
71.64751,-8.899445
72.84751,-6.999444
73.04751,-4.199445
72.64751,-1.299445
73.74751,-0.7994446
77.24751,-2.099445
79.94751,-3.699445
76.64751,-3.699445
72.74751,-1.099445
73.04751,1.300555
74.24751,2.500556
73.14751,3.500556
71.64751,4.300556
71.34751,5.200555
71.64751,7.200555
69.24751,9.800555
64.94751,12.40056
61.34751,13.90056
58.74751,14.10056
54.14751,14.40056
12.44751,26.60056
14.74751,24.80056
14.84751,22.10056
14.04751,20.40056
14.84751,18.70056
17.14751,15.40056
19.54751,10.50056
19.84751,3.900555
18.94751,-2.299445
18.24751,-7.299445
17.64751,-11.69944
17.34751,-14.39944
15.64751,-17.29944
13.44751,-22.89944
13.84751,-27.79944
12.64751,-26.79944
9.34751,-24.99944
8.74751,-25.59945
7.84751,-25.69945
2.74751,-25.89944
-4.05249,-25.49944
-7.85249,-21.69945
-4.95249,-16.39944
0.2475098,-11.89944
3.04751,-5.199445
6.54751,3.600555
11.74751,12.20056
19.94751,20.40056
29.74751,29.20056
37.84751,34.50056
43.54751,34.60056
48.64751,32.00056
53.34751,27.00056
55.54751,20.60056
57.34751,14.00056
58.24751,7.200555
58.44751,1.800555
59.04751,-1.399445
59.84751,-4.499444
61.44751,-7.199445
62.94751,-8.199445
63.84751,-8.499445
65.14751,-8.799445
67.14751,-7.899445
69.74751,-7.399445
71.34751,-6.699445
72.14751,-5.799445
73.14751,-4.799445
74.24751,-3.599445
75.64751,-2.999445
76.44751,-1.499445
76.44751,-0.2994446
76.44751,-2.299445
76.74751,-3.799445
76.94751,-3.099445
74.24751,-1.699445
70.54751,-0.09944458
69.84751,1.400555
69.54751,2.100555
67.74751,2.700556
65.34751,3.000556
63.24751,3.900555
62.34751,5.700555
58.34751,7.800556
52.24751,10.50056
48.64751,12.90056
45.64751,13.70056
40.64751,14.00056
6.94751,24.70056
8.84751,23.50056
9.74751,20.60056
10.94751,18.20056
13.44751,16.00056
16.04751,13.40056
19.34751,9.700556
21.14751,5.000556
21.14751,0.00055541995
21.54751,-6.499444
21.34751,-12.79945
20.84751,-16.79944
20.24751,-18.59945
18.44751,-22.19945
17.84751,-27.19945
16.44751,-25.79944
12.44751,-23.49944
10.24751,-25.49944
9.44751,-26.99944
5.24751,-29.19945
0.3475098,-25.99944
-1.95249,-16.49944
2.14751,-10.69944
4.94751,-8.199445
5.74751,-1.099445
12.64751,7.400556
20.64751,16.00056
25.24751,26.40056
30.34751,35.80056
36.24751,37.90055
43.14751,38.70056
51.24751,38.10056
56.44751,32.00056
57.44751,24.20056
58.64751,17.30056
58.44751,10.20056
56.74751,4.100555
55.94751,0.8005554
55.64751,-1.899445
55.74751,-4.299445
56.74751,-4.899445
58.84751,-4.799445
61.04751,-4.699445
63.04751,-3.899445
66.24751,-3.199445
67.54751,-3.299445
67.84751,-4.699445
69.24751,-6.399445
69.74751,-6.899445
70.34751,-6.499444
71.14751,-4.599445
71.24751,-2.799445
70.84751,-3.299445
68.74751,-3.399445
67.14751,-2.299445
65.24751,-1.699445
61.64751,-0.7994446
59.34751,0.7005554
58.84751,1.600555
57.84751,1.800555
55.64751,2.500556
52.64751,4.100555
51.04751,5.500556
47.54751,5.600555
41.94751,6.300556
38.44751,8.500556
35.64751,10.60056
32.74751,11.90056
2.94751,24.50056
5.94751,23.50056
9.14751,19.50056
11.74751,16.50056
14.74751,14.60056
16.74751,13.10056
19.54751,10.60056
23.04751,7.500556
25.24751,3.700556
25.94751,-3.099445
26.54751,-10.89944
26.24751,-17.39944
24.84751,-20.59945
22.44751,-22.89944
20.24751,-26.99944
18.34751,-26.39944
15.24751,-24.49944
13.54751,-24.89944
14.04751,-25.79944
11.24751,-29.19945
8.74751,-25.59945
7.64751,-12.39944
6.74751,-6.099445
7.34751,-4.599445
11.84751,3.800555
21.54751,16.20056
28.44751,22.90056
27.14751,26.00056
28.64751,32.50056
37.04751,38.60056
45.24751,41.40055
51.54751,39.50056
55.94751,33.00056
56.14751,26.20056
54.94751,20.80056
54.54751,15.50056
56.34751,9.200556
57.34751,3.600555
55.04751,-0.4994446
53.24751,-1.899445
54.84751,-0.3994446
59.44751,1.100555
63.34751,1.500555
64.64751,1.600555
67.44751,0.9005554
70.04751,-1.599445
69.24751,-4.499444
68.14751,-5.699445
67.54751,-6.599445
66.94751,-6.799445
66.84751,-5.499444
66.14751,-5.199445
64.54751,-6.299445
62.24751,-7.099445
59.94751,-7.399445
57.84751,-6.599445
55.84751,-5.799445
53.94751,-4.899445
53.24751,-3.499445
52.74751,-2.199445
50.94751,-1.299445
47.94751,-0.7994446
45.34751,-0.4994446
42.54751,-1.399445
38.04751,-1.199445
33.94751,3.400555
31.84751,8.700556
32.54751,10.10056
1.64751,22.20056
6.04751,22.40056
11.24751,20.80056
14.64751,18.60056
17.94751,16.80056
20.54751,15.10056
22.94751,13.30056
26.34751,11.10056
30.04751,7.500556
31.04751,1.100555
31.44751,-7.299445
31.84751,-16.29944
30.54751,-22.09945
26.94751,-24.39944
22.34751,-26.69945
20.84751,-27.99944
20.54751,-26.99944
20.24751,-25.39944
21.04751,-24.69945
17.84751,-27.59945
15.94751,-27.59945
16.14751,-17.99944
10.94751,-7.799445
10.64751,1.600555
20.34751,15.90056
29.54751,27.80056
33.14751,28.70056
31.84751,27.90056
36.54751,37.00056
45.54751,44.70056
47.74751,46.20056
46.34751,40.60056
48.34751,32.00056
48.84751,26.80056
46.84751,23.50056
47.84751,18.70056
52.64751,11.00056
55.14751,4.500556
52.94751,0.8005554
52.44751,1.300555
57.04751,4.300556
62.54751,5.400556
65.44751,5.200555
64.54751,4.600555
65.44751,2.600555
68.14751,-0.6994446
67.34751,-2.699445
65.04751,-2.699445
63.44751,-3.999445
62.64751,-4.999444
63.54751,-4.399445
62.54751,-5.399445
59.74751,-7.399445
57.74751,-9.499445
55.04751,-11.09944
53.14751,-10.79945
52.94751,-10.29945
50.74751,-8.999445
48.34751,-6.299445
47.54751,-4.799445
46.04751,-5.299445
42.54751,-6.799445
39.14751,-7.299445
36.54751,-6.099445
33.14751,-3.099445
30.94751,2.100555
31.94751,5.500556
33.54751,4.300556
2.74751,24.60056
7.44751,25.80056
11.24751,24.60056
14.74751,21.60056
19.44751,19.30056
25.64751,18.80056
30.74751,17.90056
32.84751,14.80056
35.34751,9.100555
35.44751,2.300555
34.44751,-5.199445
34.24751,-14.09944
33.74751,-21.79944
32.44751,-25.29944
27.74751,-25.99944
23.64751,-26.89944
22.74751,-27.19945
23.94751,-26.99944
25.64751,-25.69945
23.54751,-24.79944
22.04751,-23.19945
25.04751,-15.69944
23.84751,-7.199445
22.64751,5.100555
28.64751,20.70056
35.74751,31.70056
39.34751,37.10056
40.84751,43.50056
43.84751,47.70056
44.54751,45.10056
41.54751,45.80056
39.94751,42.30056
41.94751,34.20056
43.84751,30.70056
44.84751,28.20056
47.44751,20.90056
49.14751,11.90056
49.94751,8.200556
51.14751,7.800556
53.74751,8.000556
57.64751,7.900556
59.74751,6.500556
59.64751,5.300556
57.24751,4.300556
55.74751,2.500556
56.94751,0.3005554
57.54751,-1.699445
57.24751,-2.899445
56.24751,-5.599445
56.34751,-7.699445
57.14751,-7.399445
55.44751,-8.299445
53.64751,-10.69944
51.94751,-12.29945
48.74751,-12.89944
47.04751,-12.99944
47.44751,-13.39944
46.04751,-12.99944
43.54751,-11.49944
41.74751,-10.29945
39.24751,-10.39944
36.44751,-10.59944
34.04751,-10.19944
31.34751,-7.399445
28.84751,-2.799445
28.84751,0.3005554
29.94751,0.5005555
29.04751,0.3005554
3.64751,28.30056
9.44751,27.90056
11.14751,25.00056
14.34751,22.10056
19.84751,20.40056
26.44751,21.50056
33.74751,22.00056
36.64751,18.40056
39.24751,11.30056
39.24751,2.200556
37.54751,-6.099445
36.04751,-12.49944
35.24751,-17.89944
37.34751,-23.29944
37.04751,-26.19945
30.74751,-25.79944
25.84751,-24.69945
26.24751,-25.39944
28.24751,-25.39944
29.04751,-23.69945
28.84751,-19.29944
31.74751,-9.999445
35.54751,0.7005554
36.14751,13.50056
36.54751,24.70056
39.54751,35.70056
43.34751,48.40055
44.74751,54.60056
43.54751,48.30056
38.44751,41.50056
35.24751,44.40055
35.64751,39.70056
36.44751,32.80056
37.34751,30.40056
40.34751,25.40056
44.64751,17.80056
45.44751,12.80056
44.74751,12.60056
45.54751,13.70056
48.24751,13.00056
50.94751,10.80056
52.14751,9.300555
53.54751,8.400556
53.64751,6.100555
52.24751,3.500556
51.84751,0.6005554
52.84751,-3.199445
52.74751,-5.099445
50.24751,-6.799445
49.04751,-8.799445
48.74751,-9.599444
47.54751,-10.99944
47.34751,-13.29945
46.34751,-15.79945
43.54751,-15.99944
41.84751,-14.39944
42.04751,-14.09944
41.34751,-15.49944
38.54751,-15.79945
35.84751,-14.49944
33.74751,-13.99944
31.54751,-13.99944
29.54751,-12.79945
26.44751,-9.299445
24.54751,-4.699445
24.34751,-2.199445
23.84751,-1.499445
22.74751,-1.799445
7.34751,25.50056
14.24751,26.50056
14.14751,24.80056
16.44751,22.80056
22.14751,20.40056
27.14751,21.50056
35.64751,22.90056
39.24751,18.40056
40.64751,10.70056
40.74751,1.500555
39.64751,-7.299445
38.94751,-11.89944
37.94751,-13.49944
38.84751,-17.79944
41.74751,-24.59945
40.24751,-27.79944
34.54751,-26.29944
30.54751,-22.79944
28.24751,-20.99944
27.84751,-18.39944
29.04751,-11.99944
32.54751,-1.499445
36.14751,11.20056
36.34751,22.00056
34.24751,29.90056
35.24751,41.30056
38.64751,51.50056
39.54751,53.00056
38.84751,48.10056
33.74751,47.70056
29.64751,45.80056
29.64751,35.20056
31.44751,28.30056
33.94751,22.90056
36.14751,16.70056
38.94751,15.00056
39.64751,16.00056
38.64751,16.50056
38.74751,17.00056
41.94751,16.60056
45.74751,14.60056
47.94751,12.40056
49.84751,10.40056
51.24751,8.000556
51.54751,5.100555
52.14751,1.000555
52.64751,-4.199445
51.04751,-6.499444
48.84751,-7.299445
48.34751,-10.19944
47.54751,-13.39944
45.64751,-15.29945
44.14751,-16.59945
41.24751,-17.79944
37.14751,-16.59945
35.04751,-14.29945
35.14751,-14.79945
33.84751,-16.59945
30.84751,-16.89944
29.44751,-15.99944
29.04751,-15.49944
27.64751,-15.59944
25.24751,-14.79945
23.14751,-10.29945
21.84751,-5.199445
20.44751,-2.899445
19.64751,-3.199445
18.74751,-4.999444
14.54751,19.20056
21.24751,21.70056
20.94751,23.00056
20.54751,23.20056
26.64751,20.90056
32.24751,20.30056
40.34751,21.60056
43.44751,16.70056
43.44751,9.200556
43.44751,0.1005554
42.54751,-7.999444
41.94751,-12.29945
41.54751,-12.99944
39.14751,-15.59944
38.84751,-21.99944
42.44751,-28.29944
42.44751,-29.59945
36.44751,-23.39944
28.74751,-16.59945
25.14751,-11.29945
25.74751,-4.899445
28.64751,3.800555
29.64751,12.40056
29.04751,20.50056
29.64751,31.30056
30.74751,42.60056
30.74751,49.90055
31.64751,51.80056
33.54751,48.60056
29.74751,45.30056
26.04751,36.80056
28.14751,27.60056
32.04751,21.50056
33.74751,15.40056
32.94751,13.50056
33.44751,16.90056
34.64751,19.60056
35.04751,19.60056
36.74751,19.00056
39.94751,15.90056
42.44751,11.30056
42.94751,8.700556
42.44751,8.100555
42.94751,6.900556
44.14751,3.800555
45.74751,-0.6994446
45.74751,-5.399445
43.54751,-7.399445
43.04751,-8.499445
44.64751,-12.49944
45.04751,-16.59945
44.64751,-18.39944
43.84751,-20.19945
39.64751,-21.69945
33.04751,-18.39944
28.04751,-13.09944
26.14751,-12.89944
24.24751,-15.79945
23.24751,-16.59945
23.54751,-15.59944
24.44751,-14.59944
24.24751,-14.69944
21.94751,-14.19944
19.64751,-10.29945
17.44751,-5.599445
16.24751,-4.199445
17.34751,-5.699445
15.74751,-8.399445
28.04751,12.20056
33.04751,18.10056
34.74751,22.60056
29.54751,23.80056
32.64751,24.00056
37.84751,23.70056
42.14751,22.30056
44.54751,16.20056
44.74751,8.500556
44.54751,-0.4994446
44.44751,-7.499444
43.24751,-11.29945
42.54751,-13.49944
41.84751,-15.79945
39.44751,-19.89944
39.54751,-25.89944
42.04751,-30.49944
40.54751,-28.29944
32.54751,-20.49944
24.74751,-12.29945
20.84751,-6.099445
20.04751,2.300555
20.34751,10.80056
23.04751,22.20056
25.84751,33.00056
24.74751,40.90055
22.34751,48.80056
24.94751,47.40055
29.44751,41.20056
28.24751,34.60056
27.14751,25.70056
29.24751,19.90056
29.34751,15.70056
28.14751,13.10056
28.34751,15.10056
29.94751,19.80056
31.34751,22.10056
31.94751,19.80056
33.84751,16.80056
36.64751,13.60056
37.84751,10.90056
36.64751,10.20056
34.64751,9.600555
35.24751,6.500556
36.44751,2.600555
36.74751,-0.5994446
35.64751,-3.099445
34.44751,-4.399445
34.94751,-6.299445
36.64751,-11.19944
36.54751,-15.99944
35.84751,-16.89944
36.24751,-18.09945
34.74751,-23.49944
29.54751,-23.99944
22.84751,-15.49944
19.64751,-11.39944
18.74751,-14.79945
19.34751,-16.99944
19.54751,-16.59945
19.64751,-15.89944
19.34751,-15.89944
17.04751,-14.39944
13.94751,-10.19944
11.44751,-6.499444
11.94751,-6.299445
13.24751,-8.999445
10.74751,-11.59944
43.14751,13.30056
43.14751,21.70056
44.34751,23.60056
39.14751,21.00056
39.94751,22.00056
42.54751,24.80056
44.54751,23.50056
45.24751,15.80056
44.04751,7.600555
42.34751,-0.1994446
42.14751,-4.899445
42.24751,-7.999444
41.44751,-11.49944
41.54751,-15.39944
41.74751,-18.09945
40.44751,-21.79944
40.54751,-26.49944
41.94751,-29.79944
39.14751,-27.09945
30.74751,-18.69945
22.94751,-9.099444
19.34751,0.6005554
18.14751,10.40056
20.84751,22.50056
22.14751,28.50056
20.34751,37.60056
20.64751,45.20056
23.44751,37.70056
28.54751,32.70056
28.84751,27.60056
25.84751,21.20056
24.54751,16.30056
22.44751,12.80056
22.24751,12.90056
24.54751,17.90056
26.54751,21.50056
26.34751,20.70056
26.14751,18.30056
27.74751,17.80056
28.94751,17.10056
29.94751,15.30056
30.54751,11.80056
30.24751,7.000556
30.24751,1.400555
30.14751,-2.699445
29.24751,-4.699445
28.24751,-4.599445
28.44751,-3.899445
29.84751,-4.299445
31.14751,-7.599445
30.44751,-11.39944
29.04751,-12.49944
28.54751,-14.29945
26.74751,-21.29944
23.14751,-24.79944
18.94751,-18.69945
16.64751,-14.59944
14.34751,-15.79945
14.14751,-16.49944
14.74751,-17.09945
14.14751,-17.79944
12.34751,-16.99944
10.04751,-13.69944
7.84751,-9.799445
7.24751,-7.999444
7.44751,-9.499445
6.04751,-10.89944
3.84751,-11.39944
45.24751,24.00056
45.04751,29.50056
46.44751,25.50056
45.34751,19.00056
44.64751,18.60056
44.24751,21.50056
44.54751,20.20056
43.24751,13.90056
41.24751,7.300556
39.84751,2.000556
39.24751,-1.599445
39.94751,-3.999445
40.94751,-6.699445
40.34751,-11.39944
39.14751,-15.79945
39.34751,-19.49944
40.34751,-23.69945
39.94751,-27.69945
40.34751,-27.99944
39.44751,-23.39944
36.74751,-15.09944
34.94751,-5.999444
30.44751,3.000556
25.14751,12.10056
20.24751,19.50056
20.14751,32.20056
22.44751,34.50056
24.24751,29.40056
29.14751,27.30056
26.64751,22.50056
21.04751,19.10056
18.94751,14.90056
16.74751,14.30056
17.14751,18.30056
19.64751,22.10056
21.64751,21.30056
20.94751,20.10056
19.24751,18.70056
18.24751,17.60056
19.34751,16.00056
23.14751,13.40056
26.24751,8.600555
27.64751,2.200556
28.84751,-3.099445
29.24751,-6.099445
28.04751,-6.999444
26.74751,-7.299445
25.34751,-7.499444
24.34751,-6.899445
23.54751,-8.499445
22.04751,-10.89944
21.04751,-13.19944
20.94751,-16.59945
19.24751,-22.29944
16.64751,-25.59945
15.94751,-23.29944
14.64751,-19.69945
11.14751,-16.79944
10.14751,-15.09944
9.64751,-15.79945
7.74751,-17.69945
6.04751,-15.79945
5.34751,-11.79945
5.24751,-10.59944
4.14751,-11.99944
1.64751,-11.69944
-0.5524902,-9.799445
-1.75249,-9.799445
41.84751,31.40056
41.94751,33.30056
43.84751,28.10056
44.94751,20.60056
45.24751,18.60056
44.64751,18.40056
42.84751,14.90056
40.34751,9.600555
38.14751,4.800556
37.14751,1.600555
37.44751,-0.8994446
37.54751,-3.699445
38.24751,-5.699445
39.24751,-7.899445
38.54751,-11.69944
37.44751,-16.99944
39.34751,-21.69945
38.54751,-25.59945
37.04751,-25.49944
39.44751,-21.19945
43.14751,-15.29945
45.74751,-9.899445
44.54751,-5.199445
36.84751,-1.299445
26.14751,8.700556
22.14751,22.90056
21.84751,25.10056
24.44751,26.30056
29.04751,22.60056
22.84751,17.80056
18.74751,15.10056
17.24751,12.50056
13.64751,17.40056
13.64751,22.20056
15.94751,22.50056
18.14751,19.90056
17.54751,20.90056
14.64751,19.40056
11.54751,15.70056
14.44751,13.40056
18.84751,11.40056
21.04751,8.300555
23.34751,2.500556
25.74751,-2.499445
26.74751,-4.999444
23.94751,-5.799445
19.94751,-6.399445
18.24751,-8.099444
18.34751,-9.899445
17.44751,-11.29945
16.04751,-12.59944
14.14751,-15.19944
13.94751,-18.39944
13.44751,-22.79944
11.54751,-24.49944
11.34751,-25.29944
11.14751,-23.29944
9.94751,-18.29944
8.54751,-15.49944
5.94751,-15.99944
4.24751,-17.19945
2.94751,-15.59944
2.14751,-13.39944
1.84751,-14.49944
0.04750977,-15.59944
-1.85249,-12.09944
-2.65249,-9.599444
-3.55249,-9.299445
40.84751,29.60056
39.94751,28.60056
41.84751,24.90056
43.24751,20.80056
44.24751,18.30056
43.54751,15.60056
41.74751,11.40056
39.64751,6.800556
37.24751,3.300555
35.04751,0.2005554
34.84751,-2.299445
35.14751,-3.899445
35.04751,-5.699445
35.64751,-7.199445
37.64751,-9.799445
37.24751,-13.89944
36.54751,-17.29944
37.34751,-20.59945
37.04751,-22.09945
38.14751,-18.69945
42.04751,-14.29945
44.54751,-11.19944
45.54751,-8.299445
43.14751,-7.699445
34.64751,-2.099445
25.84751,9.700556
19.64751,18.80056
22.34751,22.50056
26.54751,17.80056
22.44751,13.90056
18.54751,9.300555
14.54751,11.90056
12.04751,18.40056
12.44751,20.20056
12.04751,22.30056
12.84751,21.60056
12.84751,22.20056
10.84751,20.00056
9.04751,14.90056
13.34751,10.20056
15.54751,8.500556
15.74751,8.400556
18.34751,5.100555
19.64751,2.300555
20.54751,-1.499445
19.84751,-5.799445
17.24751,-8.099444
16.04751,-9.399445
16.64751,-11.29945
16.54751,-11.49944
16.54751,-11.99944
14.94751,-13.99944
12.84751,-15.09944
11.54751,-18.09945
9.94751,-21.79944
8.94751,-24.69945
8.64751,-23.59945
8.44751,-19.19945
6.14751,-16.29944
3.44751,-17.19945
2.34751,-18.79944
0.4475098,-16.79944
-0.5524902,-15.59944
-1.05249,-15.79945
-2.85249,-14.79945
-2.35249,-11.89944
-0.2524903,-10.09944
0.9475098,-6.899445
40.74751,24.60056
39.14751,23.80056
39.84751,21.70056
40.94751,19.50056
41.74751,15.80056
40.64751,12.00056
39.94751,8.300555
37.84751,4.800556
34.74751,2.700556
32.34751,0.5005555
31.64751,-1.599445
32.24751,-2.899445
32.44751,-4.699445
32.64751,-8.199445
34.54751,-11.19944
35.44751,-13.69944
34.44751,-15.89944
34.74751,-16.79944
36.74751,-19.09945
38.94751,-20.39944
40.54751,-17.89944
40.44751,-13.09944
41.94751,-10.09944
42.54751,-11.59944
39.14751,-11.69944
30.64751,-2.399445
21.34751,12.20056
20.94751,16.80056
22.84751,15.50056
22.64751,12.30056
19.34751,7.400556
14.84751,10.90056
14.04751,14.90056
12.54751,17.40056
9.64751,19.60056
8.84751,21.70056
8.44751,22.70056
8.14751,19.80056
7.74751,14.90056
11.34751,9.600555
13.94751,9.400556
13.94751,9.500556
13.94751,7.100555
13.64751,6.200555
14.14751,2.300555
14.84751,-1.799445
15.24751,-5.599445
15.74751,-9.399445
17.44751,-10.89944
17.44751,-10.59944
17.04751,-12.09944
16.04751,-15.09944
14.44751,-14.99944
12.44751,-13.99944
9.14751,-17.29944
7.84751,-22.49944
8.94751,-23.29944
7.44751,-20.69945
2.54751,-16.29944
-0.05249023,-15.19944
-0.05249023,-15.49944
-0.3524902,-15.29945
-0.05249023,-16.69945
-0.5524902,-14.29945
-0.9524903,-10.19944
1.64751,-8.799445
6.14751,-5.999444
6.44751,-2.999445
38.04751,18.90056
37.14751,19.10056
36.84751,18.70056
37.14751,16.20056
37.34751,12.90056
36.74751,10.10056
36.34751,6.700555
34.84751,3.100555
31.64751,0.1005554
29.24751,-0.7994446
29.34751,-1.399445
29.74751,-2.699445
29.44751,-4.699445
29.74751,-8.199445
30.04751,-11.69944
31.24751,-13.99944
32.34751,-16.69945
32.14751,-17.99944
33.44751,-18.29944
36.34751,-18.89944
37.24751,-18.69945
35.24751,-15.69944
37.34751,-13.29945
40.04751,-13.39944
39.44751,-14.19944
34.34751,-7.999444
26.34751,6.300556
22.34751,11.90056
21.24751,12.20056
21.34751,8.500556
17.44751,5.500556
14.54751,7.200555
13.74751,10.70056
11.74751,14.00056
8.94751,14.50056
5.34751,19.40056
3.54751,19.90056
5.44751,17.50056
6.34751,14.50056
8.14751,10.70056
9.14751,9.900556
8.54751,8.800555
7.24751,7.600555
7.44751,6.700555
8.94751,2.900555
10.54751,-0.4994446
12.34751,-3.199445
14.34751,-5.699445
16.74751,-7.199445
17.04751,-7.899445
16.54751,-8.699445
16.94751,-11.09944
18.14751,-15.59944
17.64751,-16.39944
12.94751,-16.49944
10.54751,-19.79944
9.94751,-23.09945
6.14751,-19.09945
0.7475098,-13.09944
-0.3524902,-11.19944
0.2475098,-11.39944
0.5475098,-15.19944
1.94751,-17.69945
3.54751,-11.39944
5.54751,-5.199445
7.94751,-3.099445
10.94751,-1.999445
12.04751,-2.999445
34.44751,14.30056
31.84751,16.40056
30.34751,18.70056
31.24751,15.90056
31.44751,11.80056
31.14751,8.000556
30.14751,4.400556
29.14751,1.100555
26.94751,0.00055541995
27.44751,-0.09944458
28.34751,-1.999445
27.14751,-2.799445
26.54751,-3.499445
26.74751,-6.299445
26.84751,-9.899445
27.44751,-12.09944
29.04751,-13.79945
30.14751,-16.79944
30.74751,-17.69945
31.94751,-15.79945
33.64751,-15.49944
32.34751,-16.49944
32.24751,-16.49944
34.44751,-15.59944
35.04751,-15.29945
32.44751,-10.69944
27.34751,-0.5994446
21.64751,3.800555
19.34751,5.300556
19.54751,3.900555
15.34751,3.700556
13.34751,4.100555
12.24751,7.100555
10.84751,9.000556
7.04751,11.50056
1.64751,18.50056
1.44751,16.80056
5.54751,13.70056
5.84751,11.70056
5.94751,10.10056
5.54751,9.500556
4.64751,6.800556
4.14751,4.600555
5.54751,3.200556
7.24751,1.100555
9.74751,-1.799445
12.14751,-4.399445
13.64751,-4.399445
15.14751,-4.999444
16.24751,-5.999444
16.64751,-6.599445
16.64751,-7.399445
17.64751,-11.89944
19.34751,-17.19945
16.94751,-18.29944
11.34751,-18.89944
7.34751,-21.19945
7.04751,-16.79944
4.74751,-13.69944
2.44751,-12.69944
2.14751,-12.39944
2.34751,-15.09944
3.94751,-13.99944
5.74751,-8.799445
7.34751,-4.699445
9.64751,-0.8994446
13.44751,-0.4994446
17.04751,-2.399445
22.84751,16.20056
21.44751,19.70056
24.34751,20.30056
27.44751,16.10056
26.44751,10.80056
25.04751,7.200555
23.74751,3.800555
23.64751,1.300555
24.34751,0.7005554
26.34751,0.2005554
26.64751,-1.399445
24.84751,-1.699445
24.04751,-2.299445
23.64751,-4.699445
23.64751,-7.499444
23.84751,-9.799445
24.64751,-10.49944
26.34751,-12.49944
28.04751,-15.39944
29.24751,-15.89944
30.44751,-14.59944
31.04751,-14.39944
30.54751,-15.89944
30.44751,-17.39944
30.24751,-17.39944
29.14751,-13.99944
26.54751,-7.199445
21.84751,-0.4994446
20.94751,3.700556
21.94751,0.6005554
17.04751,-0.3994446
13.94751,0.7005554
11.74751,2.800555
9.54751,4.300556
4.34751,8.200556
-1.45249,16.80056
-0.1524902,16.00056
2.14751,13.70056
2.44751,13.30056
5.04751,9.200556
4.64751,7.100555
4.74751,4.700555
6.14751,3.500556
7.74751,2.900555
7.14751,0.2005554
8.44751,-1.699445
10.54751,-4.799445
11.84751,-3.899445
14.34751,-1.299445
17.94751,-0.5994446
19.94751,-2.599445
20.84751,-6.399445
20.04751,-10.39944
20.44751,-14.39944
21.24751,-16.29944
15.54751,-17.79944
8.84751,-20.39944
10.74751,-16.99944
10.84751,-15.49944
6.44751,-15.19944
5.34751,-14.29945
6.84751,-13.49944
9.14751,-9.999445
10.44751,-5.799445
11.84751,-1.999445
15.44751,1.200555
20.24751,3.600555
23.64751,5.400556
11.04751,16.70056
12.34751,19.00056
17.74751,15.90056
19.04751,13.70056
17.84751,10.20056
18.44751,6.700555
18.44751,3.600555
19.74751,1.800555
22.94751,-0.1994446
24.14751,-0.9994446
24.64751,-0.7994446
24.74751,-2.299445
24.64751,-3.799445
23.54751,-5.399445
22.54751,-6.599445
22.44751,-7.899445
22.44751,-8.799445
22.84751,-10.19944
23.54751,-12.79945
24.84751,-13.79945
25.44751,-12.49944
27.14751,-11.99944
29.04751,-14.99944
29.14751,-18.99944
27.34751,-19.59945
26.74751,-15.39944
26.34751,-7.899445
22.14751,-0.8994446
20.84751,1.900555
22.44751,-2.599445
17.84751,-4.199445
14.44751,-2.499445
13.04751,-1.199445
10.34751,0.1005554
4.54751,3.800555
-2.25249,15.10056
-1.55249,18.60056
0.8475098,14.80056
1.84751,12.40056
5.34751,8.100555
5.74751,8.100555
6.74751,7.200555
8.04751,6.300556
8.54751,3.500556
6.34751,-2.399445
6.14751,-3.599445
8.24751,-4.999444
10.54751,-2.899445
13.44751,1.100555
17.84751,2.100555
21.14751,1.100555
24.24751,-3.599445
25.54751,-8.299445
25.44751,-13.19944
27.34751,-15.99944
25.44751,-17.89944
17.44751,-21.49944
13.54751,-18.99944
13.14751,-15.09944
11.44751,-14.09944
11.04751,-14.29945
11.64751,-12.89944
13.34751,-6.699445
15.24751,-0.09944458
19.04751,4.100555
22.94751,7.100555
25.94751,11.00056
29.54751,15.10056
0.7475098,15.50056
2.04751,16.60056
10.14751,15.80056
12.44751,14.70056
12.14751,9.900556
12.54751,5.900556
14.14751,2.800555
17.34751,0.3005554
19.84751,-1.699445
19.94751,-1.399445
21.24751,-0.9994446
21.64751,-1.999445
22.64751,-3.599445
23.14751,-4.699445
23.44751,-4.599445
23.74751,-6.299445
23.54751,-9.199445
22.44751,-11.49944
20.74751,-13.29945
20.24751,-14.09944
19.84751,-13.89944
20.44751,-14.19944
22.74751,-16.69945
25.14751,-19.89944
25.74751,-20.09945
26.04751,-14.99944
25.84751,-8.399445
23.24751,-5.499444
21.04751,-4.399445
21.34751,-5.299445
18.04751,-5.799445
15.94751,-4.099445
15.14751,-3.899445
12.34751,-3.199445
6.74751,1.000555
-0.5524902,10.70056
-2.05249,16.10056
2.14751,13.30056
3.14751,9.700556
3.04751,8.100555
4.24751,7.500556
6.24751,6.100555
7.64751,7.300556
8.84751,6.600555
8.14751,1.000555
7.14751,-2.499445
8.44751,-1.999445
11.34751,1.800555
13.44751,6.200555
17.24751,8.000556
20.54751,6.500556
23.24751,1.400555
26.14751,-2.099445
27.94751,-8.399445
29.24751,-14.69944
30.34751,-18.39944
26.44751,-22.49944
20.74751,-22.79944
16.14751,-19.69945
13.54751,-16.19945
15.14751,-15.89944
16.34751,-14.49944
16.94751,-8.199445
17.04751,-0.1994446
19.44751,7.000556
22.74751,12.50056
25.74751,16.50056
29.04751,19.00056
0.04750977,12.10056
1.04751,11.20056
7.84751,13.20056
8.74751,11.40056
8.34751,5.900556
9.44751,2.600555
12.84751,-0.2994446
14.44751,-1.999445
13.54751,-0.6994446
12.74751,0.3005554
13.84751,-1.099445
15.14751,-0.9994446
17.34751,-1.899445
17.64751,-2.399445
19.14751,-2.499445
21.34751,-3.999445
23.34751,-6.899445
22.74751,-9.599444
21.04751,-11.79945
19.14751,-14.09944
17.44751,-15.39944
16.74751,-16.89944
18.04751,-19.09945
19.34751,-21.29944
21.54751,-20.59945
23.14751,-14.49944
23.04751,-8.499445
22.44751,-7.099445
21.44751,-6.099445
20.84751,-6.099445
18.34751,-6.299445
17.54751,-4.399445
18.04751,-4.599445
16.44751,-6.199445
10.54751,-2.499445
3.64751,6.300556
0.4475098,11.80056
2.24751,11.80056
2.64751,10.40056
0.7475098,8.500556
1.34751,6.300556
3.74751,5.800556
6.04751,8.000556
7.24751,10.70056
7.24751,7.600555
7.54751,5.000556
9.24751,6.500556
12.04751,8.100555
13.24751,11.00056
15.34751,12.30056
17.84751,11.30056
20.24751,7.700555
22.44751,2.700556
24.44751,-4.899445
26.54751,-11.09944
29.54751,-16.79944
29.64751,-22.29944
25.14751,-24.29944
19.44751,-22.99944
15.64751,-18.79944
17.14751,-16.69945
19.14751,-13.49944
19.64751,-8.399445
19.14751,-1.499445
19.54751,6.700555
21.44751,13.20056
26.14751,17.60056
29.54751,19.40056
8.94751,12.40056
7.94751,11.50056
7.54751,11.20056
6.34751,7.400556
6.64751,2.200556
7.44751,0.00055541995
10.24751,-0.8994446
10.74751,-1.499445
9.34751,-0.1994446
9.44751,-0.09944458
10.64751,-1.599445
11.34751,-1.499445
12.74751,-1.099445
13.34751,-0.8994446
15.64751,-2.499445
17.74751,-3.799445
19.84751,-4.599445
21.14751,-6.099445
22.14751,-8.299445
20.74751,-10.59944
19.54751,-12.69944
18.24751,-15.59944
18.24751,-18.49944
17.84751,-19.69945
18.44751,-17.99944
19.24751,-12.79945
20.44751,-8.799445
21.04751,-8.299445
20.04751,-7.599445
19.64751,-6.999444
19.14751,-7.299445
17.24751,-4.799445
17.64751,-2.399445
18.74751,-5.899445
14.94751,-4.999444
8.04751,3.400555
3.24751,7.200555
1.54751,8.500556
0.04750977,10.00056
-0.9524903,9.400556
-0.9524903,9.000556
1.64751,9.100555
3.44751,8.500556
3.94751,9.000556
5.34751,7.600555
6.94751,8.800555
9.34751,11.40056
11.84751,12.40056
12.44751,13.50056
14.14751,14.40056
17.14751,14.60056
18.44751,11.70056
20.44751,5.300556
21.64751,-2.599445
22.44751,-9.699445
23.44751,-14.39944
25.44751,-19.49944
23.84751,-23.99944
19.94751,-24.89944
17.64751,-18.99944
18.54751,-14.29945
21.04751,-11.29945
21.74751,-4.999444
20.94751,2.600555
21.04751,8.400556
24.24751,14.80056
28.44751,18.60056
30.74751,20.40056
8.64751,11.10056
7.54751,10.30056
5.34751,8.100555
4.34751,5.800556
5.14751,2.000556
6.04751,-0.8994446
8.14751,-1.899445
9.34751,-1.799445
9.44751,-0.3994446
11.34751,1.200555
14.54751,2.800555
15.24751,2.500556
14.64751,0.8005554
14.44751,-1.299445
16.34751,-2.699445
18.14751,-3.799445
19.64751,-4.199445
20.94751,-5.399445
22.74751,-7.599445
22.54751,-9.299445
23.54751,-10.49944
24.04751,-11.99944
24.14751,-14.29945
21.54751,-15.29945
19.64751,-13.39944
19.44751,-10.19944
20.64751,-8.099444
21.54751,-7.799445
19.84751,-7.499444
18.54751,-7.299445
18.54751,-7.199445
12.84751,-0.2994446
15.84751,6.100555
20.74751,-1.099445
18.54751,-4.999444
10.64751,0.3005554
3.84751,3.300555
1.14751,6.200555
-1.45249,9.100555
0.04750977,10.10056
0.9475098,10.30056
1.14751,10.60056
0.7475098,9.600555
2.64751,7.900556
6.04751,7.800556
7.24751,9.400556
8.44751,11.80056
10.74751,14.10056
12.64751,14.50056
13.24751,14.40056
14.14751,13.70056
14.64751,11.30056
15.54751,6.900556
16.24751,0.9005554
19.24751,-8.799445
18.54751,-14.29945
18.74751,-17.19945
21.24751,-21.39944
22.04751,-25.69945
21.14751,-21.59945
21.54751,-13.69944
21.94751,-8.499445
22.34751,-2.699445
23.54751,3.700556
24.74751,9.200556
28.34751,15.70056
30.94751,19.00056
31.64751,21.20056
4.84751,9.500556
3.84751,7.900556
3.04751,6.100555
3.54751,5.600555
5.04751,4.000556
7.84751,1.900555
10.44751,0.4005554
12.84751,1.500555
15.04751,4.400556
17.64751,6.600555
20.44751,7.500556
21.34751,5.400556
20.64751,1.900555
19.94751,-2.399445
20.64751,-5.399445
21.74751,-6.299445
22.74751,-5.999444
24.04751,-6.499444
25.54751,-7.799445
24.94751,-9.399445
24.74751,-10.99944
25.24751,-11.59944
26.64751,-11.49944
25.74751,-11.39944
23.54751,-10.79945
22.84751,-9.799445
23.04751,-9.099444
22.94751,-9.199445
21.54751,-9.699445
19.54751,-8.999445
17.34751,-8.599444
7.94751,-5.899445
9.74751,-0.8994446
12.34751,-2.999445
9.44751,-5.399445
6.74751,-2.399445
5.34751,-0.1994446
5.14751,3.400555
2.04751,6.600555
2.94751,8.200556
4.04751,8.900556
3.14751,9.800555
2.24751,9.000556
4.04751,8.100555
6.64751,10.10056
7.14751,10.70056
8.04751,11.80056
9.64751,14.00056
10.84751,12.80056
9.64751,11.40056
10.14751,11.40056
11.04751,9.600555
11.14751,4.000556
11.04751,0.9005554
15.54751,-5.499444
16.64751,-12.79945
15.44751,-15.19944
18.24751,-16.09945
20.84751,-19.39944
22.14751,-21.39944
23.74751,-17.59945
23.94751,-9.899445
23.14751,-2.499445
24.84751,3.500556
28.44751,7.900556
30.74751,13.00056
31.64751,17.50056
31.94751,19.10056
0.1475098,8.200556
0.7475098,6.300556
1.04751,5.200555
2.24751,5.300556
4.44751,5.300556
7.64751,5.000556
10.64751,4.600555
13.74751,5.000556
15.84751,6.200555
18.34751,6.400556
20.64751,4.900556
21.24751,1.600555
20.84751,-1.999445
21.54751,-4.899445
22.54751,-6.699445
22.74751,-7.699445
22.54751,-8.299445
23.74751,-8.799445
25.54751,-8.999445
26.04751,-9.099444
26.54751,-9.799445
25.14751,-11.19944
23.94751,-11.59944
24.24751,-11.59944
23.34751,-11.49944
22.94751,-11.39944
23.74751,-11.49944
23.94751,-11.49944
23.24751,-12.19944
20.64751,-11.49944
19.74751,-10.89944
15.24751,-15.49944
11.84751,-14.89944
8.34751,-9.599444
7.44751,-7.699445
10.04751,-4.599445
13.04751,-1.399445
13.74751,2.300555
11.24751,4.700555
9.34751,5.700555
8.14751,5.900556
6.64751,6.900556
6.04751,8.500556
5.84751,9.000556
6.54751,10.90056
7.04751,12.30056
7.94751,14.70056
7.94751,14.90056
6.94751,9.600555
9.14751,10.20056
12.94751,12.80056
12.54751,8.500556
11.44751,2.600555
11.24751,2.000556
12.74751,-2.299445
15.34751,-10.79945
14.74751,-12.59944
15.84751,-12.89944
18.84751,-14.69944
21.64751,-17.99944
23.64751,-16.29944
25.94751,-8.899445
27.24751,-1.499445
26.74751,4.500556
28.94751,6.600555
30.04751,8.900556
30.34751,14.90056
30.74751,18.50056
-0.6524903,6.200555
0.2475098,5.500556
0.8475098,4.900556
2.44751,4.800556
5.04751,4.500556
7.84751,3.600555
9.54751,3.200556
11.14751,3.500556
13.14751,3.600555
15.04751,4.100555
16.64751,2.500556
18.64751,-0.4994446
20.24751,-3.499445
21.34751,-5.399445
21.44751,-6.699445
20.64751,-7.999444
20.24751,-8.799445
21.94751,-8.699445
24.04751,-9.199445
24.64751,-9.799445
25.34751,-10.59944
25.44751,-11.19944
25.44751,-12.39944
26.04751,-13.99944
25.54751,-14.99944
24.24751,-15.49944
22.94751,-15.09944
21.94751,-13.99944
21.54751,-13.59944
21.34751,-14.39944
21.34751,-13.99944
21.74751,-15.19944
19.74751,-16.19945
17.44751,-13.79945
17.34751,-10.89944
17.84751,-7.499444
19.04751,-3.799445
19.04751,0.7005554
16.94751,2.900555
13.84751,4.300556
12.54751,4.700555
10.64751,4.900556
9.44751,6.500556
8.74751,7.700555
7.74751,9.400556
6.54751,12.60056
5.94751,16.00056
5.74751,15.40056
7.04751,12.10056
10.94751,13.80056
12.64751,13.00056
11.74751,7.300556
12.44751,3.700556
10.44751,2.100555
9.44751,-1.699445
12.54751,-8.899445
15.54751,-11.19944
16.64751,-11.89944
17.94751,-12.09944
20.44751,-14.79945
23.54751,-14.69944
25.34751,-7.699445
27.24751,-1.699445
28.44751,3.800555
30.44751,7.700555
30.14751,9.600555
29.24751,14.80056
27.64751,18.90056
-0.2524903,4.800556
0.5475098,5.200555
1.74751,5.000556
4.14751,4.000556
6.34751,4.600555
7.54751,5.800556
6.44751,7.000556
4.84751,7.700555
5.54751,7.000556
6.34751,7.400556
7.14751,6.000556
11.04751,2.100555
15.54751,-1.399445
18.04751,-3.899445
19.34751,-6.199445
19.64751,-8.199445
19.44751,-9.099444
20.84751,-8.299445
22.64751,-7.499444
22.84751,-7.799445
23.14751,-9.499445
23.24751,-10.79945
24.54751,-12.59944
27.04751,-14.59944
28.34751,-15.79945
27.34751,-16.99944
25.34751,-16.89944
22.24751,-15.59944
19.64751,-13.99944
20.64751,-13.99944
22.04751,-15.49944
22.74751,-16.29944
22.94751,-16.59945
21.64751,-15.59944
20.34751,-12.09944
20.44751,-9.499445
20.44751,-6.399445
21.54751,-2.999445
20.34751,-0.5994446
17.44751,1.700555
16.84751,3.500556
14.64751,3.900555
12.34751,4.600555
11.84751,5.900556
11.24751,7.700555
8.64751,11.50056
6.84751,14.50056
6.44751,15.20056
7.84751,17.40056
9.04751,14.80056
8.94751,10.60056
8.64751,6.400556
9.04751,3.300555
7.04751,0.3005554
7.84751,-0.7994446
9.04751,-4.299445
13.04751,-7.399445
15.44751,-8.999445
16.14751,-8.499445
16.94751,-9.099444
18.64751,-8.199445
20.74751,-1.499445
22.94751,4.600555
25.14751,8.200556
26.94751,11.60056
26.64751,11.90056
24.34751,12.60056
20.44751,14.60056
-0.9524903,5.100555
0.2475098,6.500556
1.34751,6.700555
2.54751,5.600555
3.34751,5.700555
2.04751,6.700555
-1.55249,8.200556
-3.35249,9.600555
-2.65249,10.40056
0.3475098,10.50056
3.64751,9.700556
7.64751,8.100555
12.24751,3.800555
15.54751,-0.7994446
16.34751,-3.799445
16.64751,-3.999445
17.14751,-4.599445
17.54751,-4.999444
18.44751,-5.299445
18.64751,-5.999444
18.44751,-7.099445
17.94751,-7.499444
19.44751,-9.199445
22.94751,-12.89944
25.24751,-15.19944
26.24751,-16.29944
27.14751,-17.29944
26.04751,-16.79944
23.54751,-15.39944
22.44751,-13.49944
23.14751,-12.69944
23.14751,-13.69944
23.44751,-14.09944
23.44751,-13.99944
22.14751,-12.29945
22.54751,-9.699445
22.04751,-6.999444
23.34751,-4.899445
23.64751,-2.299445
21.74751,-0.2994446
21.04751,2.100555
18.54751,2.700556
16.44751,2.500556
15.04751,2.500556
15.94751,5.400556
13.24751,9.700556
11.44751,11.90056
9.54751,15.10056
7.64751,18.10056
6.24751,13.20056
6.84751,8.900556
7.74751,4.500556
8.14751,1.400555
6.94751,-0.1994446
7.54751,-1.299445
7.74751,-1.799445
9.64751,-2.599445
8.94751,-3.599445
8.64751,-3.999445
8.64751,-1.399445
8.54751,1.900555
11.54751,5.100555
13.84751,8.000556
15.44751,8.900556
16.44751,8.700556
16.44751,8.400556
15.94751,9.900556
15.54751,14.50056
-1.25249,5.100555
0.4475098,7.000556
0.7475098,7.700555
0.3475098,7.300556
0.3475098,6.800556
-1.45249,7.500556
-3.15249,9.000556
-3.35249,9.800555
-3.05249,12.80056
-0.8524902,15.10056
1.34751,16.00056
4.94751,15.10056
8.84751,10.00056
12.34751,3.300555
13.44751,-1.699445
13.24751,-1.399445
14.74751,-0.8994446
15.64751,-1.799445
16.14751,-3.399445
17.14751,-4.799445
17.34751,-6.899445
16.64751,-7.399445
17.34751,-7.599445
18.94751,-10.59944
20.54751,-14.09944
21.64751,-15.39944
23.14751,-15.99944
24.54751,-16.79944
25.24751,-15.79945
25.14751,-14.89944
25.24751,-13.69944
23.74751,-12.99944
22.24751,-12.09944
23.44751,-11.79945
24.04751,-11.09944
23.94751,-8.499445
24.24751,-6.599445
24.64751,-5.799445
24.84751,-3.299445
23.54751,-1.499445
22.84751,1.400555
21.54751,2.000556
21.24751,1.500555
19.14751,0.6005554
18.34751,3.700556
15.84751,7.700555
15.94751,10.40056
13.24751,14.90056
10.14751,17.20056
6.14751,10.90056
4.74751,6.300556
6.14751,2.400555
7.44751,0.00055541995
7.64751,-0.7994446
6.24751,-1.499445
6.24751,-1.399445
7.34751,-0.6994446
6.74751,-0.3994446
5.24751,0.7005554
4.54751,3.500556
5.24751,5.300556
7.34751,5.400556
8.64751,5.900556
10.04751,7.100555
9.94751,8.000556
9.54751,9.700556
10.04751,12.00056
11.44751,15.70056
-0.05249023,4.800556
1.84751,6.000556
0.9475098,6.600555
-0.8524902,7.500556
-1.35249,8.000556
-1.85249,9.000556
-2.55249,10.10056
-3.15249,12.20056
-2.95249,15.40056
-2.55249,18.00056
-2.45249,19.00056
-0.7524902,18.50056
0.6475098,17.30056
0.2475098,12.70056
2.64751,4.700555
7.04751,0.00055541995
10.74751,-2.699445
12.94751,-3.199445
13.94751,-4.299445
14.84751,-5.099445
15.74751,-6.199445
16.94751,-6.899445
17.84751,-7.899445
18.04751,-9.599444
17.64751,-12.99944
18.14751,-15.79945
19.14751,-16.99944
21.44751,-17.39944
23.24751,-15.89944
24.64751,-14.89944
26.14751,-14.29945
25.94751,-12.79945
23.94751,-11.19944
23.64751,-10.09944
25.04751,-10.19944
25.04751,-9.299445
26.04751,-6.799445
26.44751,-5.899445
25.94751,-3.799445
25.24751,-2.599445
23.84751,-0.5994446
23.64751,1.000555
24.04751,1.100555
21.14751,0.5005555
18.54751,1.500555
17.34751,5.400556
17.64751,9.600555
13.44751,13.70056
10.14751,16.10056
5.94751,8.700556
3.54751,4.900556
5.14751,1.800555
5.94751,-1.399445
7.64751,-1.299445
6.84751,-1.699445
6.24751,-1.199445
5.74751,0.7005554
4.84751,1.800555
2.14751,3.600555
1.84751,5.800556
2.74751,6.500556
4.54751,5.700555
6.04751,4.800556
4.54751,7.000556
3.34751,9.500556
3.54751,12.20056
3.44751,13.40056
4.64751,14.30056
0.9475098,4.600555
0.9475098,6.500556
2.04751,7.600555
1.24751,8.000556
-0.5524902,8.000556
-0.8524902,9.300555
-1.95249,10.50056
-1.55249,13.80056
-1.55249,16.80056
-4.85249,20.60056
-5.45249,21.70056
-4.752491,21.20056
-2.45249,22.50056
-5.05249,20.10056
-6.05249,11.60056
0.6475098,3.800555
5.54751,-1.999445
6.74751,-2.899445
8.34751,-2.799445
10.64751,-2.099445
12.14751,-2.299445
14.04751,-3.799445
15.44751,-5.899445
16.24751,-7.799445
15.64751,-9.799445
16.24751,-13.69944
17.84751,-17.99944
20.74751,-18.49944
23.74751,-16.19945
25.54751,-13.89944
25.74751,-12.59944
25.54751,-10.99944
26.44751,-10.59944
26.34751,-10.39944
26.24751,-9.199445
26.14751,-9.999445
27.54751,-9.199445
28.44751,-7.699445
27.14751,-4.699445
27.54751,-2.599445
26.54751,-1.499445
26.84751,0.1005554
26.34751,1.000555
22.84751,1.200555
21.24751,0.8005554
20.84751,5.300556
17.44751,9.500556
11.84751,12.70056
9.14751,12.60056
7.14751,6.200555
3.94751,4.400556
4.74751,1.000555
5.54751,-2.499445
7.04751,-2.099445
7.94751,-2.899445
8.14751,-1.299445
6.84751,0.7005554
4.24751,1.500555
0.7475098,3.300555
2.34751,5.100555
3.84751,5.900556
2.84751,5.300556
0.3475098,4.500556
-1.35249,7.600555
-0.1524902,11.40056
-1.65249,13.80056
-2.75249,14.00056
-0.4524902,13.80056
0.7475098,5.700555
-0.05249023,7.300556
0.5475098,7.600555
-0.05249023,7.300556
-1.55249,7.500556
-1.05249,8.700556
-0.4524902,9.400556
-0.3524902,13.90056
-1.65249,17.10056
-6.45249,21.20056
-6.85249,22.20056
-6.252491,21.20056
-3.65249,20.50056
-6.45249,20.60056
-11.25249,16.30056
-6.252491,9.700556
0.2475098,3.200556
4.14751,1.200555
6.54751,1.700555
7.74751,4.200555
8.64751,4.800556
11.34751,2.200556
13.44751,-1.599445
15.04751,-4.499444
16.34751,-7.099445
16.74751,-8.899445
17.34751,-12.19944
19.14751,-14.39944
21.64751,-13.79945
24.74751,-11.99944
25.04751,-10.89944
24.24751,-9.999445
25.74751,-10.09944
25.34751,-11.09944
24.14751,-10.19944
26.24751,-9.299445
28.14751,-9.199445
29.54751,-7.399445
28.74751,-4.799445
29.64751,-2.099445
29.04751,-0.8994446
28.84751,-0.2994446
27.94751,0.9005554
26.14751,1.500555
23.84751,1.600555
20.14751,5.300556
16.04751,8.300555
13.34751,11.40056
8.84751,7.600555
7.24751,2.900555
5.24751,2.100555
5.64751,0.5005555
6.14751,-2.399445
6.24751,-2.999445
6.74751,-3.099445
6.24751,-0.3994446
5.84751,0.3005554
5.34751,-0.6994446
2.24751,0.2005554
0.7475098,3.500556
0.04750977,4.700555
-2.45249,3.900555
-5.65249,3.100555
-5.05249,7.500556
-3.35249,11.70056
-5.65249,14.10056
-5.55249,15.70056
-2.75249,14.10056
1.14751,3.900555
0.9475098,6.000556
0.1475098,7.900556
-1.45249,7.900556
-2.15249,8.500556
-0.2524903,9.500556
1.64751,9.500556
-1.05249,13.40056
-1.85249,16.10056
-5.55249,20.10056
-8.75249,22.10056
-7.65249,21.20056
-5.45249,18.00056
-9.35249,20.00056
-15.35249,19.90056
-12.75249,16.70056
-7.15249,12.00056
-2.15249,9.100555
0.1475098,8.600555
1.44751,8.900556
3.84751,7.300556
6.84751,5.400556
9.34751,2.500556
10.84751,0.00055541995
13.14751,-3.599445
15.44751,-5.999444
16.44751,-6.899445
17.74751,-7.799445
18.14751,-7.899445
19.84751,-7.699445
22.54751,-8.499445
24.54751,-10.19944
25.74751,-10.29945
24.64751,-9.899445
22.34751,-10.89944
23.44751,-9.199445
25.24751,-6.799445
26.74751,-4.199445
27.04751,-2.099445
29.14751,-0.6994446
30.34751,-0.4994446
30.14751,-0.1994446
28.84751,0.7005554
26.14751,1.100555
22.14751,2.200556
18.84751,4.500556
17.84751,6.800556
16.64751,10.00056
9.44751,3.800555
7.04751,0.4005554
6.74751,-0.1994446
7.64751,-1.199445
8.24751,-3.399445
5.64751,-4.499444
3.94751,-4.199445
4.34751,-0.9994446
5.24751,-0.5994446
4.54751,-2.999445
1.94751,-1.699445
-0.4524902,3.000556
-2.05249,3.000556
-5.05249,2.100555
-7.252491,3.400555
-6.65249,8.600555
-5.05249,11.60056
-5.752491,12.60056
-6.252491,16.10056
-4.05249,14.50056
2.64751,2.500556
1.44751,3.200556
1.24751,6.000556
0.04750977,7.400556
-0.7524902,7.600555
0.04750977,8.700556
1.74751,9.700556
-0.9524903,12.80056
-2.55249,14.30056
-4.85249,17.40056
-8.35249,20.40056
-8.55249,21.60056
-7.55249,18.80056
-8.75249,18.30056
-12.95249,18.50056
-13.85249,18.70056
-10.85249,16.70056
-6.85249,12.60056
-5.95249,10.10056
-4.45249,8.900556
0.04750977,6.600555
2.94751,6.200555
4.84751,4.500556
7.24751,2.500556
9.44751,-0.3994446
11.64751,-3.499445
12.34751,-5.699445
14.44751,-5.399445
15.64751,-5.899445
15.84751,-5.399445
16.74751,-4.699445
19.34751,-5.099445
21.24751,-5.499444
22.44751,-5.699445
22.54751,-7.399445
22.84751,-7.499444
23.84751,-5.499444
24.84751,-2.099445
25.34751,-0.3994446
27.04751,0.5005555
28.34751,0.8005554
27.94751,0.2005554
26.34751,-0.2994446
23.94751,0.3005554
21.74751,2.200556
20.74751,4.700555
20.24751,7.000556
17.64751,7.700555
8.74751,1.100555
3.34751,-2.899445
5.74751,0.8005554
7.54751,0.6005554
7.84751,-1.999445
5.64751,-4.599445
4.84751,-6.199445
5.34751,-3.599445
5.54751,-2.799445
4.44751,-5.099445
2.74751,-4.399445
1.04751,-0.09944458
-2.25249,-0.5994446
-6.45249,-0.09944458
-7.55249,3.700556
-9.25249,8.400556
-8.85249,12.00056
-7.45249,11.70056
-8.25249,14.30056
-7.15249,15.00056
