U,V
2.750162,-0.4
2.650162,-0.4
2.650162,-0.5
2.650162,-0.6
2.650162,-0.7
2.650162,-0.7
2.650162,-0.8
2.550162,-0.9
2.550162,-0.9
2.550162,-1
2.550162,-1.1
2.450162,-1.1
2.450162,-1.2
2.450162,-1.3
2.350162,-1.3
2.350162,-1.4
2.350162,-1.4
2.250162,-1.5
2.250162,-1.6
2.250162,-1.6
2.150162,-1.7
2.150162,-1.7
2.050162,-1.8
2.050162,-1.8
1.950162,-1.9
1.950162,-1.9
1.850162,-2
1.850162,-2
1.750162,-2.1
1.750162,-2.1
1.650162,-2.2
1.550162,-2.2
1.550162,-2.3
1.450162,-2.3
1.450162,-2.3
1.350162,-2.4
1.250162,-2.4
1.250162,-2.4
1.150162,-2.5
1.150162,-2.5
1.050162,-2.5
0.9501618,-2.6
0.9501618,-2.6
0.8501617,-2.6
0.7501618,-2.6
0.6501617,-2.6
0.6501617,-2.7
0.5501618,-2.7
0.4501618,-2.7
0.4501618,-2.7
0.3501618,-2.7
0.2501617,-2.7
0.2501617,-2.7
0.1501617,-2.7
0.05016175,-2.7
-0.04983826,-2.7
-0.04983826,-2.7
-0.1498383,-2.7
-0.2498383,-2.7
-0.2498383,-2.7
-0.3498383,-2.7
-0.4498383,-2.7
-0.5498382,-2.7
-0.5498382,-2.7
-0.6498383,-2.7
-0.7498383,-2.6
-0.7498383,-2.6
-0.8498383,-2.6
6.850162,-2.9
6.650162,-3.1
6.450162,-3.2
6.250162,-3.4
6.050162,-3.5
5.850162,-3.7
5.650162,-3.7
5.450162,-3.9
5.250162,-4
5.050162,-4.1
4.850162,-4.1
4.650162,-4.2
4.350162,-4.3
4.150162,-4.3
3.950162,-4.4
3.750162,-4.4
3.550162,-4.4
3.350162,-4.5
3.050162,-4.4
2.950162,-4.5
2.650162,-4.4
2.550162,-4.4
2.250162,-4.4
2.150162,-4.4
1.850162,-4.3
1.750162,-4.3
1.550162,-4.2
1.350162,-4.2
1.150162,-4.1
1.050162,-4.1
0.8501617,-4
0.6501617,-3.9
0.5501618,-3.8
0.4501618,-3.8
0.2501617,-3.6
0.1501617,-3.6
0.05016175,-3.4
-0.1498383,-3.4
-0.2498383,-3.2
-0.3498383,-3.2
-0.4498383,-3
-0.5498382,-2.9
-0.6498383,-2.8
-0.7498383,-2.7
-0.7498383,-2.6
-0.8498383,-2.5
-0.9498383,-2.3
-0.9498383,-2.3
-1.049838,-2.1
-1.049838,-2
-1.149838,-1.9
-1.149838,-1.8
-1.249838,-1.7
-1.249838,-1.6
-1.249838,-1.4
-1.249838,-1.3
-1.249838,-1.2
-1.249838,-1.1
-1.249838,-1
-1.249838,-0.9
-1.249838,-0.8
-1.249838,-0.7
-1.149838,-0.6
-1.149838,-0.5
-1.149838,-0.4
-1.049838,-0.3
-1.049838,-0.2
-0.9498383,-0.2
11.05016,-6.3
10.65016,-6.6
10.25016,-6.8
9.850162,-7
9.350162,-7.1
8.950162,-7.3
8.450162,-7.4
8.150162,-7.5
7.650162,-7.6
7.250162,-7.7
6.750162,-7.7
6.350162,-7.7
5.850162,-7.7
5.550162,-7.7
5.050162,-7.7
4.650162,-7.6
4.250162,-7.6
3.850162,-7.5
3.450162,-7.4
3.150162,-7.4
2.750162,-7.2
2.450162,-7.1
2.050162,-7
1.750162,-6.9
1.450162,-6.7
1.050162,-6.6
0.8501617,-6.4
0.5501618,-6.3
0.2501617,-6.1
-0.04983826,-5.9
-0.2498383,-5.7
-0.4498383,-5.6
-0.7498383,-5.3
-0.9498383,-5.2
-1.149838,-5
-1.349838,-4.8
-1.549838,-4.5
-1.649838,-4.4
-1.849838,-4.1
-1.949838,-3.9
-2.149838,-3.7
-2.249838,-3.5
-2.449838,-3.2
-2.449838,-3
-2.649838,-2.8
-2.649838,-2.5
-2.749838,-2.3
-2.749838,-2
-2.849838,-1.8
-2.849838,-1.6
-2.849838,-1.3
-2.849838,-1.1
-2.849838,-0.9
-2.749838,-0.6
-2.749838,-0.4
-2.649838,-0.2
-2.649838,0
-2.549838,0.1
-2.449838,0.4
-2.349838,0.5
-2.249838,0.7
-2.149838,0.9
-2.049838,1.1
-1.849838,1.3
-1.749838,1.4
-1.549838,1.5
-1.549838,1.6
-1.349838,1.8
14.45016,-10.4
13.75016,-10.8
13.05016,-11
12.35016,-11.2
11.65016,-11.3
11.05016,-11.5
10.35016,-11.5
9.650162,-11.6
8.950162,-11.5
8.350162,-11.5
7.750162,-11.4
7.050162,-11.4
6.450162,-11.2
5.850162,-11.1
5.250162,-11
4.650162,-10.8
4.050162,-10.6
3.550162,-10.5
3.050162,-10.2
2.550162,-10.1
2.050162,-9.8
1.550162,-9.7
1.150162,-9.400001
0.6501617,-9.2
0.2501617,-8.900001
-0.1498383,-8.8
-0.5498382,-8.5
-0.8498383,-8.3
-1.249838,-8
-1.549838,-7.8
-1.949838,-7.4
-2.149838,-7.2
-2.449838,-6.9
-2.749838,-6.6
-2.949838,-6.3
-3.249838,-6
-3.349838,-5.6
-3.549838,-5.2
-3.749838,-4.9
-3.849838,-4.5
-3.949838,-4.1
-4.049839,-3.8
-4.149838,-3.3
-4.149838,-2.9
-4.249838,-2.5
-4.149838,-2.1
-4.149838,-1.7
-4.049839,-1.4
-3.949838,-1
-3.849838,-0.6
-3.749838,-0.2
-3.549838,0.1
-3.449838,0.4
-3.249838,0.7
-3.049838,1.1
-2.949838,1.3
-2.749838,1.6
-2.449838,1.8
-2.249838,2.1
-2.049838,2.3
-1.849838,2.5
-1.549838,2.7
-1.449838,2.8
-1.149838,2.9
-0.9498383,3.1
-0.7498383,3.2
-0.5498382,3.2
-0.2498383,3.3
16.75016,-14.9
15.95016,-15.2
14.85016,-15.4
13.95016,-15.6
13.05016,-15.6
12.15016,-15.7
11.25016,-15.6
10.35016,-15.6
9.450162,-15.4
8.650162,-15.3
7.750162,-15.1
7.050162,-14.9
6.150162,-14.7
5.450162,-14.4
4.650162,-14.2
3.950162,-13.9
3.250162,-13.6
2.550162,-13.3
1.850162,-13
1.250162,-12.7
0.6501617,-12.4
0.1501617,-12.1
-0.4498383,-11.8
-0.9498383,-11.5
-1.449838,-11.2
-1.849838,-10.9
-2.349838,-10.5
-2.749838,-10.2
-3.149838,-9.8
-3.549838,-9.400001
-3.849838,-9
-4.149838,-8.6
-4.449838,-8.1
-4.649838,-7.6
-4.949838,-7
-5.049839,-6.5
-5.249838,-5.9
-5.249838,-5.3
-5.349838,-4.7
-5.349838,-4.1
-5.349838,-3.5
-5.249838,-2.9
-5.149838,-2.3
-4.949838,-1.7
-4.849838,-1.1
-4.549839,-0.6
-4.349838,-0.1
-4.049839,0.5
-3.849838,0.9
-3.549838,1.4
-3.249838,1.8
-2.949838,2.2
-2.649838,2.5
-2.349838,2.8
-2.049838,3.1
-1.749838,3.4
-1.449838,3.6
-1.149838,3.8
-0.8498383,4
-0.5498382,4.2
-0.3498383,4.3
-0.04983826,4.4
0.2501617,4.5
0.4501618,4.6
0.7501618,4.6
0.9501618,4.7
1.250162,4.7
1.450162,4.7
18.15016,-18.7
17.05016,-19.1
15.95016,-19.3
14.85016,-19.5
13.75016,-19.5
12.75016,-19.5
11.75016,-19.4
10.75016,-19.2
9.650162,-19
8.750162,-18.8
7.850162,-18.5
6.950162,-18.2
5.950162,-17.9
5.050162,-17.6
4.150162,-17.2
3.350162,-16.8
2.450162,-16.4
1.650162,-16.1
0.8501617,-15.6
0.1501617,-15.2
-0.5498382,-14.8
-1.249838,-14.4
-1.849838,-13.9
-2.449838,-13.5
-2.949838,-13
-3.449838,-12.6
-3.949838,-12
-4.449838,-11.5
-4.749838,-11
-5.149838,-10.4
-5.549839,-9.7
-5.849838,-9
-6.149838,-8.2
-6.249838,-7.5
-6.449838,-6.6
-6.549839,-5.8
-6.549839,-4.9
-6.549839,-4
-6.449838,-3.1
-6.249838,-2.3
-6.149838,-1.4
-5.849838,-0.7
-5.549839,0
-5.149838,0.8
-4.849838,1.4
-4.549839,2
-4.149838,2.6
-3.749838,3.1
-3.349838,3.5
-3.049838,3.8
-2.649838,4.2
-2.349838,4.4
-2.049838,4.6
-1.749838,4.7
-1.449838,4.9
-1.149838,5
-0.8498383,5.1
-0.6498383,5.2
-0.3498383,5.4
-0.1498383,5.4
0.1501617,5.6
0.3501618,5.7
0.6501617,5.8
0.9501618,6
1.250162,6.1
1.550162,6.2
1.950162,6.4
2.250162,6.5
18.85016,-21.3
17.75016,-21.9
16.55016,-22.3
15.35016,-22.6
14.25016,-22.6
13.25016,-22.6
12.15016,-22.5
11.15016,-22.3
10.15016,-22
9.250162,-21.7
8.250162,-21.4
7.350162,-21.1
6.350162,-20.7
5.350162,-20.4
4.350162,-19.9
3.350162,-19.5
2.350162,-19
1.450162,-18.5
0.5501618,-17.9
-0.2498383,-17.4
-1.149838,-16.8
-1.749838,-16.3
-2.549838,-15.7
-3.149838,-15.1
-3.749838,-14.6
-4.249838,-14
-4.849838,-13.3
-5.249838,-12.6
-5.749838,-11.8
-6.149838,-11
-6.649838,-10.1
-6.949838,-9.2
-7.249838,-8.1
-7.449838,-7
-7.649838,-5.9
-7.749838,-4.7
-7.749838,-3.6
-7.549839,-2.5
-7.449838,-1.5
-7.249838,-0.4
-6.949838,0.5
-6.649838,1.4
-6.349838,2.2
-5.949838,3.1
-5.649838,3.7
-5.249838,4.4
-4.849838,5
-4.449838,5.5
-4.049839,5.8
-3.649838,6.1
-3.249838,6.3
-2.749838,6.4
-2.449838,6.5
-1.949838,6.4
-1.649838,6.4
-1.249838,6.4
-0.9498383,6.3
-0.5498382,6.3
-0.2498383,6.3
0.1501617,6.4
0.4501618,6.5
0.8501617,6.6
1.150162,6.7
1.550162,7
1.950162,7.2
2.450162,7.5
2.850162,7.8
3.350162,8.1
19.35016,-22.1
18.35016,-23.1
17.25016,-23.8
16.15016,-24.3
15.05016,-24.6
14.05016,-24.7
13.05016,-24.7
12.15016,-24.5
11.25016,-24.3
10.35016,-24.1
9.450162,-23.8
8.550162,-23.4
7.550162,-23.1
6.650162,-22.7
5.650162,-22.2
4.550162,-21.7
3.550162,-21.1
2.550162,-20.5
1.550162,-19.8
0.6501617,-19.2
-0.1498383,-18.5
-0.9498383,-17.8
-1.749838,-17.2
-2.449838,-16.6
-3.149838,-15.9
-3.849838,-15.2
-4.449838,-14.5
-5.049839,-13.7
-5.549839,-12.7
-6.049839,-11.7
-6.549839,-10.6
-6.849838,-9.400001
-7.149838,-8.1
-7.349838,-6.9
-7.449838,-5.5
-7.549839,-4.2
-7.449838,-2.9
-7.349838,-1.7
-7.249838,-0.5
-7.049839,0.6
-6.749838,1.6
-6.549839,2.5
-6.349838,3.5
-6.049839,4.3
-5.749838,5.1
-5.349838,5.9
-4.949838,6.5
-4.549839,7.1
-4.049839,7.6
-3.549838,7.9
-3.049838,8.1
-2.549838,8.1
-2.049838,8.1
-1.549838,8
-1.149838,7.8
-0.6498383,7.7
-0.2498383,7.6
0.2501617,7.5
0.7501618,7.5
1.250162,7.5
1.750162,7.6
2.150162,7.7
2.650162,8
3.250162,8.3
3.750162,8.6
4.250162,9
4.950162,9.400001
5.550162,9.8
19.35016,-21.6
18.65016,-23
17.75016,-24.1
16.95016,-25
15.95016,-25.5
15.15016,-25.8
14.15016,-25.9
13.35016,-25.9
12.55016,-25.7
11.85016,-25.5
10.95016,-25.3
10.15016,-25.1
9.250162,-24.8
8.350162,-24.5
7.350162,-24.1
6.450162,-23.7
5.350162,-23.2
4.350162,-22.6
3.250162,-21.9
2.350162,-21.1
1.350162,-20.3
0.5501618,-19.6
-0.3498383,-18.8
-1.149838,-18.1
-1.949838,-17.3
-2.649838,-16.5
-3.349838,-15.7
-4.049839,-14.8
-4.649838,-13.8
-5.249838,-12.7
-5.749838,-11.4
-6.149838,-10.1
-6.449838,-8.6
-6.649838,-7
-6.849838,-5.5
-6.849838,-3.9
-6.749838,-2.5
-6.649838,-1.1
-6.549839,0.2
-6.349838,1.4
-6.149838,2.5
-5.849838,3.6
-5.649838,4.5
-5.349838,5.5
-5.049839,6.4
-4.649838,7.2
-4.249838,7.9
-3.749838,8.5
-3.349838,9
-2.849838,9.3
-2.449838,9.5
-1.949838,9.5
-1.649838,9.5
-1.149838,9.400001
-0.8498383,9.2
-0.3498383,9.1
-0.04983826,9
0.3501618,8.900001
0.7501618,8.900001
1.250162,9.1
1.650162,9.2
2.250162,9.5
2.750162,9.900001
3.450162,10.4
4.050162,10.8
4.850162,11.2
5.550162,11.6
6.250162,11.9
18.15016,-19.6
17.85016,-21.2
17.45016,-22.6
16.95016,-23.6
16.35016,-24.4
15.85016,-24.8
15.15016,-25.1
14.65016,-25.2
14.15016,-25.2
13.65016,-25.2
13.05016,-25.2
12.45016,-25.1
11.65016,-25
10.85016,-25
9.950162,-24.9
8.950162,-24.7
7.950162,-24.5
6.950162,-24.1
5.850162,-23.6
4.750162,-23
3.750162,-22.3
2.750162,-21.5
1.750162,-20.7
0.8501617,-19.9
-0.04983826,-19
-0.8498383,-18.2
-1.649838,-17.3
-2.449838,-16.4
-3.149838,-15.3
-3.849838,-14.1
-4.449838,-12.8
-5.049839,-11.2
-5.449838,-9.6
-5.849838,-7.8
-6.149838,-6
-6.349838,-4.2
-6.549839,-2.4
-6.549839,-0.8
-6.449838,0.8
-6.349838,2.1
-6.149838,3.4
-5.949838,4.4
-5.649838,5.4
-5.449838,6.2
-5.149838,7
-4.849838,7.6
-4.649838,8.2
-4.349838,8.5
-4.149838,8.900001
-4.049839,9.2
-3.849838,9.400001
-3.649838,9.6
-3.449838,9.7
-3.149838,9.8
-2.949838,9.900001
-2.549838,10
-2.249838,10.1
-1.749838,10.4
-1.149838,10.7
-0.5498382,11
0.05016175,11.3
0.7501618,11.6
1.450162,12
2.150162,12.3
2.750162,12.7
3.350162,13
3.950162,13.3
4.350162,13.5
17.15016,-16.8
17.35016,-18.3
17.25016,-19.7
17.15016,-20.7
16.95016,-21.7
16.95016,-22.4
16.75016,-22.9
16.75016,-23.2
16.55016,-23.6
16.35016,-23.8
16.05016,-24.1
15.75016,-24.4
15.15016,-24.7
14.35016,-25
13.45016,-25.1
12.45016,-25.3
11.35016,-25.3
10.35016,-25.2
9.250162,-25
8.150162,-24.6
7.050162,-24.1
6.050162,-23.5
4.950162,-22.7
3.850162,-21.9
2.750162,-21
1.750162,-20.1
0.6501617,-19.1
-0.3498383,-18
-1.249838,-16.9
-2.049838,-15.6
-2.749838,-14.1
-3.449838,-12.6
-4.049839,-10.7
-4.549839,-8.8
-5.049839,-6.8
-5.449838,-4.7
-5.749838,-2.7
-6.049839,-0.8
-6.149838,1
-6.249838,2.4
-6.149838,3.8
-6.049839,4.8
-5.949838,5.6
-5.849838,6.2
-5.849838,6.6
-5.849838,7
-5.949838,7.3
-6.049839,7.6
-6.149838,7.9
-6.249838,8.2
-6.349838,8.7
-6.249838,9.3
-6.149838,9.7
-5.849838,10.2
-5.549839,10.6
-5.049839,11.1
-4.449838,11.5
-3.849838,11.9
-3.149838,12.2
-2.349838,12.5
-1.649838,12.6
-0.9498383,12.8
-0.2498383,12.9
0.3501618,13
0.7501618,13.2
1.050162,13.3
1.150162,13.5
1.150162,13.6
17.55016,-12.4
18.05016,-13.9
18.35016,-15.4
18.65016,-16.7
18.85016,-17.8
19.05016,-18.7
19.25016,-19.6
19.55016,-20.3
19.75016,-21.1
19.85016,-21.8
19.85016,-22.6
19.65016,-23.4
19.15016,-24.1
18.45016,-24.8
17.45016,-25.3
16.45016,-25.7
15.35016,-26
14.35016,-26.1
13.35016,-26.1
12.55016,-26
11.65016,-25.8
10.75016,-25.5
9.650162,-25
8.450162,-24.2
7.150162,-23.3
5.750162,-22.2
4.250162,-20.9
2.950162,-19.5
1.650162,-18
0.5501618,-16.6
-0.3498383,-15
-1.049838,-13.4
-1.749838,-11.7
-2.349838,-9.900001
-3.049838,-8
-3.649838,-6
-4.349838,-3.9
-4.849838,-1.9
-5.349838,0.1
-5.649838,1.6
-5.849838,3
-6.049839,4
-6.249838,4.8
-6.349838,5.2
-6.549839,5.6
-6.849838,5.8
-7.149838,6.1
-7.349838,6.5
-7.549839,7
-7.749838,7.7
-7.849838,8.5
-7.749838,9.400001
-7.649838,10.3
-7.349838,11.1
-6.949838,11.8
-6.449838,12.2
-5.949838,12.6
-5.249838,12.8
-4.649838,12.9
-3.949838,12.9
-3.349838,12.9
-2.649838,12.9
-1.949838,12.9
-1.549838,13
-1.249838,13.1
-1.349838,13
-1.649838,12.9
-1.749838,12.7
17.75016,-7.4
18.85016,-9
19.65016,-10.7
20.35016,-12.2
20.75016,-13.7
21.25016,-15
21.65016,-16.2
22.15016,-17.3
22.45016,-18.4
22.85016,-19.4
22.95016,-20.6
22.95016,-21.7
22.65016,-22.8
22.15016,-24
21.35016,-24.9
20.45016,-25.7
19.45016,-26.3
18.55016,-26.8
17.65016,-27.1
17.05016,-27.3
16.25016,-27.4
15.45016,-27.4
14.45016,-27.2
13.15016,-26.6
11.65016,-25.7
10.05016,-24.5
8.250162,-22.9
6.650162,-21.2
5.150162,-19.5
3.850162,-17.8
2.750162,-16.2
1.750162,-14.7
0.7501618,-13.2
-0.1498383,-11.6
-1.049838,-9.8
-2.049838,-7.9
-2.949838,-5.9
-3.649838,-3.8
-4.449838,-1.7
-5.149838,0
-5.649838,1.6
-6.049839,2.7
-6.549839,3.6
-6.849838,4.1
-7.149838,4.5
-7.249838,4.7
-7.449838,5
-7.549839,5.4
-7.649838,6.1
-7.649838,6.9
-7.749838,7.9
-7.849838,9
-7.849838,10.2
-7.649838,11.2
-7.449838,11.9
-7.149838,12.4
-6.749838,12.6
-6.349838,12.7
-5.949838,12.7
-5.349838,12.7
-4.749838,12.6
-4.049839,12.7
-3.449838,12.8
-3.049838,13.1
-2.849838,13.2
-2.949838,13.1
-3.249838,12.8
-3.249838,12.2
15.75016,-3.1
16.85016,-4.5
17.85016,-6
18.95016,-7.4
19.95016,-9
20.95016,-10.5
21.75016,-12
22.55016,-13.4
23.25016,-14.9
24.05016,-16.3
24.55016,-17.8
25.05016,-19.2
25.25016,-20.8
25.25016,-22.2
24.95016,-23.6
24.45016,-24.8
23.85016,-25.7
23.15016,-26.6
22.45016,-27.2
21.75016,-27.7
20.85016,-28.1
19.85016,-28.3
18.75016,-28.2
17.45016,-28
15.85016,-27.4
14.35016,-26.5
12.65016,-25.2
11.15016,-23.8
9.650162,-22.2
8.250162,-20.8
6.850162,-19.3
5.450162,-17.8
3.850162,-16.3
2.350162,-14.6
0.9501618,-12.8
-0.3498383,-10.7
-1.549838,-8.400001
-2.549838,-6.1
-3.349838,-3.9
-4.149838,-1.9
-4.849838,-0.2
-5.549839,1
-6.149838,2.2
-6.649838,3
-7.049839,3.7
-7.049839,4.2
-6.949838,4.7
-6.649838,5.1
-6.349838,5.7
-6.149838,6.3
-6.049839,7.3
-6.149838,8.3
-6.349838,9.5
-6.549839,10.5
-6.649838,11.3
-6.549839,11.9
-6.449838,12.3
-6.149838,12.5
-5.849838,12.8
-5.349838,12.9
-4.849838,13.1
-4.449838,13.3
-4.049839,13.5
-3.949838,13.6
-4.049839,13.6
-4.349838,13.3
-4.749838,12.8
-4.849838,11.9
12.45016,-1.1
13.35016,-1.7
14.45016,-2.3
15.85016,-2.8
17.35016,-3.6
19.05016,-4.7
20.55016,-6.1
22.15016,-7.8
23.45016,-9.7
24.65016,-11.7
25.55016,-13.8
26.35016,-15.9
26.85016,-18
27.25016,-19.9
27.45016,-21.8
27.55016,-23.4
27.35016,-24.8
27.25016,-25.8
26.75016,-26.7
26.15016,-27.3
25.25016,-27.7
24.15016,-28
22.85016,-28.1
21.55016,-28.1
20.05016,-28.1
18.75016,-27.9
17.45016,-27.5
16.25016,-26.9
14.85016,-26.1
13.25016,-25
11.45016,-23.8
9.350162,-22.3
7.250162,-20.4
5.150162,-18.4
3.150162,-16.1
1.550162,-13.5
0.1501617,-10.9
-0.8498383,-8.3
-1.849838,-6
-2.649838,-4
-3.449838,-2.4
-4.249838,-1
-5.049839,0.3
-5.749838,1.6
-6.249838,2.9
-6.349838,4
-6.349838,4.8
-6.049839,5.4
-5.649838,5.8
-5.349838,6.3
-5.149838,6.9
-5.149838,7.7
-5.249838,8.7
-5.349838,9.6
-5.449838,10.5
-5.549839,11.2
-5.549839,11.7
-5.449838,12.2
-5.249838,12.6
-4.949838,12.9
-4.649838,13.2
-4.449838,13.3
-4.549839,13.4
-4.749838,13.2
-5.449838,13
-6.149838,12.5
-6.849838,11.9
-6.949838,11
12.45016,0.7
13.65016,0.7
15.05016,0.7
16.75016,0.6
18.55016,0.2
20.45016,-0.5
22.15016,-1.6
23.85016,-3
25.35016,-4.8
26.65016,-6.7
27.65016,-8.900001
28.55016,-11.2
29.15016,-13.6
29.55016,-16
29.85016,-18.3
30.05016,-20.4
30.25016,-22.4
30.35016,-23.9
30.25016,-25.3
30.05016,-26.4
29.35016,-27.2
28.35016,-27.8
27.15016,-28.1
25.85016,-28.3
24.55016,-28.5
23.55016,-28.9
22.45016,-29.3
21.35016,-29.5
19.85016,-29.6
17.85016,-29.1
15.55016,-28.1
12.95016,-26.5
10.25016,-24.4
7.850162,-21.9
5.750162,-19.1
3.950162,-16.1
2.450162,-13.1
1.250162,-10.4
0.2501617,-7.9
-0.6498383,-6.1
-1.449838,-4.5
-2.249838,-3.2
-3.049838,-1.7
-3.849838,0
-4.549839,1.9
-5.149838,3.6
-5.549839,5
-5.649838,5.6
-5.649838,6.1
-5.649838,6.2
-5.649838,6.5
-5.649838,7.1
-5.549839,7.9
-5.549839,8.900001
-5.349838,10
-5.249838,10.8
-5.249838,11.4
-5.249838,11.8
-5.249838,12.1
-5.249838,12.3
-5.049839,12.4
-4.949838,12.3
-5.049839,12
-5.349838,11.6
-5.949838,11.1
-6.649838,10.5
-7.449838,9.900001
-7.849838,9.400001
14.75016,2.7
16.25016,2.7
17.75016,2.7
19.35016,2.4
20.75016,2.1
22.45016,1.5
24.05016,0.5
25.65016,-0.8
27.15016,-2.4
28.55016,-4.2
29.55016,-6.2
30.55016,-8.3
31.25016,-10.5
31.95016,-12.7
32.35016,-14.9
32.75016,-17.1
32.95016,-19.2
33.35016,-21.2
33.45016,-23.1
33.65016,-25
33.35016,-26.8
32.85016,-28.3
31.65016,-29.5
30.35016,-30.3
28.95016,-30.9
27.75016,-31.3
26.65016,-31.7
25.35016,-32
23.75016,-32.1
21.45016,-31.8
18.85016,-30.9
16.05016,-29.4
13.15016,-27.4
10.75016,-24.8
8.450162,-21.8
6.550162,-18.6
4.850162,-15.4
3.450162,-12.5
2.150162,-10
1.150162,-8.1
0.2501617,-6.6
-0.4498383,-5.2
-1.249838,-3.7
-2.049838,-2
-2.949838,0.1
-3.849838,2.1
-4.649838,3.8
-5.149838,4.9
-5.649838,5.5
-5.749838,5.6
-5.949838,5.8
-5.949838,6.2
-6.049839,7
-6.049839,8.1
-6.049839,9.400001
-5.949838,10.5
-5.849838,11.3
-5.749838,11.7
-5.749838,11.9
-5.749838,11.8
-5.849838,11.7
-5.649838,11.4
-5.549839,10.9
-5.349838,10.3
-5.449838,9.5
-5.749838,8.7
-6.249838,8.1
-6.449838,7.7
17.75016,6.6
19.35016,6.5
20.75016,6.2
22.35016,5.7
23.85016,5.1
25.65016,4.3
27.55016,3.2
29.55016,1.7
31.25016,-0.2
32.65016,-2.3
33.65016,-4.6
34.65016,-6.9
35.35016,-9.3
35.95016,-11.6
36.25016,-13.8
36.35016,-15.8
36.25016,-17.6
36.25016,-19.3
36.35016,-20.9
36.55016,-22.8
36.65016,-24.9
36.45016,-27.3
35.75016,-29.7
34.75016,-31.8
33.45016,-33.5
31.85016,-34.6
30.15016,-35
28.25016,-34.9
26.15016,-34.4
23.95016,-33.7
21.55016,-32.8
19.15016,-31.7
16.75016,-30.1
14.35016,-27.9
12.05016,-25.1
9.850162,-21.9
7.750162,-18.6
5.850162,-15.5
4.150162,-12.7
2.850162,-10.6
1.750162,-8.7
0.9501618,-7.1
0.3501618,-5.4
-0.3498383,-3.7
-1.149838,-1.7
-1.949838,0.2
-2.849838,2
-3.549838,3.3
-3.949838,4.4
-4.149838,4.8
-4.149838,5.1
-4.149838,5.3
-4.349838,5.9
-4.649838,6.8
-5.149838,8.1
-5.649838,9.5
-5.949838,10.6
-5.949838,11.1
-5.849838,11.4
-5.649838,11.3
-5.649838,11.3
-5.349838,11.1
-5.149838,10.9
-4.649838,10.3
-4.449838,9.5
-4.149838,8.6
-4.049839,7.8
-3.849838,7.3
17.85016,10.4
19.85016,10.2
21.95016,9.8
24.15016,9.3
26.45016,8.400001
28.95016,7.2
31.15016,5.6
33.15016,3.7
34.85016,1.6
36.45016,-0.5
37.65016,-2.7
38.95016,-5
39.95016,-7.4
40.95016,-9.8
41.65016,-12.2
42.15016,-14.4
42.25016,-16.5
42.15016,-18.6
41.75016,-20.6
41.45016,-22.8
40.95016,-24.9
40.35016,-27.3
39.35016,-29.8
38.45016,-32.6
37.15016,-35.1
35.55016,-37
33.45016,-38.1
31.05016,-38.2
28.65016,-37.6
26.35016,-36.8
24.35016,-35.9
22.45016,-35.1
20.55016,-34
18.35016,-32.2
15.85016,-29.6
13.25016,-26.3
10.65016,-22.6
8.250162,-19.1
6.250162,-15.8
4.750162,-13.1
3.550162,-10.7
2.750162,-8.7
2.150162,-6.8
1.650162,-5
1.050162,-3.2
0.4501618,-1.5
-0.2498383,0.3
-0.8498383,2
-1.249838,3.3
-1.449838,4.1
-1.449838,4.5
-1.349838,4.6
-1.449838,4.9
-1.749838,5.5
-2.449838,6.7
-3.349838,8.1
-4.149838,9.400001
-4.549839,10.1
-4.649838,10.5
-4.449838,10.6
-4.149838,10.6
-3.849838,10.7
-3.549838,10.7
-3.249838,10.5
-3.049838,10
-2.649838,9.3
-2.249838,8.6
-1.749838,8.2
18.25016,13.5
20.85016,14.3
23.45016,14.7
26.15016,14.6
28.95016,13.9
31.65016,12.4
33.95016,10.2
35.85016,7.7
37.25016,5.1
38.45016,2.5
39.75016,-0.1
41.05016,-2.7
42.15016,-5.4
43.05016,-8.1
43.85016,-10.6
44.85016,-13.1
45.85016,-15.7
46.75016,-18.5
47.05016,-21.4
46.65016,-24.4
45.55016,-27.1
43.95016,-29.5
42.05016,-31.7
40.15016,-34
38.35016,-36.2
36.55016,-38.3
34.75016,-39.7
32.95016,-40.5
31.15016,-40.7
29.25016,-40.5
27.45016,-40.2
25.65016,-39.6
23.75016,-38.7
21.55016,-37.1
19.15016,-34.7
16.45016,-31.3
13.65016,-27.2
11.15016,-23
8.950162,-18.9
7.350162,-15.5
6.250162,-12.5
5.350162,-10
4.650162,-7.9
4.050162,-6
3.550162,-4.2
3.150162,-2.5
2.850162,-0.7
2.550162,0.9
2.250162,2.5
1.950162,3.5
1.750162,4
1.550162,4.1
1.250162,4.1
0.9501618,4.4
0.3501618,5.3
-0.2498383,6.6
-1.049838,8.1
-1.549838,9.1
-1.949838,9.7
-1.949838,9.6
-1.849838,9.5
-1.549838,9.5
-1.349838,9.6
-1.249838,9.7
-1.149838,9.6
-0.9498383,9.400001
-0.5498382,9.3
0.05016175,9.5
19.65016,19
22.25016,20.5
24.55016,21.2
26.85016,21.1
29.25016,20.2
32.15016,18.3
34.75016,15.6
36.85016,12.5
38.35016,9.400001
39.85016,6.2
41.15016,2.8
42.55016,-0.5
43.65016,-3.8
44.55016,-7.1
44.75016,-10.2
45.05016,-12.8
45.65016,-15.3
46.95016,-17.8
47.85016,-20.3
48.05016,-22.9
47.45016,-25.6
46.45016,-28.3
44.85016,-31
42.75016,-33.6
40.05016,-36
37.25016,-38.2
34.65016,-40
32.95016,-41.3
31.65016,-42.1
30.55016,-42.6
29.05016,-42.7
27.35016,-42.6
25.55016,-42
23.65016,-40.7
21.55016,-38.6
19.15016,-35.5
16.55016,-31.5
14.05016,-26.8
11.95016,-22.1
10.45016,-18
9.250162,-14.5
8.150162,-11.7
7.150162,-9.2
6.350162,-7
5.850162,-5
5.750162,-3.1
5.750162,-1.3
5.850162,0.3
5.750162,1.7
5.550162,2.5
5.150162,3.1
4.650162,3.2
4.150162,3.2
3.650162,3.4
3.250162,4.1
2.950162,5.4
2.450162,7
1.850162,8.2
1.250162,9
0.9501618,9
0.7501618,8.6
0.8501617,8.3
0.9501618,8.2
1.050162,8.3
1.150162,8.6
1.250162,8.8
1.350162,9.1
1.850162,9.8
18.65016,23.3
20.95016,24.3
23.15016,24.3
25.35016,23.4
27.45016,21.8
29.85016,19.6
32.25016,17.2
34.65016,14.4
36.65016,11.4
38.05016,8.2
38.85016,5
39.85016,2
41.05016,-1.3
42.25016,-4.7
42.85016,-8.2
42.85016,-11.2
42.85016,-13.8
43.95016,-16
45.45016,-18.5
46.45016,-20.9
46.65016,-23.3
46.65016,-25.9
46.75016,-28.7
46.25016,-32
44.65016,-35.2
41.65016,-38.1
37.85016,-40.1
34.55016,-41.2
31.95016,-41.7
30.35016,-41.9
28.95016,-42.1
27.55016,-42.2
26.05016,-42.1
24.75016,-41.4
23.25016,-40.1
21.55016,-37.8
19.55016,-34.4
17.55016,-30.1
15.65016,-25.3
14.15016,-20.9
12.65016,-17
11.15016,-13.8
9.850162,-10.8
8.850162,-8
8.250162,-5.4
8.150162,-3.2
8.150162,-1.3
8.350162,0.1
8.350162,1.1
8.350162,1.6
8.250162,1.9
7.950162,2
7.650162,2.2
7.250162,2.5
6.950162,3.3
6.650162,4.5
6.250162,5.9
5.450162,7.1
4.650162,8
4.050162,8.3
3.850162,8.2
3.950162,7.9
4.150162,7.7
4.350162,7.6
4.450162,7.7
4.550162,8
4.550162,8.5
4.850162,9.3
16.85016,24.2
18.95016,24.8
21.15016,24.8
23.55016,23.9
25.75016,22.1
27.85016,19.6
29.45016,16.7
31.15016,14.1
32.55016,11.5
33.05016,8.900001
32.65016,6.4
32.65016,3.8
33.45016,0.8
35.35016,-2.6
36.75016,-6.2
37.05016,-9.7
36.95016,-12.8
38.05016,-16
40.15016,-19.6
42.05016,-23.6
42.75016,-27.2
42.85016,-29.8
43.05016,-32.1
44.15016,-34.3
44.85016,-37
44.05016,-39.7
41.55016,-42
37.95016,-42.9
34.25016,-42.7
31.25016,-41.8
29.05016,-40.9
27.55016,-40.8
26.25016,-40.9
25.25016,-40.8
24.45016,-40.3
23.55016,-38.8
22.55016,-36.2
21.35016,-32.7
19.85016,-28.5
18.15016,-24.2
16.35016,-20.1
14.45016,-16.3
12.85016,-12.6
11.75016,-9.2
10.95016,-6.1
10.55016,-3.5
10.35016,-1.5
10.15016,-0.2
9.950162,0.7
10.05016,1.1
10.25016,1.4
10.65016,1.6
10.85016,1.8
10.95016,2.1
10.75016,2.8
10.45016,3.7
9.850162,4.7
9.050162,5.7
8.050162,6.7
7.450162,7.4
7.250162,7.9
7.450162,8
7.750162,7.8
8.050162,7.6
8.050162,7.5
8.050162,7.7
8.150162,8.3
8.450162,9.1
16.65016,25.2
18.05016,26.1
19.55016,26.5
21.45016,25.7
23.25016,23.7
24.65016,20.4
25.35016,16.9
25.95016,13.9
26.55016,11.3
26.75016,9
26.05016,6.4
25.45016,3.5
25.55016,0.3
26.95016,-3
28.35016,-6.1
29.15016,-9.1
29.65016,-12.3
31.15016,-16.1
33.25016,-20.7
35.05016,-25.5
35.55016,-29.7
34.75016,-32.6
33.95016,-34.4
34.65016,-35.9
36.35016,-37.8
38.25016,-40.6
38.95016,-43.5
37.75016,-45.2
35.25016,-45
32.45016,-43.1
30.15016,-40.8
28.55016,-39.5
27.15016,-39.2
26.05016,-39.6
25.35016,-39.6
25.15016,-38.9
25.05016,-37.4
24.75016,-34.8
23.85016,-31.5
22.25016,-27.6
20.25016,-23.3
18.35016,-19.1
16.65016,-15
15.35016,-11.2
14.35016,-7.5
13.85016,-4.5
13.45016,-2.2
13.05016,-0.8
12.55016,0.1
12.15016,1
12.25016,2
12.85016,2.6
13.65016,2.9
14.35016,2.9
14.45016,2.8
14.15016,3
13.55016,3.4
12.75016,4.1
11.85016,5.1
11.05016,6.3
10.75016,7.5
10.85016,8.1
11.05016,8.2
11.15016,8
10.95016,7.9
10.95016,8.3
11.45016,9
12.45016,10.1
16.55016,26.8
17.05016,27
17.55016,26.8
18.65016,25.9
19.75016,24
20.65016,20.9
20.85016,17.2
20.95016,13.7
20.85016,10.6
20.95016,7.8
20.45016,5
19.85016,2.1
19.55016,-1
19.95016,-4.2
20.25016,-7
20.65016,-9.2
21.45016,-11.8
23.25016,-15.1
25.35016,-18.8
26.95016,-22.5
27.15016,-25.6
26.75016,-27.9
26.25016,-30.1
26.65016,-32.3
27.85016,-35.1
30.05016,-38.8
31.85016,-42.9
32.65016,-45.7
32.15016,-46.4
31.15016,-44.4
30.25016,-41.2
29.55016,-38.8
28.65016,-37.7
27.65016,-38
26.55016,-38.6
26.25016,-38.5
26.55016,-37.8
27.05016,-36
26.75016,-33.4
25.65016,-29.9
23.95016,-25.9
22.25016,-21.8
20.65016,-17.7
19.25016,-13.5
18.25016,-9.3
17.85016,-5.7
17.75016,-3.1
17.55016,-1.8
16.95016,-0.6
16.05016,0.8
15.45016,2.6
15.75016,3.9
16.65016,4.4
17.55016,4
17.95016,3.3
17.95016,2.7
17.55016,2.4
16.85016,2.7
15.75016,3.5
14.85016,5
14.25016,6.8
14.25016,8
14.45016,8.5
14.45016,8.3
14.05016,8.2
14.05016,8.8
14.75016,9.8
16.25016,11.2
16.25016,26.9
16.25016,26.1
15.75016,25.2
15.75016,24.3
16.15016,22.9
17.05016,20.2
17.55016,16.6
17.75016,12.7
17.85016,8.900001
17.75016,5.4
16.95016,2.5
15.75016,0.2
14.75016,-2
14.35016,-4.7
13.85016,-7.3
13.35016,-9.5
13.75016,-11.8
15.45016,-14.9
17.15016,-18.6
18.45016,-21.8
18.95016,-23.9
19.35016,-24.6
20.25016,-25.4
21.45016,-27.8
22.45016,-30.9
23.25016,-34.3
24.25016,-38.1
25.25016,-41.2
25.85016,-42.7
26.55016,-41.8
27.45016,-39.6
28.45016,-37.2
29.05016,-35.7
28.85016,-35.6
28.15016,-36.1
27.75016,-36.6
27.95016,-36.5
28.55016,-35.3
28.85016,-33.3
28.35016,-30.6
27.35016,-27.3
26.05016,-23.9
24.65016,-19.9
23.45016,-15.4
22.55016,-10.6
22.35016,-6.7
22.45016,-4
22.25016,-2.8
21.65016,-1.6
20.65016,0.1
19.85016,2.3
19.85016,4
20.25016,4.7
20.85016,4.3
21.25016,3.6
21.65016,2.9
21.75016,2.3
21.45016,2
20.45016,2.4
19.05016,3.7
18.15016,5.7
18.05016,7.4
18.35016,8.400001
18.55016,8.7
18.45016,8.900001
18.55016,9.5
19.05016,10.6
20.15016,12
16.15016,25.8
15.65016,24.6
14.45016,23.3
13.55016,22.5
13.45016,21.3
14.35016,18.6
15.15016,14.9
15.65016,10.7
15.85016,6.4
15.65016,2.6
14.45016,-0.2
12.85016,-1.7
11.25016,-2.5
10.65016,-4
9.950162,-6.2
9.350162,-8.6
9.350162,-11.2
10.45016,-14.4
11.05016,-18.3
11.25016,-21.7
11.25016,-24
11.65016,-24.6
12.45016,-24.6
13.85016,-26
15.05016,-28.3
15.75016,-30.6
16.35016,-33.3
17.55016,-35.9
18.85016,-37.6
20.45016,-37.4
22.35016,-36.4
24.65016,-34.9
26.75016,-33.7
28.25016,-33.3
28.85016,-33.6
28.95016,-34.3
29.35016,-34.6
30.25016,-33.9
30.95016,-32.6
30.95016,-30.6
30.35016,-28.2
29.55016,-25.2
28.35016,-21.4
27.45016,-16.5
26.85016,-11.5
26.75016,-7.7
26.45016,-5.3
25.85016,-3.8
25.15016,-2.2
24.65016,-0.2
24.55016,2
24.65016,3.5
24.75016,4
24.95016,3.9
25.05016,3.4
25.35016,3
25.75016,2.4
25.85016,1.8
25.15016,1.6
23.85016,2.3
22.65016,4
22.25016,5.9
22.25016,7.6
22.35016,8.6
22.45016,9.6
22.95016,10.7
23.55016,11.7
24.55016,13
16.35016,24
15.25016,22.5
13.85016,20.9
12.45016,20
11.75016,19.2
12.15016,16.9
12.95016,13.7
13.75016,9.7
14.35016,5.4
14.15016,1.3
13.05016,-1.9
11.45016,-3.3
9.850162,-3.5
9.050162,-4
8.350162,-5.6
7.550162,-8.3
6.950162,-11.2
6.750162,-14
6.350162,-17.1
5.450162,-20.5
4.350162,-23
3.950162,-24
3.950162,-24.4
4.250162,-25.4
4.950162,-26.9
5.950162,-28.4
6.950162,-30
8.250162,-31.9
10.05016,-33
12.45016,-33.2
15.55016,-32.9
19.15016,-32.3
22.65016,-31.7
25.65016,-31.3
27.65016,-31.2
29.05016,-31.5
30.55016,-31.8
32.25016,-31.7
33.45016,-31.2
33.75016,-30
33.25016,-28
32.55016,-24.9
31.75016,-20.9
31.15016,-16.3
30.85016,-11.8
30.75016,-8.7
30.25016,-6.4
29.35016,-4.4
28.85016,-2
29.15016,0.2
29.65016,2
29.85016,3.1
30.05016,3.6
30.25016,3.6
30.45016,3.1
30.15016,2.3
29.65016,1.8
29.45016,1.3
29.25016,1
28.45016,1.1
27.35016,2.2
26.55016,4.1
26.25016,6.2
26.25016,7.9
26.35016,9.5
27.25016,11
28.55016,12.7
30.05016,14.5
16.15016,21.6
15.35016,20.6
14.45016,19.1
13.25016,18
11.85016,17.1
11.15016,15.1
11.25016,12.4
12.45016,9.2
13.65016,5.4
13.65016,1
12.25016,-3
10.45016,-5.3
8.750162,-6
7.550162,-6.1
6.450162,-7.3
5.550162,-10.2
4.450162,-13.2
3.250162,-15.3
1.750162,-17.2
0.1501617,-19.7
-1.749838,-21.4
-2.649838,-21.9
-3.049838,-21.6
-3.449838,-21.5
-3.749838,-22
-3.049838,-22.5
-1.649838,-23.1
0.6501617,-23.8
3.250162,-25
6.650162,-26.2
10.35016,-27.4
14.75016,-28.2
18.85016,-28.6
22.45016,-28.3
25.35016,-27.7
28.05016,-27.3
30.85016,-27.3
33.95016,-27.7
36.35016,-28.1
37.15016,-27.7
37.05016,-26.3
36.55016,-23.5
35.85016,-19.9
35.35016,-15.9
35.15016,-12.1
35.25016,-9.3
34.75016,-7
34.05016,-4.6
33.75016,-2.1
34.25016,0.1
34.55016,1.8
34.55016,2.8
34.85016,3.4
35.55016,3.1
35.95016,2.2
34.95016,1.3
33.05016,1
32.15016,1.2
32.25016,1.2
32.15016,1
31.25016,1.7
30.75016,3.7
30.95016,6
31.95016,8
33.05016,9.7
34.25016,11.6
35.45016,13.9
36.95016,16.7
15.85016,20.5
15.55016,20.3
15.35016,19.4
14.75016,18.5
13.45016,17
11.55016,14
10.35016,10.9
11.25016,8.1
13.05016,5.2
13.65016,1.1
12.35016,-3.6
9.850162,-7.6
7.650162,-9.3
5.950162,-9
4.750162,-9.7
3.650162,-13.1
2.050162,-16.9
-0.2498383,-18.6
-2.549838,-19.1
-3.849838,-20.2
-5.049839,-21
-5.749838,-21.2
-6.149838,-20.6
-6.349838,-20.3
-6.249838,-20.5
-5.449838,-20.4
-3.849838,-19.8
-1.549838,-19.3
1.150162,-19.4
4.350162,-20.1
7.950162,-21
11.85016,-21.8
15.95016,-22.1
19.95016,-21.7
23.85016,-21.2
27.65016,-20.8
31.75016,-21.1
35.95016,-22.3
39.45016,-23.8
41.25016,-24.8
41.95016,-24.8
41.85016,-23.2
41.25016,-20.1
40.75016,-16.3
40.75016,-12.4
41.05016,-9.7
40.55016,-7.5
39.55016,-5.3
38.85016,-2.7
38.65016,-0.3
38.65016,1.9
39.05016,2.9
39.65016,2.7
40.25016,1.6
40.15016,0.5
38.35016,0.2
36.05016,0.9
35.35016,1.7
35.85016,2
36.05016,2
35.45016,2.8
35.55016,4.8
36.95016,7.3
39.35016,9.5
41.45016,11.4
42.45016,13.4
42.85016,15.9
43.35016,19.1
15.35016,20.3
15.15016,20
14.75016,19.6
14.55016,19.4
13.75016,18
11.85016,14.2
9.450162,10.1
9.350162,7.1
11.05016,4.6
12.65016,1.4
12.25016,-3.5
10.05016,-9.1
7.350162,-12.4
5.350162,-12.3
3.850162,-12.4
2.450162,-15.6
0.2501617,-19.4
-3.149838,-20.1
-6.449838,-19.5
-7.949838,-20.3
-9.049838,-21.4
-9.649838,-21.8
-9.349838,-21.6
-8.149838,-21.1
-7.049839,-20.6
-6.249838,-19.1
-5.249838,-17.1
-3.749838,-15
-1.749838,-13.3
1.150162,-12.3
4.850162,-11.7
9.450162,-11.3
14.45016,-11.1
19.95016,-11.2
25.15016,-11.6
29.95016,-12.4
34.35016,-13.7
38.85016,-15.6
42.65016,-18
45.25016,-20.4
46.95016,-22.1
47.65016,-22
47.25016,-20.1
46.85016,-16.4
47.25016,-12.7
47.45016,-10.2
46.05016,-8.3
44.05016,-6
42.45016,-3
42.25016,0.3
43.05016,2.8
44.55016,3.5
45.95016,2.5
46.05016,0.9
44.75016,-0.3
42.55016,-0.1
40.85016,0.7
40.85016,1.4
41.35016,1.5
41.35016,2
40.75016,3.3
40.95016,5.5
42.45016,7.8
45.05016,10.1
47.05016,12
47.75016,14.1
47.85016,16.9
49.15016,21.1
14.65016,19.5
14.45016,18.2
13.75016,17.9
13.35016,18.5
13.15016,18
12.15016,14.7
10.05016,10.5
9.050162,6.8
9.650162,4.1
11.15016,1.3
11.75016,-2.9
10.45016,-9.3
8.550162,-14.8
6.350162,-16.3
3.950162,-16.3
1.450162,-17.9
-1.149838,-19.7
-4.449838,-18.9
-7.749838,-17.3
-9.649838,-17.6
-11.04984,-18.3
-11.64984,-17.8
-11.34984,-16.6
-10.54984,-15.4
-9.849838,-13.7
-8.849838,-11.5
-7.849838,-9.400001
-5.849838,-7.2
-2.549838,-5.3
1.850162,-4
7.150162,-2.4
13.75016,-1
20.95016,-0.3
28.05016,-0.9
34.35016,-2.4
39.25016,-4.6
43.05016,-7
46.45016,-9.400001
49.45016,-12
51.75016,-14.7
53.45016,-17
54.35016,-18.4
53.65016,-18.3
52.45016,-16.3
52.05016,-13.4
51.75016,-10.8
49.85016,-8.1
47.45016,-5
46.25016,-1.5
46.95016,1.4
48.45016,3.2
50.25016,3.4
51.75016,2.5
51.75016,1.2
50.45016,0.1
48.65016,-0.2
47.45016,0.1
47.55016,0.6
47.65016,1
47.05016,2
46.35016,3.7
46.65016,6
48.15016,8.7
50.75016,11
52.85016,13
53.65016,15.4
54.55016,19.2
57.15016,23.7
14.25016,18.3
14.85016,16.8
14.35016,16.4
13.65016,17.1
13.45016,17.2
13.45016,14.9
12.65016,11
11.55016,6.8
11.15016,3.4
11.65016,0.6
11.85016,-2.9
11.05016,-9.1
9.850162,-16.2
8.050162,-20.2
4.950162,-20.9
1.350162,-20.6
-1.449838,-20.4
-3.649838,-19
-5.649838,-17.1
-6.649838,-16
-7.749838,-15.2
-8.349838,-14.3
-9.149838,-13.3
-10.14984,-12.3
-9.949839,-11
-8.549838,-9.3
-6.549839,-6.9
-2.449838,-3.5
2.650162,-0.7
8.350162,2.1
14.85016,5.7
22.75016,8.8
31.25016,10.2
39.45016,9.400001
46.45016,7.1
51.85016,3.7
55.75016,-0.1
58.65016,-3.6
60.85016,-6.8
62.65016,-9.8
63.85016,-12.7
64.25016,-15.3
62.55016,-17
59.55016,-17
57.35016,-15.7
55.95016,-12.8
53.95016,-8.900001
52.15016,-5.1
51.75016,-2
52.75016,0
53.75016,1.1
55.15016,1.4
56.35016,1.2
56.85016,0.8
56.35016,0.1
55.25016,-0.4
54.15016,-0.1
53.95016,0.8
53.95016,2.1
53.95016,3.8
54.35016,5.9
55.75016,8.400001
57.75016,10.9
60.15016,13.2
61.85016,15.3
62.15016,18.3
62.65016,21.9
64.35016,24.4
14.25016,19.6
15.45016,18.9
15.35016,18.2
14.25016,18.1
14.05016,17.7
15.15016,15.4
15.85016,11.3
15.45016,6.5
14.85016,2.2
14.55016,-1.3
13.95016,-4.3
12.65016,-9.1
11.15016,-16
9.850162,-22.1
7.550162,-24.4
4.550162,-23
2.050162,-21.2
0.6501617,-20.1
-0.2498383,-19
-0.8498383,-17.9
-2.349838,-17.2
-4.749838,-16.9
-6.749838,-15.6
-7.949838,-13.2
-7.549839,-10.4
-5.049839,-7.2
-1.349838,-2.9
3.950162,2.4
10.35016,6.4
17.15016,10.1
23.85016,14.6
31.75016,17.9
40.25016,19.1
47.55016,17.7
53.65016,14.7
58.35016,10.6
61.85016,6.2
64.65016,2.1
66.95016,-1.6
69.05016,-4.7
70.85016,-7.4
72.05016,-9.900001
71.55016,-12
69.75016,-13.6
67.85016,-14.7
65.85016,-14.2
63.45016,-12.2
61.95016,-9.400001
61.95016,-6.6
62.45016,-4.6
62.85016,-2.9
63.75016,-1.6
64.95016,-0.6
66.15016,-0.5
66.25016,-0.9
65.15016,-1.1
64.15016,-0.3
64.05016,0.8
64.15016,2.3
64.35016,4.2
65.25016,6.8
66.95016,9
68.35016,10.6
68.65016,11.6
67.55016,13.5
65.65016,16.2
64.25016,18.5
62.55016,19.3
12.95016,22.6
14.25016,22.3
14.25016,21.1
13.45016,20
13.85016,18.8
16.25016,16.1
18.25016,11.6
18.45016,6
17.75016,0.6
17.15016,-3.7
16.25016,-6.7
14.95016,-9.900001
13.05016,-15.4
11.75016,-22.4
10.55016,-26.2
8.950162,-24.9
7.350162,-22.4
6.450162,-21.3
5.550162,-20.8
3.150162,-20.8
-0.3498383,-21.3
-4.349838,-21
-6.349838,-18.1
-5.249838,-13.2
-2.849838,-7.9
0.6501617,-2.2
5.150162,4
11.25016,9.900001
18.95016,14.3
27.25016,18.4
34.15016,21.5
41.35016,22.8
48.55016,22.5
54.05016,20.1
58.55016,16.6
61.75016,12.1
63.45016,7.3
64.35016,2.9
65.25016,-0.8
66.75016,-3.3
68.45016,-5.2
70.35016,-6.2
71.95016,-6.8
72.85016,-7.7
73.35016,-9.2
72.85016,-10.5
71.55016,-10.9
71.05016,-9.7
71.55016,-7.8
72.35016,-5.7
72.85016,-3.8
73.95016,-2.5
75.25016,-1.9
76.25016,-2.1
75.95016,-2.5
74.45016,-2.2
73.55016,-1.1
73.85016,-0.1
73.45016,0.5
72.05016,1.5
70.95016,3.2
71.05016,4.9
70.75016,6.1
68.35016,7.2
63.75016,9.400001
59.65016,12
56.65016,13.8
52.85016,15.1
9.950162,23.4
11.35016,22.8
11.75016,21.5
12.15016,20.1
13.55016,18.4
16.55016,15.8
19.25016,11.9
20.25016,6.3
19.75016,0.3
18.65016,-4.9
17.75016,-8.6
17.05016,-11.2
15.85016,-15.1
14.35016,-21.6
13.25016,-26.3
12.35016,-26
11.15016,-24.2
10.65016,-23.7
10.15016,-24.1
6.050162,-25.2
0.3501618,-25.1
-3.649838,-21.7
-3.449838,-14.7
-0.04983826,-10
2.750162,-5.9
6.450162,1
11.25016,9.3
17.75016,17.7
25.85016,25.3
34.35016,30.6
41.55016,32.1
48.05016,30
53.45016,26.5
57.25016,21.7
60.35016,16.2
62.25016,10.3
62.55016,4.9
62.05016,0.6
61.65016,-2.8
62.25016,-5.4
62.95016,-7.4
63.95016,-8.1
65.15016,-7.8
66.85016,-7.2
68.65016,-6.4
69.75016,-5.5
69.75016,-4.9
70.15016,-4.1
71.55016,-3.4
72.85016,-2.7
73.75016,-2.1
74.65016,-2.2
75.05016,-2.5
74.85016,-2.3
73.85016,-1.9
72.15016,-1.4
70.85016,-0.9
70.55016,-0.7
69.75016,-0.8
67.35016,-0.7
64.65016,0.1
62.75016,1.7
61.15016,3.5
57.55016,5.5
52.25016,8
48.05016,10.5
45.45016,12.6
42.85016,14.1
6.350162,22
8.350162,21.3
9.750162,20
11.25016,18.8
13.25016,17.5
16.45016,15.4
19.55016,12.2
21.55016,7.4
21.95016,1.6
21.05016,-4.3
19.95016,-9.2
19.45016,-12.5
18.75016,-15.7
17.45016,-21
15.95016,-25.6
14.85016,-26.4
13.65016,-25.4
13.35016,-25.5
13.05016,-27.5
8.750162,-29.2
2.650162,-26.4
0.2501617,-17.2
2.450162,-8
5.250162,-6
7.850162,-3.5
12.35016,4.7
17.55016,14.5
22.35016,24.1
28.45016,32.4
36.35016,36.8
44.35016,37.9
51.05016,35.4
55.55016,30.4
57.45016,23.7
58.65016,16.5
59.05016,10.2
58.45016,5.4
57.75016,2
57.35016,-0.9
57.75016,-3.1
58.25016,-4.5
59.35016,-4.6
60.95016,-4.6
63.15016,-4.4
65.15016,-4.2
66.15016,-3.9
66.35016,-4
67.05016,-4.5
67.95016,-4.9
68.35016,-4.8
68.85016,-4.5
69.35016,-4.5
68.55016,-4.2
67.05016,-3.1
65.75016,-2.1
64.45016,-2
62.65016,-2.4
61.15016,-2.6
59.35016,-2.2
56.85016,-1.5
53.95016,-0.3
51.55016,1.4
49.45016,3
46.15016,4.4
42.05016,6.2
39.05016,8.7
37.75016,11.1
37.45016,11.9
3.050162,21
6.150162,20.4
8.850162,19.5
11.15016,18.7
13.45016,17.7
16.45016,16
19.85016,13.3
22.85016,9.3
24.65016,4.1
25.15016,-2.1
24.65016,-8.400001
24.05016,-13.2
22.95016,-17.2
20.65016,-21.5
18.15016,-25.4
16.95016,-27
16.25016,-26.6
16.25016,-26.3
15.75016,-27.8
12.25016,-29.3
8.550162,-25.4
8.450162,-14.8
9.550162,-6.6
10.05016,-4
13.65016,1.8
20.45016,12.1
26.05016,20.8
29.25016,27.4
32.85016,32.5
38.45016,35.4
44.25016,37
49.65016,35.5
53.55016,31
54.55016,24.1
54.35016,17.7
54.15016,12.9
53.65016,9.1
53.05016,5.9
52.75016,3.7
53.55016,3.4
55.55016,4.1
58.45016,4.4
61.55016,3.6
64.15016,2
66.15016,-0.2
67.05016,-2.3
67.35016,-4.4
67.45016,-5.8
67.05016,-6.5
66.45016,-6.7
66.15016,-6.7
65.65016,-6.7
64.05016,-6.5
62.15016,-6.3
60.85016,-6.3
59.65016,-6.8
57.65016,-7.2
54.95016,-6.6
52.15016,-5.2
49.55016,-3.7
47.05016,-2.4
44.75016,-1.3
42.35016,-0.3
39.05016,0.7
35.55016,2.7
33.35016,5.9
33.05016,8.5
34.25016,8.400001
0.8501617,20.7
4.950162,21
8.950162,20.8
12.45016,20.4
15.45016,19.4
18.55016,17.6
21.65016,15
24.75016,11.3
27.25016,6.5
28.85016,0.4
29.35016,-6.8
29.35016,-13.6
28.15016,-19
24.75016,-22.7
20.35016,-25.7
18.75016,-27.7
19.15016,-28.3
19.55016,-27.3
18.55016,-26.8
16.75016,-26.8
16.95016,-23.3
18.45016,-15.1
17.75016,-7.8
17.15016,-0.5
21.85016,10.5
29.45016,20.3
34.55016,26.7
36.95016,31.7
39.15016,35.6
41.05016,38.1
42.45016,39.2
46.15016,36.8
50.25016,31.7
51.55016,25.8
51.15016,20.5
50.75016,15.8
50.15016,11.3
49.95016,8.2
50.75016,7.5
53.35016,8.900001
56.65016,9.6
60.15016,8.7
62.45016,6.6
63.85016,4.1
64.45016,1.8
64.75016,0.1
64.85016,-1.4
64.85016,-2.8
64.45016,-4.1
64.05016,-5.5
63.15016,-6.6
61.75016,-7.4
59.75016,-8.1
58.05016,-9.3
56.65016,-10.5
55.35016,-11.3
53.25016,-11.4
50.45016,-10.5
47.65016,-9
45.25016,-7.7
42.95016,-6.8
40.45016,-5.9
37.55016,-4.9
33.95016,-3.2
30.45016,-0.1
28.85016,3.5
29.15016,5.5
30.45016,4.9
2.450162,21
6.650162,22.4
10.75016,22.5
14.85016,22.5
19.25016,22.2
23.75016,20.6
27.35016,17.4
29.35016,13
30.75016,7.8
31.65016,1.7
32.05016,-5.4
32.15016,-13.1
31.85016,-20
29.45016,-24.3
24.75016,-26.3
21.65016,-27.3
21.75016,-28.3
22.85016,-28
22.45016,-26.4
21.95016,-23.8
23.75016,-19.4
26.25016,-12.5
26.65016,-5.2
27.65016,4.8
31.75016,16.1
36.55016,24.5
39.15016,31.6
40.85016,37.3
41.85016,40.2
39.85016,41.3
38.75016,41.4
42.25016,37.9
46.25016,33
47.45016,28.5
47.65016,23.8
48.05016,18.4
48.25016,13.6
49.05016,11.8
50.95016,12.1
53.75016,12.4
56.35016,11.2
57.95016,8.7
58.15016,6.1
57.35016,4.1
56.45016,2.6
56.35016,1.6
57.05016,0.1
57.95016,-2.3
58.15016,-4.8
57.55016,-6.8
56.25016,-8
54.45016,-8.8
52.35016,-9.6
50.85016,-11
49.55016,-12.4
48.75016,-13.3
47.65016,-13.9
45.75016,-13.9
43.45016,-13.3
41.25016,-12.2
39.05016,-10.9
36.65016,-9.8
33.55016,-8.6
29.75016,-6.2
26.65016,-2.3
25.35016,1.3
25.25016,3.1
25.45016,3.1
6.850162,21.8
10.75016,24.2
13.85016,23.7
17.25016,23.5
22.15016,24
28.25016,23.3
32.95016,20.2
34.75016,14.9
34.85016,8.6
34.85016,1.9
34.45016,-5
33.55016,-12.3
32.55016,-19.6
32.45016,-24.9
30.65016,-27.3
27.25016,-26.9
25.15016,-26.3
25.45016,-26.1
25.55016,-25.2
25.95016,-21.4
27.95016,-15.3
31.45016,-7.1
34.45016,1.9
36.65016,11.9
37.85016,20.5
38.05016,28.2
38.45016,37.1
40.85016,42.5
41.45016,42.9
37.25016,42.1
34.35016,40.8
36.75016,36.2
39.25016,31.4
40.25016,27.6
41.75016,23.4
43.85016,19.5
45.15016,16.9
46.15016,16.1
47.15016,15.3
48.55016,13.5
49.95016,11
51.25016,8.900001
51.65016,7
51.45016,5.6
51.25016,4.1
51.85016,1.8
52.95016,-1.2
53.55016,-4.4
52.85016,-6.8
51.45016,-8.400001
49.55016,-9.5
47.45016,-10.5
45.25016,-11.5
43.15016,-12.2
41.15016,-12.7
40.75016,-13.5
40.65016,-15
39.55016,-16.5
37.55016,-16.8
35.65016,-15.8
34.05016,-14.3
32.15016,-13.4
28.85016,-12.2
25.45016,-9
23.05016,-4.6
21.95016,-1
21.35016,1
20.85016,1.5
10.95016,20.6
14.75016,22.9
17.45016,22.9
20.55016,22.7
25.85016,23
32.15016,22.7
37.25016,20.2
39.35016,15
39.45016,8.7
38.75016,1.5
37.95016,-5.7
36.15016,-12
33.25016,-17.8
32.65016,-22.9
34.05016,-26.5
34.15016,-27
31.95016,-25.4
28.55016,-23.2
25.85016,-20.9
25.85016,-16.9
28.35016,-10.1
32.25016,-0.3
35.25016,9.400001
35.45016,17.2
34.25016,24.2
33.85016,33.1
34.95016,41.5
37.75016,43.9
38.75016,43.8
33.95016,43.4
29.45016,39.7
30.85016,32.1
33.45016,25.9
35.05016,21.8
36.75016,19.1
38.65016,18.3
40.05016,18.3
40.55016,17.6
40.65016,16.1
41.95016,14
44.25016,12
46.85016,10.6
48.95016,9.3
50.35016,7.5
51.15016,4.5
51.75016,0.2
51.65016,-3.7
50.45016,-6
48.75016,-7.2
47.65016,-8.6
46.35016,-10.5
44.75016,-12.8
42.55016,-14.7
39.15016,-15.1
35.25016,-14
32.95016,-13.2
31.95016,-14.3
30.65016,-16.4
29.25016,-17.2
28.65016,-16.4
28.45016,-15.4
27.25016,-15.1
24.75016,-14.2
22.15016,-11
20.25016,-6.5
19.15016,-3.2
18.55016,-1.5
17.45016,-1.7
17.05016,17.3
20.75016,19.7
22.75016,21.5
25.65016,22.8
31.25016,22.5
37.25016,21
41.65016,17.9
43.85016,13
44.15016,7
42.95016,0.2
41.45016,-6.8
39.85016,-12.6
36.75016,-16.6
34.05016,-20
34.55016,-23.5
37.55016,-26.1
38.15016,-26.2
33.15016,-22.9
26.15016,-17.9
23.45016,-12.2
24.65016,-5.2
27.05016,3.5
28.05016,11.2
27.55016,17.9
27.55016,26.5
28.85016,36.5
30.35016,42.7
32.45016,43.2
33.15016,43.3
30.15016,41.6
26.65016,34.5
28.35016,25.7
31.35016,19.9
32.55016,17.5
32.65016,17.6
33.65016,19.3
35.25016,20.3
36.15016,19.8
36.75016,18.1
38.75016,15.7
41.25016,13.6
43.65016,12.3
45.05016,10.9
46.15016,8.3
46.95016,4
47.05016,-1
45.85016,-4.9
44.15016,-7.1
42.75016,-8.6
42.65016,-10.6
42.45016,-13.2
41.95016,-16.1
40.65016,-19
37.15016,-19.9
31.55016,-17.5
26.95016,-14.1
24.05016,-13.1
22.55016,-14.7
21.95016,-15.7
22.75016,-15.3
23.55016,-15
23.25016,-15.3
21.55016,-15
19.35016,-12.1
17.45016,-7.9
16.65016,-5.4
16.15016,-5
14.35016,-6.3
28.95016,15.5
32.25016,19
32.45016,22.1
32.35016,24
35.85016,23.8
40.45016,21.2
43.55016,17.2
44.75016,11.4
44.75016,5
43.85016,-1.3
42.15016,-7.2
41.15016,-12.3
40.25016,-15.8
38.15016,-18.1
36.65016,-20.5
38.05016,-23.7
39.95016,-26.3
37.55016,-25.4
30.65016,-20.6
24.35016,-13.5
21.35016,-5.4
20.65016,2.8
20.15016,10.2
20.65016,18.7
22.25016,29.7
23.75016,38.3
25.05016,41.1
27.15016,39.9
28.35016,38.3
27.75016,33.6
26.65016,25.6
27.85016,18.8
29.35016,15.8
28.45016,16.8
27.85016,20.1
29.15016,22.4
30.95016,22.5
32.25016,20.9
33.25016,18.6
34.65016,16.3
35.75016,14.5
36.45016,12.8
36.75016,10.3
37.25016,6.6
37.75016,2.5
37.75016,-1.3
36.95016,-4.3
36.15016,-6.7
35.65016,-8.900001
35.65016,-11.3
35.55016,-13.5
35.65016,-15.9
35.65016,-19.4
33.15016,-22.5
27.85016,-21.3
23.05016,-16.6
20.05016,-13.8
18.35016,-14.3
17.95016,-14.7
18.85016,-14.9
19.55016,-15.6
18.95016,-16.6
17.15016,-15.5
15.35016,-12.1
14.25016,-8.900001
13.95016,-8.400001
13.15016,-9.2
10.55016,-10.2
41.65016,18.5
43.55016,22.6
42.25016,23.5
39.15016,23.1
39.15016,23
41.75016,21.5
42.95016,17.6
42.55016,11.5
41.75016,4.9
41.25016,-0.9
40.25016,-5.5
39.65016,-9.3
40.15016,-13.1
40.45016,-16.3
39.35016,-18.8
38.85016,-21.7
39.25016,-25.1
39.35016,-26.7
36.25016,-24.4
30.25016,-17.7
25.05016,-8.8
21.75016,0.4
19.65016,8.900001
18.85016,18.8
18.75016,30.1
19.15016,36.9
20.85016,37.3
24.35016,34.1
26.15016,30.5
25.95016,25.7
26.05016,19.4
26.45016,14.5
25.75016,13.4
23.65016,17
23.45016,22.4
25.05016,23.6
26.55016,22
27.45016,19.7
28.05016,18
28.65016,16.9
28.75016,15.3
29.35016,11.7
30.05016,6.9
30.75016,2.3
30.85016,-1.3
30.35016,-3.4
29.75016,-4.6
29.65016,-5.5
29.45016,-6.7
29.05016,-8.6
28.45016,-10.6
28.45016,-12.6
28.85016,-16.7
26.85016,-22.2
22.65016,-23.4
19.55016,-20.1
17.35016,-17.2
15.15016,-15.6
14.05016,-14.2
14.25016,-14.6
14.05016,-16.7
12.65016,-17.1
10.95016,-14.4
10.55016,-11.3
10.75016,-10.6
10.45016,-11.7
8.350162,-12.1
5.050162,-11.7
47.25016,26.4
48.05016,28.4
46.75016,25.6
43.65016,22.1
41.95016,21.1
42.25016,19.9
41.85016,16.3
40.25016,10.8
38.75016,5.4
38.05016,1
37.65016,-2.5
37.85016,-5.5
38.85016,-8.8
39.55016,-12.8
39.35016,-16.9
39.05016,-20.5
38.55016,-23.7
38.45016,-25.8
38.15016,-24.9
36.95016,-19.7
35.25016,-12.4
32.75016,-4.5
29.25016,3.3
24.75016,12.8
19.75016,24.3
17.55016,31.6
19.45016,32.2
23.75016,28.6
25.25016,25.1
23.65016,21.5
23.45016,16.6
23.65016,13.1
21.75016,13.5
19.95016,18.7
20.05016,23.8
21.35016,23
22.35016,21.3
22.55016,20.1
22.35016,19.1
22.65016,17.3
23.45016,14.3
24.85016,9
26.35016,3.2
27.35016,-1.3
27.05016,-4
25.35016,-5.1
23.25016,-5.4
22.55016,-5.3
22.95016,-6
23.15016,-8.2
22.45016,-10.8
22.05016,-13.2
21.75016,-17
19.95016,-22.2
17.35016,-24.7
16.05016,-23.8
14.25016,-21.2
12.05016,-16.9
10.35016,-13.3
9.150162,-13.7
7.650162,-15.9
6.250162,-15.2
5.950162,-12.5
6.750162,-11.9
6.850162,-13.3
5.050162,-13.5
2.450162,-12
0.2501617,-10.9
46.55016,30
47.05016,28.9
46.65016,25.2
44.95016,21.9
43.05016,20.2
42.05016,17.5
40.45016,13.3
38.55016,8.6
36.45016,4.7
35.55016,1.4
35.25016,-1.6
36.05016,-4.2
37.45016,-6.7
38.55016,-9.7
38.55016,-13.6
38.55016,-17.9
38.65016,-21.8
38.25016,-24.3
38.05016,-23.7
39.95016,-19.1
42.75016,-13.5
43.65016,-8.3
41.45016,-3.1
34.85016,4.1
25.55016,14.7
18.95016,23.6
18.75016,25.8
22.35016,23.4
23.25016,21.4
21.45016,18.5
20.45016,14
19.95016,12.4
18.05016,14.8
16.95016,19.8
16.95016,23.8
17.75016,22.6
18.15016,22.2
17.65016,21.4
17.05016,19.1
17.75016,15.6
18.95016,11.6
20.65016,7
22.25016,2.2
23.55016,-1
23.35016,-3.2
20.95016,-5.1
17.65016,-6.3
16.85016,-6.7
18.25016,-7.8
19.75016,-9.900001
19.65016,-12.5
17.95016,-14.9
15.55016,-18
13.95016,-22.8
12.75016,-26.4
12.05016,-26.7
10.95016,-23.8
9.850162,-18.1
8.250162,-13.6
5.850162,-13.8
3.450162,-15.1
2.550162,-14
2.950162,-12.9
3.150162,-14.4
1.850162,-15.8
0.1501617,-14.5
-0.5498382,-12
-0.4498383,-10.3
44.75016,25.8
45.05016,24.2
44.85016,22.1
43.85016,20.2
42.45016,18
40.95016,14.4
39.05016,10.4
36.95016,6.9
34.55016,3.9
32.85016,1
32.45016,-1.6
33.35016,-4.1
34.65016,-6.3
36.55016,-8.5
37.25016,-11.2
37.45016,-14.8
38.25016,-18.6
39.25016,-21.7
39.35016,-22.1
40.85016,-18.6
43.95016,-13.8
46.65016,-9.6
47.05016,-6.6
42.65016,-3.6
33.15016,2.9
23.05016,12.6
19.45016,18.7
20.75016,18.8
21.05016,17.6
19.75016,14.6
18.05016,11
16.65016,11.3
15.35016,15.1
14.65016,18.7
13.35016,23
13.25016,23
13.55016,23.5
13.05016,21.2
12.85016,16.3
13.85016,11.9
14.95016,8.5
16.15016,6
17.65016,3.9
18.75016,2.2
18.85016,-0.4
17.65016,-4.2
15.95016,-7.2
15.95016,-8.3
17.95016,-8.7
20.15016,-9.8
20.45016,-12
17.75016,-14.6
13.35016,-16.8
10.35016,-20.2
8.550162,-24.5
8.250162,-26.4
8.650162,-24.3
8.750162,-19.4
6.850162,-15.2
3.750162,-14.6
1.550162,-14.8
0.9501618,-14.4
0.5501618,-14.5
-0.6498383,-15.3
-1.849838,-14.7
-0.8498383,-12.9
1.250162,-10.6
1.550162,-9.1
43.25016,20.4
43.35016,20
42.65016,18.8
41.45016,17
40.05016,14.5
38.55016,10.9
36.75016,7.6
34.75016,5.1
31.85016,2.9
29.85016,0.6
29.55016,-1.4
30.55016,-3.4
31.45016,-5.6
33.25016,-8.400001
34.65016,-11.3
35.05016,-14.1
35.95016,-17
38.25016,-19.4
39.85016,-20.8
40.95016,-19.4
42.35016,-15.8
44.05016,-11.6
45.75016,-9.3
44.85016,-9.3
38.35016,-7.3
27.75016,1.9
21.35016,11.3
20.05016,13.9
19.55016,13.1
18.65016,10.5
16.55016,8.2
14.75016,9.400001
13.65016,13.6
12.75016,16.5
10.25016,20.3
8.850162,23.1
9.250162,22.8
9.650162,18.8
10.05016,13
10.55016,9.2
10.95016,6.8
11.85016,6
12.65016,5.8
12.85016,5.2
12.95016,3
13.75016,-0.8
14.65016,-4.6
16.55016,-6.5
18.75016,-7.1
19.85016,-7.7
19.55016,-10.3
17.85016,-14.6
14.05016,-17.1
10.15016,-17.7
7.050162,-19.6
6.750162,-23
7.850162,-23.6
7.250162,-19.5
4.250162,-14.9
1.650162,-13.1
0.5501618,-13.1
0.05016175,-14.2
-0.6498383,-15
-1.049838,-13
-0.2498383,-9.7
2.550162,-7.5
5.150162,-6.4
4.450162,-6.3
40.45016,15.9
39.35016,16.8
37.45016,16.3
35.95016,14.5
35.25016,11.8
34.45016,8.400001
33.25016,5.2
31.35016,2.5
28.75016,0.8
27.55016,-0.3
27.55016,-1.8
28.05016,-3.4
28.45016,-5.3
29.45016,-8.400001
30.65016,-11.6
31.55016,-14.3
32.45016,-16.7
34.45016,-18.6
36.65016,-19.6
38.35016,-19.1
39.05016,-17
39.55016,-14.3
40.85016,-12.4
41.65016,-12.3
38.35016,-12
30.45016,-5
23.75016,4.3
20.35016,7.9
18.95016,8.2
18.15016,6.8
15.95016,5.3
13.85016,6.2
12.65016,9.900001
11.15016,13.3
7.850162,17.7
5.350162,21.8
6.350162,20.1
8.150162,15
8.450162,11
8.050162,8.400001
6.950162,7
6.850162,6.1
7.350162,5.7
7.750162,5.4
8.550162,4.5
10.55016,2.2
12.95016,-0.5
15.55016,-2.8
17.95016,-4.4
18.25016,-5.5
17.05016,-7.9
16.55016,-12.9
16.25016,-17.5
14.35016,-18.3
10.35016,-18.2
7.250162,-20.6
6.450162,-21.3
5.050162,-16.9
2.250162,-12.3
0.5501618,-11
0.3501618,-11.3
0.4501618,-13.4
0.6501617,-14
2.250162,-9.900001
4.450162,-4.9
7.150162,-2.9
9.350162,-3
10.35016,-3.8
34.15016,13.7
31.15016,16
29.05016,16.6
29.15016,14.4
29.85016,10.9
29.75016,6.9
28.75016,3
27.15016,0.1
25.45016,-0.9
25.45016,-0.9
25.45016,-1.7
24.85016,-2.5
24.45016,-3.6
25.35016,-6.7
26.25016,-10.2
27.55016,-12.8
28.75016,-15.3
30.05016,-17.3
31.65016,-18.2
33.55016,-17.7
34.85016,-16.5
35.25016,-15.6
35.75016,-14.7
36.15016,-14.2
34.65016,-14.3
30.15016,-9.8
24.85016,-2.5
20.85016,1.9
19.15016,3.5
18.55016,3
15.85016,1.9
13.15016,2.6
11.45016,5.9
9.250162,10
5.450162,15.4
2.550162,19.8
3.850162,17.3
6.850162,12.2
7.150162,9.8
5.750162,8.8
4.150162,7.4
3.650162,5.5
4.350162,4.4
5.950162,4.4
7.850162,4.1
10.65016,2.8
13.25016,0.4
15.15016,-1.6
17.05016,-3
17.75016,-4.4
16.65016,-6.5
15.75016,-10
15.85016,-14.9
16.35016,-18.3
13.95016,-19
8.050162,-19.8
4.550162,-19
4.850162,-14.7
3.750162,-12
1.550162,-12.1
1.050162,-12.1
2.050162,-12.6
3.350162,-12
5.250162,-7.7
7.350162,-3.4
9.850162,-1.6
12.55016,-1.7
15.65016,-1.8
23.75016,13.7
21.45016,16.8
22.45016,17.4
24.55016,14.3
25.55016,9.8
25.25016,5.2
24.15016,1
23.05016,-1.4
22.75016,-1.7
23.45016,-1.1
23.35016,-0.9
22.25016,-1.1
21.75016,-1.9
22.05016,-4.8
22.25016,-8.1
23.15016,-10.4
24.25016,-12.2
25.35016,-14.3
26.75016,-15.8
28.75016,-15.7
30.65016,-14.7
31.75016,-14.3
32.35016,-14.7
32.25016,-15.7
31.05016,-16.8
28.25016,-13.7
24.55016,-7
21.65016,-1.6
20.75016,0.5
19.95016,-0.5
16.55016,-1.7
12.95016,-0.7
11.05016,2.5
8.550162,6.2
4.450162,12.2
1.650162,17.2
2.250162,16.2
4.250162,12.6
5.050162,11
4.750162,10.1
3.850162,8.3
3.550162,5.7
4.350162,4.5
5.950162,4.4
7.550162,4
10.25016,2.7
12.75016,0.2
14.75016,-1.7
16.55016,-2.2
18.05016,-3.5
19.05016,-5.4
19.25016,-7.9
18.45016,-11.3
18.65016,-15.2
18.65016,-17.7
13.15016,-19.4
7.050162,-18.9
7.350162,-15.2
7.850162,-13.2
5.650162,-13.5
4.350162,-12.9
5.650162,-11.2
7.650162,-8.2
9.550162,-4.3
11.65016,-1.3
14.45016,0
17.85016,1
21.45016,2.9
14.65016,12.6
14.35016,16
17.95016,16.1
20.35016,12.4
20.45016,7.6
19.95016,3.3
19.45016,-0.5
20.15016,-2.6
21.45016,-2.7
22.45016,-2.1
22.35016,-1.8
21.95016,-2
21.55016,-2.9
21.35016,-4.6
20.75016,-6.6
20.85016,-8.3
21.15016,-9.8
21.55016,-11.6
22.45016,-13.3
24.15016,-13.6
25.75016,-12.9
27.45016,-12.7
28.95016,-14.3
29.65016,-17.3
28.75016,-19.4
26.55016,-16.1
23.95016,-8.900001
21.95016,-3.3
21.55016,-1.8
20.85016,-3.5
17.35016,-4.8
13.75016,-3.6
11.95016,-1
9.350162,1.9
4.850162,7.6
1.550162,14.5
0.8501617,16.2
1.650162,13.9
2.550162,12.4
3.750162,11.3
4.650162,9.400001
5.050162,7.3
5.250162,5.9
6.050162,5.1
6.850162,3.6
7.350162,1.2
8.250162,-1.3
11.95016,-1.6
15.85016,-0.7
18.75016,-1.1
21.55016,-2.7
23.65016,-5.8
24.45016,-8.6
24.35016,-12.1
25.35016,-15.7
22.85016,-19.2
15.85016,-20.9
12.15016,-18
11.35016,-14.8
10.25016,-13.6
9.450162,-12.7
10.45016,-9.900001
11.85016,-5.1
14.05016,0.1
17.05016,3.4
20.35016,5.1
23.65016,7
26.85016,10.2
9.650162,10.5
9.750162,13.1
12.85016,13.1
15.15016,9.8
14.65016,5.5
14.45016,1.8
15.85016,-1.7
18.35016,-3.7
20.45016,-3.6
21.05016,-3.1
20.85016,-3
21.05016,-3.4
20.95016,-3.5
20.75016,-3.4
20.55016,-3.9
21.15016,-6
21.55016,-8.400001
21.05016,-10.7
20.55016,-12.7
20.95016,-14
20.95016,-14
21.55016,-14.2
23.35016,-15.9
25.35016,-19
25.95016,-20.6
24.85016,-16.8
23.05016,-10
21.15016,-5.7
20.35016,-4.4
20.15016,-5.6
17.85016,-6.3
15.15016,-5
13.45016,-3.3
10.85016,-1.7
6.650162,3.1
2.750162,10.8
0.2501617,14.6
0.4501618,12.8
1.250162,10.6
1.850162,9.3
2.750162,8.1
4.450162,7
5.950162,7.2
7.050162,8.2
7.550162,7
6.950162,3.4
6.450162,1.5
10.45016,3.1
14.85016,5
18.15016,4
21.35016,1.6
24.05016,-1.5
26.15016,-3.5
27.15016,-7.7
28.65016,-12.6
29.05016,-17.5
25.35016,-21.7
19.75016,-21.7
15.55016,-18.4
13.85016,-14.9
14.05016,-12.8
15.25016,-10.4
15.95016,-5.4
17.05016,0.8
19.05016,5.7
21.35016,8.8
23.85016,11.7
26.95016,15.1
8.550162,9.6
7.850162,10.6
9.350162,10.2
11.15016,7.8
10.45016,3.9
10.85016,0.7
13.55016,-2.4
16.05016,-3.9
17.15016,-3.4
16.85016,-3.4
16.55016,-3.8
17.05016,-3.5
17.15016,-2.1
16.95016,-0.8
17.45016,-1.1
19.25016,-3.3
21.05016,-6
21.35016,-8.8
20.65016,-11.5
19.65016,-13.6
17.95016,-14.7
16.85016,-16
17.45016,-18
20.05016,-20.4
22.05016,-20.8
22.35016,-16.7
21.75016,-11.2
20.45016,-7.9
19.85016,-6.3
20.05016,-6.5
18.55016,-6.3
16.25016,-4.9
15.25016,-4.4
14.25016,-4.8
11.55016,-1.6
6.950162,5.9
1.650162,10.7
0.05016175,10
0.2501617,8.400001
-0.1498383,7.7
0.2501617,6.9
2.650162,6.8
5.450162,9.1
6.350162,12.7
5.950162,12.6
6.350162,9.900001
7.150162,8.6
9.450162,9.3
11.15016,10.1
13.85016,7.7
17.75016,5.5
21.45016,4.5
23.85016,1.4
25.55016,-4.4
27.25016,-10
29.35016,-15
29.35016,-20.7
25.85016,-24.3
20.15016,-22.5
16.75016,-16.6
16.65016,-12.5
18.05016,-10.1
19.05016,-5.7
19.15016,0.2
19.05016,5.6
20.25016,9.7
22.85016,13.4
27.25016,17.2
9.750162,10.7
8.650162,10.4
8.350162,9.2
8.550162,6.7
7.350162,3.1
8.350162,0.4
10.95016,-1.1
12.05016,-1.6
12.05016,-1.8
12.15016,-2.8
12.85016,-3.6
14.05016,-2.6
14.45016,-0.6
14.65016,0.3
15.35016,-0.4
16.75016,-2.3
18.95016,-4.2
20.65016,-6.2
20.95016,-8.2
20.45016,-9.900001
19.25016,-11.4
17.95016,-13.7
17.25016,-16.6
18.45016,-18.8
20.25016,-18.6
21.25016,-15.3
21.45016,-11.6
20.55016,-8.900001
19.45016,-6.7
18.75016,-6.1
17.35016,-5.4
15.45016,-4.2
14.55016,-3.7
15.15016,-4.9
14.75016,-3.9
10.75016,1.6
4.250162,6.4
0.3501618,7.7
-0.4498383,8.2
-0.6498383,8.400001
0.2501617,8.3
2.550162,9.1
4.650162,11.5
4.950162,14.4
4.050162,14.5
4.150162,12.5
5.450162,11.7
7.650162,12
8.450162,12
10.35016,8.5
15.05016,6.7
19.25016,6.7
21.85016,3.7
22.45016,-2.2
23.25016,-9
24.95016,-13.6
26.95016,-18.2
27.25016,-23.5
23.05016,-24.7
19.35016,-18.6
18.65016,-12.3
18.95016,-7.7
19.65016,-3.1
20.05016,1.4
19.65016,5.9
20.85016,10.1
24.35016,14.7
28.85016,18.7
8.250162,10.7
7.650162,9.7
6.650162,8.2
5.950162,6
5.450162,2.9
6.950162,0.6
9.150162,-0.2
10.15016,0.2
10.95016,0.5
12.65016,0.5
14.95016,0.8
16.65016,1.4
17.05016,1.7
17.55016,0.6
18.15016,-1.2
18.75016,-2.9
19.75016,-4.4
21.45016,-5.5
22.15016,-6.7
22.45016,-8.1
22.65016,-9.5
22.75016,-11.1
22.25016,-13.1
22.65016,-14.8
23.55016,-15.4
23.85016,-13.9
23.45016,-12.1
21.65016,-10.4
18.85016,-8.400001
16.65016,-7.6
15.05016,-7.4
12.55016,-6.5
8.550162,-4.2
8.350162,-3.4
10.25016,-3.5
9.150162,-0.7
4.950162,3.1
1.550162,6.1
1.050162,8.3
1.850162,9.5
2.950162,10.1
3.850162,11.2
4.350162,12.6
4.850162,13.9
4.950162,13.7
4.850162,12.4
5.350162,12.7
8.350162,14
10.25016,13.9
11.55016,10.3
15.45016,8.1
18.15016,7.1
19.25016,4.8
18.55016,-0.9
18.75016,-8.5
19.75016,-13.4
21.55016,-16.7
24.55016,-19.7
24.35016,-23.8
22.45016,-20.6
21.45016,-13.7
20.15016,-7.2
19.45016,-2.1
20.45016,1.4
21.05016,5.4
22.95016,10.3
26.55016,15
29.75016,18.3
4.250162,9.5
4.150162,7.8
3.650162,6.6
3.850162,5.9
5.250162,4.6
7.650162,2.5
10.15016,1.4
12.25016,2.1
14.25016,3.6
16.75016,4.9
19.45016,5.5
20.95016,4.4
21.25016,2
21.75016,-1.1
22.25016,-3.6
22.45016,-5.1
22.65016,-6
23.65016,-6.8
24.35016,-7.9
24.55016,-9.400001
24.75016,-10.8
24.95016,-11.8
24.95016,-12.4
26.05016,-13.1
27.15016,-13.7
26.65016,-13.5
25.85016,-12.7
24.15016,-12.3
21.35016,-11.7
18.55016,-11
16.85016,-10.8
14.05016,-11.3
8.050162,-9.6
5.650162,-7.1
7.150162,-5.6
7.950162,-2.8
7.350162,0.8
6.150162,4.2
5.350162,6.9
5.750162,8.3
6.450162,9.400001
5.950162,10.6
5.450162,11.7
6.050162,12.9
6.450162,13.8
6.150162,13.3
6.650162,14
9.650162,15.6
11.85016,14.8
13.05016,12.2
15.45016,10.3
16.35016,7.6
15.45016,3.7
13.85016,-1.1
15.15016,-6.8
15.95016,-11.6
16.75016,-13.6
19.75016,-14
22.85016,-17.9
24.05016,-19.3
24.15016,-15.2
22.75016,-8.8
20.95016,-3.6
21.45016,-0.5
22.75016,3
25.45016,8
28.75016,13.3
30.95016,16.5
0.4501618,7.9
0.7501618,5.8
0.9501618,4.7
2.450162,5.2
4.950162,5.2
7.950162,4.1
11.05016,2.9
13.85016,2.9
16.45016,3.7
18.85016,4.4
20.75016,3.9
21.85016,1.6
22.55016,-1.6
23.45016,-4.4
23.75016,-6.5
23.25016,-7.7
22.85016,-8.1
23.65016,-8.7
24.85016,-9.7
25.15016,-10.7
25.15016,-11.9
24.85016,-13.1
24.25016,-14.1
25.55016,-14.2
26.85016,-14.3
26.45016,-14.2
25.75016,-13.6
25.05016,-13.7
23.35016,-14
21.15016,-13.5
19.75016,-12.6
18.85016,-13.8
15.15016,-14.6
11.65016,-12.3
11.15016,-9.3
12.05016,-5.7
13.15016,-1.5
13.25016,2.4
11.35016,5.1
9.850162,6.3
9.550162,7.2
8.650162,8.400001
7.850162,9.8
7.850162,11.2
7.750162,12.9
7.150162,14
7.750162,15.5
9.550162,15.9
9.950162,13.2
11.75016,12.5
14.35016,11.7
16.15016,8.7
14.75016,3
11.85016,-1
12.45016,-5.5
13.95016,-10.3
13.55016,-11.5
15.45016,-10.4
19.05016,-12.3
22.55016,-15.4
24.75016,-14.6
24.45016,-10.1
22.85016,-6.3
22.95016,-3.3
24.65016,0
27.45016,5.4
30.35016,11.8
32.35016,15.6
-0.9498383,5.2
-0.5498382,3.9
0.5501618,3.5
2.750162,4
5.450162,4.3
8.350162,3.8
10.75016,3
12.55016,2.6
14.25016,3
15.75016,3.2
16.95016,2.1
18.55016,-0.7
20.45016,-3.6
21.95016,-5.6
22.35016,-7.4
21.75016,-8.900001
21.25016,-9.6
22.25016,-9.900001
23.75016,-10.3
24.45016,-11
24.85016,-11.8
25.05016,-13.3
24.85016,-15.2
25.85016,-16.2
26.95016,-16.3
26.45016,-16.1
25.05016,-15.3
23.55016,-14.6
22.05016,-14.5
21.05016,-14.7
20.75016,-14.3
21.35016,-15
20.65016,-16.1
18.25016,-14.8
17.05016,-12
17.65016,-8.5
18.65016,-4.2
18.85016,0
16.75016,3.2
14.25016,4.6
12.85016,5.4
11.45016,6.5
10.65016,8
10.55016,9.2
10.25016,11.2
9.050162,14.1
8.550162,16.6
8.350162,16.4
8.150162,12.9
10.65016,12.2
13.75016,12.8
15.55016,9
14.45016,3.8
10.85016,0.1
9.650162,-4.3
11.75016,-9.2
12.75016,-11.3
14.15016,-10.4
16.75016,-10.8
19.75016,-13.1
22.45016,-13.1
23.65016,-9.7
23.65016,-5.9
24.85016,-1.5
27.25016,3.1
29.35016,7.8
30.65016,12
30.45016,14.1
-1.049838,3.1
-0.1498383,3.3
1.450162,3.5
3.650162,3.8
6.050162,4.4
7.350162,5.1
6.850162,5.7
5.850162,6.2
5.950162,6.7
7.050162,6.5
8.850162,4.9
12.05016,1.8
15.65016,-1.3
18.25016,-3.7
19.45016,-5.8
19.75016,-7.6
19.85016,-8.6
20.45016,-8.7
21.25016,-8.6
21.65016,-9.1
22.05016,-10.3
22.95016,-11.8
24.15016,-14.3
26.15016,-16.4
27.75016,-17.4
27.75016,-17.5
26.35016,-16.9
23.85016,-15.7
21.35016,-14.6
20.75016,-14.5
21.25016,-14.9
22.25016,-15.4
22.85016,-16.1
22.05016,-15.8
21.15016,-13.8
21.15016,-10.6
21.45016,-7
21.35016,-3.1
19.85016,0.1
17.85016,2.5
16.25016,4
14.35016,5.1
13.05016,6.1
13.35016,7.3
13.45016,9.8
11.55016,13.5
9.750162,15.7
7.950162,16.3
7.450162,13.7
8.950162,13.5
10.55016,11.8
12.35016,7.4
11.85016,3.5
8.450162,0.3
6.750162,-3.1
8.550162,-5.9
10.15016,-7
11.15016,-6.5
12.75016,-7.2
15.25016,-9
18.35016,-8.7
20.85016,-4.7
21.75016,1
23.55016,5.5
25.95016,8.7
26.85016,10.4
26.05016,10.7
23.65016,11.6
-0.9498383,3.2
0.2501617,4.2
1.350162,4.6
2.350162,4.6
3.450162,5.2
2.650162,6.6
-0.1498383,8.1
-1.449838,8.900001
-0.6498383,9.6
1.450162,9.7
4.150162,9.1
8.150162,7
12.55016,3.7
15.65016,0.2
17.15016,-2.2
17.45016,-3.4
17.55016,-4.5
17.55016,-5.4
17.45016,-5.8
17.25016,-6.7
17.15016,-7.9
17.85016,-9.3
19.55016,-11.2
22.35016,-13.9
25.05016,-15.9
26.65016,-16.7
27.25016,-16.8
26.05016,-16.2
23.95016,-15
22.75016,-14
22.65016,-14
22.75016,-14.2
23.15016,-14.4
23.45016,-14.5
23.15016,-13.3
22.65016,-10.7
22.55016,-8.1
22.65016,-5.5
21.95016,-2.8
20.95016,0
19.55016,2.5
17.55016,3.7
15.95016,4
15.75016,5
15.15016,8.3
13.15016,12.1
12.25016,14.1
9.450162,16.7
7.750162,15.5
6.350162,12.5
7.550162,8.3
10.05016,5
9.950162,2.2
7.250162,-0.4
5.950162,-2.4
6.450162,-3.2
6.150162,-2.8
5.350162,-2.3
5.750162,-2.9
7.950162,-3.5
11.55016,-2.9
14.45016,0.1
15.35016,4.3
16.45016,6.1
17.65016,7
17.65016,8
16.95016,9.1
16.75016,12
-0.1498383,3.5
1.150162,4.6
0.8501617,5.3
-0.2498383,5.7
-0.4498383,6.3
-1.149838,7.4
-2.749838,8.400001
-2.649838,9.400001
-1.349838,11.2
0.3501618,12.9
2.250162,13.9
5.250162,13
8.150162,10.2
10.45016,5.4
12.35016,1.1
13.75016,-1
14.65016,-2.5
14.95016,-4.2
14.75016,-5.4
14.55016,-6.4
14.45016,-7.4
14.85016,-8
16.05016,-8.900001
18.05016,-11.2
20.15016,-13.7
22.55016,-15.4
24.45016,-16.2
25.35016,-16
25.05016,-15.1
25.05016,-14.3
24.95016,-14
23.85016,-13.6
23.25016,-13
24.05016,-12.9
24.45016,-12.1
24.25016,-10
24.15016,-8
24.25016,-6.2
23.85016,-4.2
23.05016,-1.9
21.65016,0.7
20.75016,2.3
19.35016,2.4
17.45016,2.9
15.25016,5.9
13.75016,9.7
13.65016,12.6
11.05016,16.9
8.750162,16
5.350162,10.7
5.950162,5.4
8.950162,3.4
9.250162,1.4
7.650162,-0.1
6.250162,-1.5
5.650162,-1.8
4.350162,-1.4
2.650162,-1
2.350162,-1.2
4.050162,-1.1
6.850162,-0.5
8.950162,1
9.650162,2.8
9.650162,3.7
9.350162,4.9
9.550162,7.7
10.25016,11.1
11.85016,14.6
1.250162,3.7
2.550162,4.6
1.650162,5.4
-0.7498383,6.2
-1.649838,7.3
-1.549838,8.5
-2.049838,9.8
-1.849838,11.7
-1.249838,14.4
-1.549838,16.7
-1.649838,17.7
-0.6498383,17.5
-0.5498382,17.1
-0.8498383,13.2
1.850162,5.9
6.550162,-0.2
9.650162,-3.5
10.35016,-5.3
10.15016,-5.9
10.95016,-6.1
12.35016,-6.4
13.85016,-6.8
15.35016,-7.3
16.35016,-9
17.05016,-11.4
18.55016,-14.6
20.75016,-16.9
22.85016,-16.6
23.85016,-15
25.05016,-14
26.05016,-13.5
25.65016,-12.9
25.05016,-12.2
25.65016,-12.1
26.05016,-11.5
26.25016,-10.1
26.25016,-8.3
25.85016,-6.4
25.25016,-4.3
24.45016,-2.7
23.15016,-0.8
22.95016,1.3
21.85016,2
18.95016,1.7
16.85016,3.7
15.85016,7.4
14.65016,11.3
11.65016,16
9.550162,15.1
5.750162,8.8
5.250162,4.4
7.150162,2.9
7.750162,1.1
7.350162,0.2
6.750162,-0.7
6.350162,-1.3
5.250162,-0.8
3.750162,-0.1
2.850162,0.5
3.850162,1.4
5.450162,2.1
5.950162,2.6
5.350162,3.1
4.250162,4.5
3.850162,7.4
4.350162,10.9
4.550162,13.9
4.850162,16.7
1.350162,4.6
2.650162,5.6
2.350162,6
0.2501617,6.3
-1.549838,7.3
-1.949838,8.900001
-2.149838,10.8
-1.749838,13.6
-2.049838,16.9
-4.049839,19.3
-5.549839,19.8
-4.649838,19.2
-4.649838,20.3
-7.349838,19.4
-7.149838,12.5
-1.149838,3.2
4.050162,-3.1
5.450162,-5.4
5.850162,-4.8
7.450162,-2.7
9.650162,-1.6
12.15016,-2.6
14.25016,-4.4
15.75016,-6.3
16.55016,-8.5
17.65016,-12.4
19.45016,-16.6
22.15016,-17.5
24.05016,-15.9
25.45016,-13.9
26.15016,-12.1
26.35016,-11
26.55016,-10.9
26.95016,-11
27.05016,-10.9
27.65016,-10.4
28.25016,-9.5
27.75016,-7.6
27.15016,-5
26.65016,-3.1
25.35016,-1.6
24.95016,0.5
24.15016,2
21.95016,1.9
20.55016,3.2
18.95016,6.7
15.95016,10.7
11.85016,14.8
9.050162,12
6.650162,6.4
5.350162,3.7
6.150162,2.2
6.650162,0.1
6.750162,-0.7
6.750162,-1
6.550162,-1
6.150162,-0.6
5.450162,-0.4
4.350162,0.7
4.150162,3.3
4.050162,4.9
2.450162,4.1
-0.04983826,3.5
-0.9498383,5.4
-0.4498383,9.7
-0.7498383,13.5
-2.049838,15.4
-1.849838,18.2
0.9501618,4.7
1.650162,6.4
1.750162,6.7
-0.2498383,6.3
-2.249838,6.9
-2.349838,8.400001
-2.149838,10.7
-2.749838,14.2
-4.449838,17.9
-6.849838,20.5
-8.349838,20.8
-6.649838,19
-4.549839,18.9
-7.749838,20.1
-11.84984,17.5
-8.249839,10.3
-1.549838,3.2
2.850162,-0.4
5.150162,0.1
6.150162,3.5
7.550162,5.1
9.850162,3.5
12.15016,0.6
14.65016,-2.3
16.95016,-4.8
18.45016,-7.8
20.05016,-11.6
22.35016,-13.9
24.65016,-14.1
26.15016,-12.8
26.45016,-11.2
26.75016,-10.5
27.35016,-10.6
26.95016,-10.8
26.45016,-10.5
27.45016,-10.2
28.65016,-9.6
28.45016,-7.9
28.15016,-5.3
28.35016,-2.9
27.45016,-1.4
26.65016,0.6
26.05016,2.7
24.35016,3.5
22.35016,4.5
19.25016,6.9
16.55016,10.4
13.25016,13.3
8.450162,7.8
7.850162,3.1
6.950162,1.7
7.150162,0
7.250162,-2.2
6.450162,-3
5.750162,-2.6
5.850162,-1.6
6.250162,-1.6
6.750162,-2.7
5.750162,-1.3
3.450162,3.2
1.150162,4.8
-1.849838,2.7
-4.349838,1.9
-3.849838,4.9
-3.149838,10.1
-4.049839,14.1
-5.249838,16
-4.449838,18.7
1.650162,3.4
1.350162,5.1
0.9501618,6.1
-1.049838,6.4
-3.049838,7
-2.449838,8.2
-2.349838,10.3
-4.349838,14
-6.749838,17.3
-8.649838,19.8
-10.24984,20.7
-8.949839,19.1
-6.349838,17.8
-8.449839,18.9
-14.04984,19.5
-13.84984,16.7
-8.449839,12
-2.349838,7.9
1.250162,6.6
2.550162,7.8
4.150162,8.1
6.750162,6.5
8.950162,4.2
11.25016,1.1
13.85016,-1.8
16.25016,-4.1
17.95016,-6
19.95016,-7.6
21.95016,-8.6
23.45016,-9
24.75016,-9.5
26.35016,-10.2
27.65016,-10.4
27.25016,-10.4
26.15016,-10.6
26.55016,-10
27.05016,-8.400001
26.75016,-6.1
26.65016,-3.9
27.35016,-2.1
26.75016,-0.6
25.85016,1.3
25.15016,3.1
23.35016,4.3
20.95016,5.3
19.05016,7.2
18.45016,10.3
16.55016,12
9.250162,4.7
8.550162,-0.3
8.550162,-0.6
7.650162,-2.2
7.450162,-4.3
5.850162,-5.4
4.750162,-5.1
5.350162,-3.6
6.250162,-3.7
6.950162,-5.3
5.250162,-3
1.450162,2.5
-2.149838,3.2
-4.849838,0.5
-6.049839,0.4
-5.049839,4.4
-4.849838,9.7
-5.549839,13.7
-6.249838,15.9
-6.849838,18.6
2.850162,1.7
1.550162,2.4
0.9501618,4.2
-0.5498382,5.8
-2.049838,6.8
-2.049838,7.7
-2.549838,9.5
-4.549839,13
-6.649838,15.7
-8.449839,17.4
-10.44984,19.6
-10.44984,19.7
-8.549838,17.9
-8.649838,17.1
-11.84984,18.2
-13.04984,18.5
-11.24984,16.8
-7.749838,13.3
-4.749838,10.6
-2.449838,9.5
0.7501618,8.3
4.250162,6.6
6.750162,4.8
8.650162,2.8
10.95016,0.1
12.85016,-2.5
14.35016,-4.3
16.05016,-5
17.45016,-5.6
18.45016,-6
19.95016,-6.4
22.35016,-6.5
24.45016,-6.2
25.45016,-6.4
25.45016,-7.3
25.55016,-7.5
25.65016,-6.4
25.75016,-4.7
26.05016,-3.4
26.05016,-1.9
24.75016,-0.1
23.15016,1.6
22.55016,2.9
22.15016,4.3
21.45016,6.2
21.35016,8.1
20.95016,10
17.95016,9.400001
10.95016,3.1
8.250162,-2.5
8.350162,-1.3
6.450162,-2.5
6.650162,-4
6.050162,-5.7
5.250162,-6.9
5.550162,-6.1
5.650162,-5.6
5.850162,-6.2
4.450162,-3.8
1.150162,0.6
-2.549838,0.9
-5.149838,-0.9
-6.249838,0.4
-6.449838,4.5
-6.849838,9
-6.949838,12.5
-7.449838,15
-9.349838,17.7
