U,V
3.098734,-1.149997
2.998734,-1.249997
2.998734,-1.349997
2.998734,-1.349997
2.898734,-1.449997
2.898734,-1.549997
2.798733,-1.649997
2.798733,-1.649997
2.798733,-1.749997
2.698734,-1.849997
2.698734,-1.949997
2.598734,-1.949997
2.598734,-2.049997
2.498734,-2.149997
2.398734,-2.149997
2.398734,-2.249997
2.298733,-2.249997
2.298733,-2.349997
2.198734,-2.449997
2.098734,-2.449997
2.098734,-2.549997
1.998734,-2.549997
1.898733,-2.649997
1.898733,-2.649997
1.798734,-2.749997
1.698734,-2.749997
1.698734,-2.849997
1.598734,-2.849997
1.498734,-2.949997
1.398733,-2.949997
1.398733,-2.949997
1.298734,-3.049997
1.198734,-3.049997
1.098734,-3.049997
0.9987335,-3.149997
0.9987335,-3.149997
0.8987336,-3.149997
0.7987335,-3.149997
0.6987335,-3.149997
0.5987335,-3.249997
0.4987335,-3.249997
0.4987335,-3.249997
0.3987335,-3.249997
0.2987335,-3.249997
0.1987335,-3.249997
0.09873352,-3.249997
-0.001266479,-3.249997
-0.1012665,-3.249997
-0.1012665,-3.249997
-0.2012665,-3.249997
-0.3012665,-3.249997
-0.4012665,-3.249997
-0.5012665,-3.249997
-0.6012665,-3.249997
-0.7012665,-3.249997
-0.7012665,-3.149997
-0.8012665,-3.149997
-0.9012665,-3.149997
-1.001266,-3.149997
-1.101267,-3.049997
-1.201267,-3.049997
-1.201267,-3.049997
-1.301267,-2.949997
-1.401266,-2.949997
-1.501266,-2.949997
-1.501266,-2.849997
-1.601267,-2.849997
-1.701267,-2.849997
7.198734,-3.749997
7.098733,-3.849997
6.898734,-4.049997
6.598733,-4.149997
6.398734,-4.249997
6.198734,-4.449997
5.998734,-4.549997
5.698734,-4.649997
5.498734,-4.749997
5.298734,-4.749997
5.098733,-4.849997
4.798734,-4.949997
4.598733,-4.949997
4.398734,-4.949997
4.198734,-5.049997
3.998734,-5.049997
3.798733,-5.049997
3.498734,-5.049997
3.298733,-5.049997
3.098734,-5.049997
2.898734,-5.049997
2.598734,-5.049997
2.498734,-5.049997
2.198734,-4.949997
2.098734,-4.949997
1.898733,-4.949997
1.698734,-4.849997
1.498734,-4.849997
1.298734,-4.849997
1.098734,-4.749997
0.8987336,-4.649997
0.7987335,-4.649997
0.5987335,-4.549997
0.3987335,-4.449997
0.2987335,-4.449997
0.09873352,-4.349997
-0.001266479,-4.249997
-0.1012665,-4.149997
-0.3012665,-4.049997
-0.4012665,-3.949997
-0.5012665,-3.849997
-0.7012665,-3.749997
-0.8012665,-3.649997
-0.9012665,-3.549997
-1.001266,-3.449997
-1.101267,-3.349997
-1.201267,-3.249997
-1.301267,-3.149997
-1.301267,-3.049997
-1.401266,-2.949997
-1.501266,-2.849997
-1.601267,-2.649997
-1.601267,-2.549997
-1.701267,-2.449997
-1.701267,-2.349997
-1.801267,-2.249997
-1.801267,-2.149997
-1.901266,-2.049997
-1.901266,-1.949997
-1.901266,-1.749997
-1.901266,-1.649997
-1.901266,-1.549997
-1.901266,-1.449997
-2.001266,-1.349997
-1.901266,-1.249997
-1.901266,-1.049997
-1.901266,-1.049997
-1.901266,-0.849997
11.79873,-7.749997
11.29873,-7.849997
10.79873,-8.049997
10.39873,-8.149997
9.898734,-8.349998
9.398734,-8.349998
8.898734,-8.449997
8.498734,-8.549997
7.998734,-8.549997
7.498734,-8.549997
6.998734,-8.549997
6.598733,-8.549997
6.098733,-8.449997
5.698734,-8.449997
5.198734,-8.349998
4.798734,-8.249997
4.398734,-8.149997
3.998734,-8.049997
3.598734,-8.049997
3.198734,-7.849997
2.798733,-7.749997
2.498734,-7.549997
2.098734,-7.549997
1.698734,-7.349997
1.398733,-7.249997
1.098734,-7.049997
0.7987335,-6.949997
0.4987335,-6.749997
0.1987335,-6.549997
-0.1012665,-6.349997
-0.4012665,-6.249997
-0.6012665,-6.049997
-0.8012665,-5.949997
-1.001266,-5.749997
-1.301267,-5.549997
-1.501266,-5.349997
-1.701267,-5.149997
-1.801267,-4.949997
-2.001266,-4.849997
-2.101267,-4.549997
-2.301266,-4.449997
-2.401267,-4.149997
-2.601267,-4.049997
-2.601267,-3.749997
-2.801266,-3.649997
-2.801266,-3.349997
-2.901267,-3.249997
-3.001266,-2.949997
-3.001266,-2.749997
-3.101267,-2.549997
-3.101267,-2.349997
-3.101267,-2.149997
-3.101267,-1.949997
-3.101267,-1.749997
-3.101267,-1.649997
-3.101267,-1.349997
-3.001266,-1.249997
-3.001266,-0.9499969
-3.001266,-0.849997
-2.901267,-0.6499969
-2.901267,-0.549997
-2.801266,-0.349997
-2.701267,-0.149997
-2.601267,0.05000305
-2.601267,0.1500031
-2.501266,0.3500031
-2.401267,0.4500031
-2.301266,0.6500031
15.49873,-12.55
14.69873,-12.85
13.99873,-12.95
13.19873,-13.15
12.49873,-13.15
11.69873,-13.25
10.89873,-13.15
10.19873,-13.15
9.398734,-13.05
8.698733,-12.95
7.998734,-12.75
7.298734,-12.65
6.598733,-12.35
5.898734,-12.25
5.298734,-12.05
4.598733,-11.75
3.998734,-11.55
3.398734,-11.25
2.898734,-11.05
2.298733,-10.85
1.798734,-10.55
1.198734,-10.25
0.7987335,-10.05
0.2987335,-9.749997
-0.2012665,-9.549997
-0.7012665,-9.249997
-1.101267,-8.949997
-1.501266,-8.749997
-1.801267,-8.449997
-2.201267,-8.149997
-2.601267,-7.849997
-2.901267,-7.549997
-3.101267,-7.249997
-3.401267,-6.849997
-3.601267,-6.549997
-3.901267,-6.249997
-4.101266,-5.849997
-4.301267,-5.449997
-4.401267,-5.149997
-4.501266,-4.749997
-4.601266,-4.449997
-4.701267,-4.049997
-4.701267,-3.649997
-4.701267,-3.249997
-4.701267,-2.949997
-4.701267,-2.549997
-4.601266,-2.149997
-4.501266,-1.849997
-4.401267,-1.549997
-4.301267,-1.149997
-4.201267,-0.9499969
-4.001266,-0.549997
-3.901267,-0.349997
-3.701267,-0.04999695
-3.501266,0.1500031
-3.301266,0.4500031
-3.101267,0.5500031
-3.001266,0.8500031
-2.801266,0.9500031
-2.601267,1.150003
-2.401267,1.250003
-2.201267,1.450003
-2.001266,1.550003
-1.801267,1.650003
-1.601267,1.750003
-1.501266,1.850003
-1.301267,1.950003
-1.101267,2.050003
17.79873,-17.55
16.79873,-17.85
15.79873,-18.05
14.79873,-18.15
13.69873,-18.15
12.79873,-18.15
11.69873,-18.05
10.79873,-17.85
9.798734,-17.65
8.898734,-17.35
7.898734,-17.05
6.998734,-16.65
6.198734,-16.35
5.398734,-15.95
4.498734,-15.45
3.698734,-15.15
2.998734,-14.85
2.298733,-14.45
1.498734,-14.15
0.7987335,-13.75
0.1987335,-13.35
-0.5012665,-13.05
-1.101267,-12.65
-1.601267,-12.35
-2.201267,-11.95
-2.701267,-11.55
-3.201267,-11.15
-3.601267,-10.75
-4.101266,-10.35
-4.501266,-9.849998
-4.901267,-9.349998
-5.201267,-8.849998
-5.501266,-8.349998
-5.801267,-7.749997
-6.001266,-7.249997
-6.301267,-6.549997
-6.401267,-5.949997
-6.501266,-5.349997
-6.501266,-4.749997
-6.501266,-4.049997
-6.501266,-3.449997
-6.501266,-2.749997
-6.301267,-2.249997
-6.201267,-1.549997
-6.001266,-1.149997
-5.801267,-0.549997
-5.601266,-0.04999695
-5.301267,0.4500031
-5.001266,0.8500031
-4.701267,1.350003
-4.401267,1.650003
-4.001266,2.050003
-3.701267,2.250003
-3.401267,2.550003
-3.001266,2.750003
-2.701267,2.950003
-2.401267,3.050003
-2.001266,3.250003
-1.701267,3.350003
-1.401266,3.450003
-1.101267,3.450003
-0.8012665,3.550003
-0.5012665,3.450003
-0.2012665,3.550003
0.09873352,3.450003
0.2987335,3.450003
0.4987335,3.350003
0.7987335,3.450003
18.09873,-21.55
16.99873,-21.95
15.89873,-22.25
14.69873,-22.45
13.59873,-22.45
12.39873,-22.35
11.39873,-22.15
10.29873,-21.85
9.298734,-21.45
8.198733,-21.05
7.198734,-20.55
6.198734,-20.15
5.298734,-19.55
4.398734,-19.15
3.498734,-18.65
2.598734,-18.15
1.798734,-17.65
0.8987336,-17.25
0.09873352,-16.75
-0.6012665,-16.25
-1.301267,-15.85
-2.001266,-15.35
-2.601267,-14.95
-3.201267,-14.45
-3.801266,-13.95
-4.401267,-13.35
-4.801267,-12.85
-5.301267,-12.15
-5.701267,-11.45
-6.101266,-10.75
-6.401267,-9.949997
-6.801267,-9.149997
-7.001266,-8.349998
-7.201267,-7.449997
-7.301267,-6.549997
-7.501266,-5.549997
-7.401267,-4.649997
-7.401267,-3.749997
-7.301267,-2.949997
-7.201267,-2.049997
-6.901267,-1.249997
-6.701267,-0.549997
-6.401267,0.1500031
-6.101266,0.8500031
-5.701267,1.450003
-5.401267,1.950003
-5.001266,2.450003
-4.701267,2.950003
-4.301267,3.350003
-3.901267,3.750003
-3.601267,4.050003
-3.201267,4.350003
-2.901267,4.550003
-2.501266,4.750003
-2.101267,4.850003
-1.801267,5.050003
-1.501266,5.050003
-1.201267,5.250003
-0.8012665,5.250003
-0.5012665,5.350003
-0.1012665,5.250003
0.1987335,5.350003
0.5987335,5.250003
0.8987336,5.250003
1.298734,5.150003
1.598734,5.050003
1.998734,4.950003
2.298733,4.950003
17.49873,-24.05
16.29873,-24.85
15.09873,-25.35
13.99873,-25.55
12.79873,-25.65
11.69873,-25.45
10.49873,-25.25
9.398734,-24.85
8.498734,-24.35
7.498734,-23.95
6.498734,-23.35
5.598733,-22.85
4.598733,-22.35
3.698734,-21.75
2.798733,-21.05
1.798734,-20.55
0.8987336,-19.95
-0.001266479,-19.45
-0.8012665,-18.95
-1.601267,-18.35
-2.301266,-17.85
-3.001266,-17.25
-3.701267,-16.65
-4.301267,-15.95
-4.801267,-15.15
-5.301267,-14.45
-5.701267,-13.65
-6.201267,-12.75
-6.501266,-11.85
-6.901267,-10.85
-7.201267,-9.749997
-7.401267,-8.649997
-7.601266,-7.549997
-7.801267,-6.449997
-7.801267,-5.349997
-7.801267,-4.149997
-7.701267,-3.149997
-7.501266,-2.049997
-7.201267,-1.149997
-6.901267,-0.149997
-6.601266,0.6500031
-6.201267,1.450003
-5.701267,2.150003
-5.301267,2.950003
-4.801267,3.450003
-4.401267,4.150003
-3.801266,4.550003
-3.301266,5.050003
-3.001266,5.450003
-2.501266,5.850003
-2.201267,5.950003
-1.801267,6.150003
-1.401266,6.250003
-1.101267,6.450003
-0.8012665,6.350003
-0.5012665,6.550003
-0.2012665,6.450003
0.1987335,6.550003
0.4987335,6.550003
0.8987336,6.650003
1.198734,6.550003
1.698734,6.650003
1.998734,6.450003
2.498734,6.550003
2.898734,6.450003
3.298733,6.450003
3.698734,6.350003
4.098733,6.450003
17.19873,-24.95
16.09873,-25.95
14.89873,-26.75
13.69873,-27.15
12.49873,-27.35
11.39873,-27.35
10.29873,-27.05
9.298734,-26.75
8.398734,-26.25
7.498734,-25.75
6.698734,-25.25
5.698734,-24.65
4.898734,-24.15
3.898734,-23.55
2.998734,-22.95
1.998734,-22.45
1.098734,-21.75
0.1987335,-21.15
-0.7012665,-20.35
-1.601267,-19.75
-2.301266,-19.05
-3.001266,-18.25
-3.601267,-17.45
-4.301267,-16.65
-4.801267,-15.85
-5.301267,-14.95
-5.801267,-14.05
-6.201267,-12.95
-6.601266,-11.85
-6.901267,-10.65
-7.101266,-9.549997
-7.401267,-8.249997
-7.501266,-6.949997
-7.601266,-5.649997
-7.501266,-4.449997
-7.501266,-3.249997
-7.301267,-2.149997
-7.101266,-0.9499969
-6.901267,0.05000305
-6.601266,1.050003
-6.101266,2.050003
-5.801267,3.050003
-5.401267,3.850003
-4.901267,4.750003
-4.401267,5.450003
-3.901267,6.150003
-3.301266,6.750003
-2.801266,7.250003
-2.201267,7.550003
-1.801267,7.850003
-1.301267,7.850003
-0.9012665,8.050003
-0.5012665,8.050003
-0.1012665,8.050003
0.1987335,8.050003
0.5987335,8.050003
0.9987335,8.050003
1.398733,8.050003
1.798734,8.050003
2.298733,8.050003
2.798733,8.050003
3.198734,8.050003
3.698734,7.950003
4.198734,7.950003
4.698734,7.950003
5.198734,7.850003
5.698734,7.850003
6.198734,7.850003
17.39873,-24.65
16.49873,-26.15
15.39873,-27.25
14.19873,-27.85
13.09873,-28.25
11.99873,-28.25
10.99873,-28.05
10.09873,-27.65
9.298734,-27.25
8.498734,-26.75
7.798734,-26.35
6.998734,-25.95
6.198734,-25.55
5.298734,-25.15
4.298734,-24.75
3.298733,-24.15
2.398734,-23.45
1.398733,-22.85
0.3987335,-21.95
-0.4012665,-21.15
-1.201267,-20.25
-2.001266,-19.35
-2.701267,-18.45
-3.301266,-17.45
-3.901267,-16.55
-4.501266,-15.55
-5.001266,-14.55
-5.601266,-13.45
-6.001266,-12.35
-6.401267,-11.05
-6.701267,-9.849998
-6.901267,-8.449997
-7.001266,-7.149997
-7.101266,-5.749997
-7.101266,-4.449997
-7.101266,-3.049997
-7.001266,-1.749997
-6.901267,-0.349997
-6.701267,0.8500031
-6.501266,2.150003
-6.201267,3.350003
-5.901267,4.650003
-5.601266,5.650003
-5.201267,6.750003
-4.701267,7.550003
-4.201267,8.350003
-3.701267,8.950004
-3.101267,9.250003
-2.601267,9.450004
-2.101267,9.650003
-1.701267,9.650003
-1.301267,9.750003
-0.9012665,9.550003
-0.5012665,9.650003
-0.2012665,9.550003
0.1987335,9.650003
0.5987335,9.550003
1.098734,9.650003
1.498734,9.650003
2.098734,9.750003
2.598734,9.650003
3.198734,9.750003
3.798733,9.650003
4.398734,9.750003
4.998734,9.650003
5.698734,9.750003
6.298734,9.650003
6.898734,9.750003
17.19873,-22.55
16.69873,-24.35
15.99873,-25.85
15.09873,-26.85
14.29873,-27.45
13.39873,-27.65
12.69873,-27.55
12.09873,-27.25
11.49873,-26.95
10.89873,-26.65
10.39873,-26.45
9.698733,-26.25
8.898734,-26.15
7.998734,-26.05
7.098733,-25.85
5.998734,-25.45
4.898734,-25.15
3.898734,-24.45
2.898734,-23.65
1.998734,-22.85
1.198734,-21.85
0.3987335,-20.95
-0.4012665,-19.85
-1.201267,-18.85
-1.901266,-17.85
-2.601267,-16.75
-3.301266,-15.55
-4.001266,-14.45
-4.501266,-13.15
-5.101266,-11.85
-5.501266,-10.55
-5.901267,-9.049997
-6.101266,-7.549997
-6.301267,-6.049997
-6.401267,-4.549997
-6.601266,-2.949997
-6.601266,-1.449997
-6.601266,0.1500031
-6.601266,1.550003
-6.501266,3.150003
-6.301267,4.450003
-6.101266,5.850003
-5.901267,6.950003
-5.601266,7.950003
-5.301267,8.650003
-5.001266,9.150003
-4.701267,9.450004
-4.501266,9.550003
-4.301267,9.550003
-4.101266,9.550003
-3.801266,9.550003
-3.601267,9.450004
-3.301266,9.550003
-3.001266,9.750003
-2.601267,9.950004
-2.201267,10.25
-1.601267,10.45
-1.101267,10.85
-0.4012665,11.15
0.2987335,11.35
0.9987335,11.45
1.698734,11.55
2.498734,11.55
3.098734,11.65
3.698734,11.65
4.198734,11.75
4.698734,11.85
5.098733,12.05
16.49873,-18.65
16.59873,-20.55
16.49873,-22.45
16.19873,-23.75
15.89873,-24.75
15.49873,-25.25
15.29873,-25.65
15.09873,-25.65
14.79873,-25.75
14.59873,-25.65
14.19873,-25.85
13.59873,-25.85
12.89873,-26.05
11.89873,-26.15
10.89873,-26.15
9.698733,-26.05
8.598734,-25.85
7.498734,-25.45
6.498734,-25.05
5.598733,-24.25
4.698734,-23.45
3.798733,-22.55
2.998734,-21.55
1.998734,-20.55
1.098734,-19.45
0.09873352,-18.35
-0.8012665,-17.05
-1.701267,-15.85
-2.501266,-14.45
-3.201267,-13.05
-3.701267,-11.55
-4.201267,-9.949997
-4.601266,-8.249997
-4.901267,-6.649997
-5.201267,-5.049997
-5.501266,-3.349997
-5.801267,-1.549997
-6.001266,0.1500031
-6.201267,1.850003
-6.301267,3.550003
-6.401267,5.050003
-6.401267,6.350003
-6.401267,7.450003
-6.301267,8.250003
-6.301267,8.850003
-6.301267,9.050003
-6.301267,9.050003
-6.301267,8.850003
-6.301267,8.850003
-6.201267,8.750003
-6.101266,8.850003
-5.901267,9.150003
-5.601266,9.550003
-5.101266,9.950004
-4.701267,10.45
-4.101266,10.95
-3.501266,11.45
-2.801266,11.95
-2.201267,12.15
-1.401266,12.45
-0.8012665,12.45
-0.1012665,12.55
0.4987335,12.55
0.9987335,12.65
1.298734,12.75
1.598734,12.95
1.598734,13.15
1.798734,13.15
15.79873,-14.45
16.29873,-16.25
16.69873,-18.05
16.89873,-19.45
17.19873,-20.75
17.39873,-21.75
17.59873,-22.55
17.89873,-23.15
18.19873,-23.65
18.29873,-24.15
18.29873,-24.65
17.99873,-25.15
17.49873,-25.55
16.79873,-25.85
15.79873,-26.15
14.79873,-26.25
13.79873,-26.35
12.79873,-26.15
11.79873,-25.85
10.89873,-25.55
9.898734,-25.05
8.898734,-24.45
7.698734,-23.65
6.398734,-22.75
5.098733,-21.65
3.698734,-20.45
2.398734,-19.05
1.198734,-17.65
0.1987335,-16.15
-0.7012665,-14.65
-1.401266,-13.05
-2.101267,-11.55
-2.601267,-9.949997
-3.201267,-8.349998
-3.701267,-6.549997
-4.301267,-4.849997
-4.801267,-2.949997
-5.301267,-1.049997
-5.801267,0.8500031
-6.301267,2.550003
-6.701267,4.250003
-7.101266,5.450003
-7.301267,6.650003
-7.501266,7.350003
-7.601266,7.950003
-7.701267,8.050003
-7.801267,8.150003
-7.701267,8.150003
-7.701267,8.250003
-7.501266,8.450004
-7.301267,8.950004
-7.101266,9.550003
-6.601266,10.25
-6.201267,11.05
-5.601266,11.65
-5.201267,12.15
-4.601266,12.45
-4.201267,12.65
-3.701267,12.75
-3.201267,12.75
-2.801266,12.85
-2.301266,12.95
-1.801267,13.15
-1.501266,13.35
-1.301267,13.35
-1.201267,13.25
-1.201267,13.05
-1.101267,12.65
15.69873,-10.45
16.49873,-11.95
17.09873,-13.55
17.69873,-14.95
18.29873,-16.55
18.79873,-17.75
19.29873,-19.05
19.89873,-20.05
20.29873,-21.15
20.79873,-21.95
20.99873,-22.95
21.09873,-23.75
20.99873,-24.65
20.59873,-25.35
19.99873,-26.05
19.39873,-26.55
18.59873,-26.85
17.89873,-27.05
17.09873,-27.25
16.29873,-27.15
15.39873,-26.95
14.19873,-26.65
12.89873,-25.95
11.19873,-25.15
9.598734,-23.95
7.798734,-22.75
6.298734,-21.15
4.798734,-19.75
3.598734,-18.05
2.498734,-16.75
1.598734,-15.15
0.5987335,-13.85
-0.3012665,-12.25
-1.201267,-10.65
-2.101267,-8.849998
-3.001266,-7.049997
-3.701267,-5.049997
-4.601266,-3.149997
-5.301267,-1.149997
-6.001266,0.5500031
-6.701267,2.250003
-7.301267,3.750003
-7.901267,5.050003
-8.301267,5.950003
-8.501266,6.650003
-8.501266,7.050003
-8.501266,7.250003
-8.301267,7.450003
-8.101267,7.750003
-7.901267,8.250003
-7.601266,9.050003
-7.301267,9.950004
-7.001266,10.75
-6.701267,11.65
-6.301267,12.25
-6.001266,12.45
-5.701267,12.55
-5.401267,12.45
-5.201267,12.35
-4.901267,12.35
-4.701267,12.55
-4.301267,12.75
-4.001266,13.25
-3.701267,13.55
-3.501266,13.85
-3.301266,13.65
-3.101267,13.45
-2.701267,12.95
15.09873,-6.049997
16.09873,-7.249997
17.19873,-8.549997
18.09873,-10.05
19.09873,-11.55
19.99873,-13.05
20.89873,-14.55
21.69873,-15.95
22.49873,-17.35
23.09873,-18.65
23.69873,-19.95
23.99873,-21.25
24.09873,-22.55
23.89873,-23.65
23.59873,-24.75
23.09873,-25.65
22.49873,-26.45
21.89873,-27.05
21.29873,-27.65
20.49873,-28.05
19.59873,-28.25
18.39873,-28.35
16.99873,-28.05
15.39873,-27.35
13.79873,-26.35
12.19873,-25.15
10.89873,-23.65
9.598734,-22.35
8.398734,-20.95
6.998734,-19.75
5.698734,-18.45
4.198734,-17.05
2.598734,-15.45
1.098734,-13.65
-0.2012665,-11.65
-1.401266,-9.649997
-2.301266,-7.549997
-3.201267,-5.649997
-4.001266,-3.749997
-4.801267,-1.949997
-5.601266,-0.149997
-6.401267,1.550003
-7.201267,3.150003
-7.801267,4.450003
-8.201266,5.550003
-8.401267,6.250003
-8.301267,6.750003
-8.001266,7.150003
-7.701267,7.550003
-7.401267,8.150003
-7.101266,8.950004
-7.001266,9.950004
-6.801267,10.95
-6.801267,11.65
-6.701267,12.25
-6.601266,12.35
-6.401267,12.35
-6.301267,12.25
-6.101266,12.15
-5.901267,12.25
-5.601266,12.45
-5.601266,12.75
-5.601266,13.15
-5.701267,13.55
-5.901267,13.85
-6.001266,13.85
-5.901267,13.65
-5.701267,13.35
13.49873,-2.749997
14.69873,-3.349997
15.89873,-4.149997
17.19873,-5.049997
18.59873,-6.149997
19.99873,-7.449997
21.39873,-9.049997
22.79873,-10.65
23.99873,-12.55
25.19873,-14.35
26.19873,-16.25
26.89873,-17.95
27.49873,-19.75
27.79873,-21.25
27.69873,-22.85
27.49873,-24.15
27.09873,-25.25
26.59873,-26.15
25.99873,-26.95
25.19873,-27.65
23.99873,-28.15
22.69873,-28.45
21.09873,-28.55
19.39873,-28.35
17.89873,-27.85
16.59873,-27.15
15.49873,-26.35
14.29873,-25.65
13.19873,-24.65
11.59873,-23.75
9.798734,-22.45
7.698734,-20.95
5.498734,-19.05
3.598734,-16.95
1.898733,-14.55
0.4987335,-12.25
-0.6012665,-9.949997
-1.501266,-7.949997
-2.301266,-6.049997
-3.101267,-4.449997
-3.901267,-2.649997
-4.801267,-0.9499969
-5.701267,1.050003
-6.601266,2.750003
-7.301267,4.350003
-7.701267,5.350003
-7.801267,6.250003
-7.701267,6.650003
-7.401267,7.150003
-7.101266,7.750003
-6.901267,8.650003
-6.801267,9.550003
-6.801267,10.65
-7.001266,11.45
-7.101266,12.05
-7.201267,12.25
-7.301267,12.35
-7.101266,12.25
-6.901267,12.25
-6.501266,12.45
-6.401267,12.65
-6.501266,12.85
-6.901267,13.05
-7.501266,13.15
-8.301267,13.25
-8.801267,12.95
-9.101267,12.65
-9.001266,12.35
13.29873,0.750003
14.59873,0.5500031
15.89873,0.2500031
17.39873,-0.2499969
18.99873,-1.049997
20.49873,-2.049997
22.09873,-3.449997
23.59873,-4.849997
24.99873,-6.649997
26.29873,-8.549997
27.49873,-10.55
28.59873,-12.65
29.49873,-14.85
30.09873,-17.05
30.59873,-19.25
30.99873,-21.25
31.09873,-23.15
30.99873,-24.65
30.79873,-26.05
30.19873,-27.05
29.39873,-27.95
28.19873,-28.45
26.79873,-28.75
25.19873,-28.95
23.79873,-29.15
22.39873,-29.15
21.09873,-29.15
19.69873,-28.95
17.89873,-28.65
15.79873,-27.85
13.39873,-26.45
10.89873,-24.65
8.398734,-22.45
6.298734,-20.05
4.398734,-17.45
2.798733,-14.95
1.498734,-12.45
0.3987335,-10.25
-0.4012665,-8.249997
-1.201267,-6.649997
-1.901266,-5.049997
-2.801266,-3.349997
-3.701267,-1.449997
-4.801267,0.5500031
-5.601266,2.550003
-6.401267,4.150003
-6.801267,5.450003
-6.901267,6.150003
-6.801267,6.650003
-6.701267,7.150003
-6.601266,7.750003
-6.601266,8.450004
-6.701267,9.450004
-6.901267,10.45
-7.201267,11.35
-7.401267,11.95
-7.501266,12.35
-7.501266,12.55
-7.301267,12.55
-6.901267,12.65
-6.601266,12.75
-6.601266,12.65
-7.001266,12.55
-7.901267,12.15
-8.901267,11.65
-9.701266,10.95
-10.10127,10.25
-9.901267,9.650003
13.09873,3.450003
14.49873,3.650003
15.99873,3.450003
17.59873,3.150003
19.29873,2.350003
20.99873,1.450003
22.69873,0.2500031
24.39873,-1.049997
25.99873,-2.649997
27.39873,-4.249997
28.69873,-6.149997
29.79873,-8.049997
30.79873,-10.25
31.69873,-12.45
32.39874,-14.95
32.99873,-17.55
33.39874,-20.15
33.69873,-22.55
33.79873,-24.85
33.79873,-26.75
33.39874,-28.55
32.69873,-29.75
31.79873,-30.55
30.69873,-31.05
29.49873,-31.45
28.29873,-31.85
26.79873,-32.15
24.99873,-32.35
22.69873,-31.95
19.89873,-31.25
17.09873,-29.75
14.39873,-27.95
11.89873,-25.55
9.598734,-23.15
7.498734,-20.35
5.598733,-17.75
3.898734,-14.95
2.498734,-12.55
1.498734,-10.25
0.5987335,-8.649997
-0.001266479,-7.049997
-0.9012665,-5.749997
-1.801267,-3.949997
-2.901267,-2.049997
-3.901267,0.3500031
-4.801267,2.450003
-5.401267,4.350003
-5.801267,5.550003
-5.801267,6.350003
-5.601266,6.650003
-5.501266,6.950003
-5.501266,7.250003
-5.701267,7.950003
-6.101266,8.950004
-6.401267,10.25
-6.801267,11.35
-7.101266,12.35
-7.101266,12.65
-6.901267,12.75
-6.701267,12.75
-6.401267,12.55
-6.101266,12.25
-6.201267,11.85
-6.701267,11.05
-7.501266,10.25
-8.201266,9.050003
-8.501266,7.950003
-8.201266,7.150003
14.69873,5.950003
16.19873,6.350003
17.89873,6.450003
19.69873,6.250003
21.89873,5.750003
24.09873,4.750003
26.39873,3.350003
28.39873,1.650003
30.19873,-0.349997
31.69873,-2.349997
32.99873,-4.549997
33.99873,-6.649997
34.89874,-8.849998
35.59874,-11.05
35.89874,-13.35
35.79873,-15.55
35.69873,-17.75
35.69873,-19.95
35.79873,-22.35
35.79873,-24.85
35.69873,-27.45
35.19873,-29.85
34.49873,-31.85
33.69873,-33.25
32.79873,-34.15
31.59873,-34.75
30.29873,-35.05
28.39873,-35.05
26.29873,-34.75
23.79873,-33.95
21.39873,-32.85
18.89873,-31.25
16.49873,-29.25
13.89873,-26.85
11.39873,-24.15
8.898734,-21.15
6.698734,-17.95
4.798734,-14.95
3.498734,-12.45
2.398734,-10.45
1.598734,-8.849998
0.8987336,-7.549997
0.09873352,-6.049997
-0.7012665,-4.149997
-1.601267,-1.849997
-2.601267,0.6500031
-3.301266,3.050003
-3.901267,4.850003
-4.001266,6.250003
-3.901267,6.650003
-3.601267,6.650003
-3.401267,6.550003
-3.301266,6.650003
-3.501266,7.250003
-3.901267,8.550003
-4.601266,10.05
-5.101266,11.35
-5.501266,12.05
-5.601266,12.35
-5.601266,12.05
-5.501266,11.65
-5.301267,11.25
-5.101266,10.75
-5.001266,10.15
-5.001266,9.350003
-5.201267,8.250003
-5.301267,7.150003
-5.001266,6.150003
16.79873,9.350003
18.69873,9.850003
20.79873,9.950004
23.19873,9.950004
25.79873,9.350003
28.39873,8.250003
30.79873,6.650003
32.89874,4.650003
34.59874,2.350003
36.09874,0.1500031
37.59874,-2.249997
38.89874,-4.649997
40.09874,-7.249997
40.99873,-9.749997
41.39874,-12.35
41.29873,-14.65
40.89874,-16.75
40.39874,-18.75
39.99873,-20.95
39.59874,-23.45
38.99873,-26.15
38.09874,-28.95
37.09874,-31.75
35.99873,-34.05
34.79873,-35.75
33.49873,-36.85
31.99873,-37.35
30.39873,-37.45
28.59873,-37.25
26.79873,-36.95
25.09873,-36.25
23.09873,-35.25
20.99873,-33.65
18.29873,-31.55
15.39873,-28.65
12.39873,-25.35
9.698733,-21.65
7.398734,-18.05
5.598733,-14.85
4.298734,-12.45
3.298733,-10.35
2.498734,-8.949997
1.998734,-7.249997
1.498734,-5.549997
1.098734,-3.349997
0.4987335,-1.049997
-0.1012665,1.450003
-0.8012665,3.650003
-1.401266,5.550003
-1.601267,6.350003
-1.501266,6.650003
-1.201267,6.350003
-0.8012665,6.050003
-0.7012665,6.250003
-0.9012665,7.150003
-1.401266,8.550003
-2.101267,10.15
-2.701267,11.05
-3.201267,11.55
-3.601267,11.15
-3.801266,10.85
-3.901267,10.25
-3.801266,10.05
-3.401267,9.650003
-3.101267,9.150003
-2.601267,8.450004
-2.201267,7.550003
-1.701267,6.850003
18.29873,12.95
20.59873,13.75
22.89873,14.35
25.39873,14.55
28.09873,14.15
30.89873,12.95
33.49873,10.95
35.39874,8.450004
36.89874,5.950003
38.09874,3.650003
39.59874,1.350003
41.09874,-1.249997
42.49873,-4.049997
43.59874,-6.749997
44.59874,-9.549997
45.49873,-12.25
46.39874,-15.35
46.89874,-18.35
46.89874,-21.35
46.09874,-24.15
44.79873,-26.85
43.09874,-29.35
41.29873,-31.85
39.39874,-34.15
37.49873,-36.35
35.49873,-37.85
33.59874,-38.85
31.89873,-39.35
30.39873,-39.55
28.89873,-39.75
27.39873,-39.65
25.69873,-39.25
23.89873,-38.05
21.49873,-36.15
18.79873,-33.45
15.89873,-29.95
12.99873,-25.95
10.39873,-21.75
8.298734,-17.85
6.598733,-14.65
5.398734,-11.95
4.498734,-9.849998
3.998734,-7.949997
3.698734,-5.949997
3.698734,-3.949997
3.698734,-1.849997
3.498734,0.2500031
3.098734,2.250003
2.598734,4.050003
1.998734,5.250003
1.598734,5.950003
1.398733,5.850003
1.298734,5.650003
1.298734,5.550003
1.198734,6.050003
0.7987335,7.150003
0.3987335,8.550003
-0.3012665,9.650003
-0.8012665,10.15
-1.101267,10.15
-1.301267,9.950004
-1.401266,9.550003
-1.401266,9.550003
-1.301267,9.550003
-1.101267,9.550003
-0.8012665,9.450004
-0.3012665,9.250003
0.3987335,9.150003
18.79873,17.25
20.79873,18.95
22.89873,19.95
25.09873,20.35
27.79873,19.75
30.89873,18.25
33.79873,15.85
36.09874,13.05
37.79873,10.15
39.09874,7.350003
40.39874,4.250003
41.59874,1.150003
42.69873,-1.949997
43.69873,-5.049997
44.39874,-8.349998
45.09874,-11.35
46.39874,-14.55
48.09874,-17.75
49.29873,-21.25
49.39874,-24.35
48.59874,-27.15
47.49873,-29.45
46.09874,-31.65
44.39874,-33.95
42.19873,-36.25
39.49873,-38.35
36.89874,-39.75
34.59874,-40.75
32.59874,-41.15
30.69873,-41.55
28.79873,-41.65
26.99873,-41.45
25.29873,-40.75
23.49873,-39.45
21.49873,-37.25
18.99873,-34.25
16.29873,-30.15
13.59873,-25.75
11.29873,-21.15
9.398734,-17.25
7.898734,-13.75
6.798734,-11.05
5.998734,-8.349998
5.698734,-6.049997
5.798734,-3.849997
5.998734,-1.749997
6.398734,-0.04999695
6.498734,1.450003
6.298734,2.950003
5.798734,3.950003
5.298734,4.750003
4.598733,4.950003
4.098733,4.950003
3.698734,4.850003
3.198734,5.150003
2.598734,5.850003
2.098734,7.050003
1.498734,8.150003
1.198734,9.050003
1.098734,9.250003
1.198734,9.150003
1.398733,8.850003
1.398733,8.650003
1.398733,8.750003
1.198734,9.050003
1.098734,9.350003
1.098734,9.850003
1.498734,10.35
16.89873,21.65
18.59873,23.05
20.59873,23.45
22.89873,23.15
25.69873,22.05
28.79873,20.45
31.89873,18.55
34.49873,16.35
36.79873,13.85
38.49873,10.75
39.69873,7.150003
40.69873,3.450003
41.49873,-0.349997
42.09874,-3.749997
42.19873,-6.949997
41.89874,-9.549997
42.49873,-11.85
44.59874,-14.45
46.89874,-17.95
48.09874,-21.85
48.29873,-25.45
48.19873,-28.35
48.29873,-31.15
47.99873,-34.05
46.89874,-36.85
44.59874,-39.45
41.69873,-41.45
38.59874,-42.35
35.79873,-42.65
33.09874,-42.35
30.59873,-41.95
28.49873,-41.65
26.79873,-41.35
25.29873,-40.55
23.89873,-39.15
22.09873,-36.85
19.89873,-33.45
17.49873,-29.25
15.09873,-24.65
13.09873,-20.25
11.39873,-16.25
9.798734,-12.75
8.698733,-9.449997
8.098734,-6.449997
7.898734,-3.749997
7.998734,-1.449997
8.398734,0.3500031
8.598734,1.650003
8.598734,2.550003
8.298734,3.050003
7.898734,3.450003
7.398734,3.650003
6.998734,3.750003
6.398734,3.850003
5.798734,4.250003
5.098733,4.850003
4.398734,5.850003
3.598734,7.050003
3.298733,8.250003
3.398734,8.950004
3.898734,8.950004
4.298734,8.450004
4.598733,7.950003
4.498734,7.650003
4.198734,7.750003
3.898734,8.350003
3.798733,9.250003
4.098733,10.45
14.79873,23.35
16.79873,23.75
19.19873,23.55
22.09873,22.75
24.79873,21.45
27.29873,19.75
29.49873,18.05
31.59873,16.35
33.69873,14.25
35.29873,11.25
35.99873,7.750003
36.39874,3.850003
37.09874,0.1500031
38.09874,-3.049997
38.49873,-5.749997
38.19873,-7.949997
38.09874,-10.35
39.79873,-13.45
42.59874,-17.55
44.79873,-22.15
45.49873,-26.95
45.29873,-30.85
45.29873,-34.05
45.89874,-36.55
46.29873,-39.15
45.49873,-41.55
43.79873,-43.75
41.29873,-44.95
38.39874,-45.05
35.39874,-44.05
32.69873,-42.75
30.39873,-41.75
28.59873,-41.25
27.29873,-40.85
26.19873,-40.05
24.99873,-38.35
23.59873,-35.65
21.69873,-32.05
19.69873,-27.95
17.59873,-23.55
15.49873,-19.35
13.59873,-15.15
12.09873,-11.25
10.99873,-7.549997
10.49873,-4.249997
10.39873,-1.449997
10.39873,0.4500031
10.29873,1.550003
9.898734,2.350003
9.498734,2.550003
9.198733,2.850003
9.098734,2.950003
9.098734,3.150003
8.998734,3.250003
8.598734,3.550003
8.098734,4.050003
7.498734,5.050003
6.598733,6.150003
6.098733,7.650003
6.198734,8.550003
6.598733,8.750003
6.998734,8.150003
7.198734,7.550003
7.198734,7.150003
6.898734,7.350003
6.798734,8.350003
7.098733,9.950004
7.998734,11.65
15.29873,22.45
17.19873,23.45
19.49873,24.25
21.99873,24.25
24.29873,23.25
25.79873,21.05
26.59873,18.45
27.39873,16.05
28.79873,13.85
30.09873,10.85
30.49873,7.250003
29.89873,3.150003
29.39873,-0.549997
29.89873,-3.449997
30.79873,-5.849997
31.29873,-8.249997
31.79873,-11.25
33.19873,-15.25
35.59874,-19.75
37.69873,-24.35
38.59874,-28.85
37.99873,-32.75
37.09874,-35.95
37.09874,-37.95
37.99873,-39.65
39.09874,-41.55
39.59874,-44.05
38.89874,-45.95
37.39874,-46.85
35.29873,-45.75
33.39874,-43.85
31.69873,-41.95
30.29873,-40.65
29.19873,-40.05
28.29873,-39.55
27.39873,-38.55
26.69873,-36.75
25.69873,-34.05
24.49873,-30.75
22.49873,-26.95
20.29873,-22.75
18.19873,-18.25
16.29873,-13.85
14.89873,-9.549997
13.99873,-5.649997
13.49873,-2.549997
13.19873,-0.349997
12.49873,0.6500031
11.79873,1.250003
10.89873,1.850003
10.59873,2.650003
10.79873,3.250003
11.29873,3.650003
11.69873,3.650003
11.99873,3.450003
11.89873,3.350003
11.49873,3.950003
10.79873,5.150003
10.09873,6.650003
9.698733,7.750003
9.698733,8.050003
9.598734,7.550003
9.398734,6.850003
8.998734,6.850003
8.998734,7.650003
9.298734,9.350003
10.29873,11.45
11.59873,13.45
17.09873,23.35
18.09873,24.75
19.19873,25.75
20.59873,25.75
21.79873,24.65
22.59873,22.15
22.79873,19.15
22.99873,16.25
23.59873,13.45
24.49873,10.25
24.59873,6.650003
23.59873,2.850003
22.39873,-0.4499969
22.29873,-3.149997
22.59873,-5.749997
23.39873,-8.049997
24.19873,-10.95
25.69873,-14.25
27.49873,-17.95
29.09873,-21.75
29.79873,-25.75
29.39873,-29.45
28.59873,-32.85
28.29873,-35.65
28.89873,-37.85
30.39873,-39.85
31.99873,-42.35
32.69873,-44.75
32.69873,-46.35
32.19873,-45.85
31.79873,-43.95
31.59873,-41.35
31.49873,-39.45
30.89873,-38.45
30.19873,-38.15
29.39873,-37.65
28.89873,-36.75
28.69873,-34.95
28.19873,-32.65
26.79873,-29.45
24.99873,-25.55
22.99873,-21.25
21.09873,-16.85
19.39873,-12.25
17.99873,-7.749997
17.19873,-4.249997
16.79873,-1.949997
16.09873,-0.9499969
15.19873,-0.349997
13.99873,0.750003
13.39873,2.350003
13.69873,3.850003
14.49873,4.850003
15.39873,4.850003
16.09873,4.250003
16.49873,3.350003
16.29873,2.950003
15.59873,3.550003
14.59873,5.050003
13.79873,6.450003
13.39873,7.350003
12.99873,7.150003
12.59873,6.850003
12.29873,7.150003
12.29873,8.450004
12.89873,10.35
13.99873,12.55
15.19873,14.45
18.69873,24.85
18.69873,25.35
18.49873,25.25
18.39873,24.45
18.39873,23.05
18.49873,20.65
18.49873,18.05
18.79873,15.35
19.69873,12.45
20.29873,8.850003
19.99873,4.950003
18.59873,1.650003
17.29873,-0.849997
16.99873,-3.049997
16.99873,-5.449997
16.69873,-7.949997
16.89873,-10.65
18.09873,-13.55
19.69873,-16.75
21.39873,-20.35
22.39873,-24.25
22.49873,-27.75
22.49873,-30.75
22.59873,-33.15
22.79873,-35.25
23.09873,-36.75
23.89873,-38.25
24.99873,-39.95
25.99873,-41.55
26.99873,-41.85
28.19873,-41.05
29.69873,-39.15
31.19873,-37.35
31.99873,-36.05
32.09874,-35.45
31.49873,-35.35
31.09873,-35.15
30.99873,-34.25
30.79873,-32.75
30.19873,-30.15
29.19873,-27.15
27.79873,-23.55
26.29873,-19.65
24.29873,-15.05
22.69873,-10.25
21.59873,-6.149997
21.29873,-3.649997
20.99873,-2.649997
20.29873,-1.949997
19.19873,-0.6499969
18.59873,1.350003
18.59873,3.450003
19.09873,5.050003
19.79873,5.350003
20.49873,5.050003
21.09873,3.850003
21.39873,2.750003
20.99873,2.250003
19.99873,2.850003
18.79873,4.250003
17.99873,5.850003
17.49873,6.650003
17.39873,7.350003
17.39873,8.150003
17.69873,9.450004
18.29873,11.25
18.89873,13.15
19.69873,14.85
19.49873,24.35
18.79873,23.75
17.69873,22.85
16.59873,21.65
15.79873,20.45
15.49873,18.35
15.39873,15.95
15.89873,13.35
16.79873,10.35
17.29873,6.750003
16.29873,3.150003
14.39873,0.1500031
12.79873,-1.949997
12.39873,-4.149997
12.09873,-6.749997
11.39873,-9.549997
10.99873,-12.45
11.59873,-14.95
12.59873,-17.95
13.79873,-21.15
14.89873,-24.55
15.69873,-27.65
16.09873,-30.05
16.59873,-31.45
16.89873,-32.85
16.89873,-33.65
17.19873,-34.35
18.39873,-35.45
19.79873,-36.95
21.49873,-37.65
23.59873,-37.65
26.09873,-36.45
28.99873,-35.05
31.39873,-33.65
33.09874,-33.05
33.49873,-32.95
33.39874,-33.15
33.29873,-32.95
33.19873,-32.15
32.99873,-30.45
32.69873,-28.35
31.89873,-25.55
30.59873,-22.05
28.79873,-17.35
27.19873,-12.35
26.29873,-8.149997
26.09873,-5.449997
25.79873,-4.049997
25.39873,-2.949997
24.79873,-1.249997
24.59873,0.750003
24.59873,2.650003
24.69873,4.050003
24.79873,4.450003
24.79873,4.550003
24.99873,4.050003
25.39873,3.150003
25.69873,1.950003
25.39873,1.450003
24.49873,1.950003
23.49873,3.650003
22.89873,5.350003
22.49873,7.050003
22.39873,8.550003
22.69873,10.25
23.29873,11.95
23.89873,13.55
24.59873,15.15
19.99873,22.05
18.89873,21.05
17.29873,19.55
15.19873,18.35
13.49873,17.45
12.89873,15.95
13.09873,13.75
13.99873,11.15
14.99873,8.150003
14.89873,4.650003
13.49873,1.250003
11.19873,-1.449997
9.098734,-3.649997
7.898734,-5.849997
6.898734,-8.449997
6.198734,-11.05
5.898734,-13.35
5.798734,-15.25
5.698734,-17.05
5.798734,-19.25
6.198734,-22.15
6.698734,-25.15
7.098733,-27.65
7.498734,-29.25
8.098734,-30.25
8.898734,-30.55
9.598734,-31.05
10.69873,-32.05
12.19873,-33.15
14.39873,-33.45
17.29873,-33.25
21.09873,-32.25
25.19873,-31.35
28.99873,-30.65
32.09874,-30.45
33.69873,-30.65
34.59874,-30.85
34.99873,-30.95
35.39874,-30.75
35.49873,-29.95
35.39874,-28.65
34.79873,-26.05
33.89874,-22.55
32.59874,-18.05
31.69873,-13.55
30.99873,-10.05
30.39873,-7.449997
29.59873,-5.149997
29.19873,-2.949997
29.19873,-0.6499969
29.49873,1.350003
29.89873,2.550003
30.19873,3.150003
30.19873,3.150003
29.79873,3.050003
28.89873,3.050003
28.49873,3.150003
28.99873,2.550003
29.69873,1.550003
29.59873,0.9500031
28.79873,1.550003
27.99873,3.450003
27.59873,5.850003
27.59873,8.150003
28.09873,10.25
28.89873,12.15
29.99873,14.05
30.99873,15.85
19.69873,18.95
18.59873,18.05
17.19873,16.75
14.79873,15.35
12.09873,14.45
10.69873,13.35
10.89873,11.75
12.49873,9.350003
13.79873,6.550003
13.59873,2.850003
11.79873,-0.849997
9.198733,-3.649997
6.498734,-5.749997
4.098733,-7.549997
2.098734,-9.649997
1.498734,-11.85
1.798734,-13.55
1.798734,-14.45
0.6987335,-15.15
-0.8012665,-16.45
-1.801267,-18.65
-2.001266,-20.95
-1.901266,-22.85
-1.801267,-23.85
-1.601267,-24.55
-0.4012665,-24.65
1.298734,-24.75
3.498734,-25.05
6.098733,-25.45
9.398734,-25.45
13.19873,-25.45
17.69873,-25.25
22.19873,-25.35
26.29873,-25.35
29.89873,-25.65
32.49873,-25.95
34.49873,-26.45
36.29873,-27.05
37.79873,-27.75
38.49873,-27.95
38.59874,-27.35
38.29873,-25.25
37.79873,-22.35
36.99873,-18.55
36.19873,-14.95
35.19873,-11.95
34.09874,-9.249997
32.99873,-6.149997
32.59874,-3.149997
32.89874,-0.549997
33.29873,1.350003
33.59874,2.550003
34.19873,3.050003
34.99873,2.650003
34.79873,2.050003
33.29873,2.050003
31.69873,2.850003
31.59873,3.350003
32.39874,3.050003
32.59874,1.850003
31.99873,1.650003
31.79873,3.350003
32.49873,6.050003
33.99873,8.750003
35.69873,11.15
36.89874,13.15
37.79873,15.25
38.59874,17.25
18.69873,16.55
17.89873,16.75
17.29873,15.95
15.39873,14.35
12.59873,12.85
10.09873,11.15
9.398734,9.650003
10.89873,7.950003
12.69873,5.550003
12.89873,1.850003
11.39873,-2.649997
8.598734,-6.549997
5.598733,-8.949997
2.498734,-10.25
-0.1012665,-11.85
-1.001266,-14.25
-0.9012665,-16.65
-1.501266,-17.65
-3.501266,-17.65
-5.701267,-18.05
-6.901267,-19.35
-7.401267,-20.85
-7.601266,-21.65
-7.401267,-21.55
-6.601266,-21.25
-5.101266,-20.55
-2.901267,-19.65
-0.3012665,-18.85
2.798733,-18.25
6.398734,-17.65
10.29873,-17.25
14.49873,-16.95
18.69873,-17.05
22.89873,-17.25
26.99873,-17.75
30.69873,-18.65
34.29873,-19.95
37.99873,-21.65
40.99873,-23.55
42.59874,-25.05
43.39874,-25.95
43.09874,-25.25
42.19873,-22.85
40.79873,-19.15
39.99873,-15.25
39.59874,-12.15
39.09874,-9.449997
38.49873,-6.749997
38.19873,-4.149997
37.99873,-1.849997
37.49873,0.1500031
37.39874,1.650003
37.99873,2.350003
38.79873,2.150003
38.89874,1.650003
37.39874,1.750003
35.59874,2.650003
34.99873,3.750003
35.39874,4.150003
35.49873,3.850003
35.19873,4.050003
35.79873,5.750003
37.99873,8.250003
40.89874,10.75
43.19873,12.95
43.89874,14.95
43.89874,17.15
44.29873,19.65
16.89873,15.75
16.69873,16.55
16.59873,16.35
15.99873,14.75
14.09873,12.65
11.29873,10.15
9.398734,8.150003
9.998734,6.650003
11.49873,4.750003
12.19873,1.250003
11.19873,-3.649997
8.898734,-9.049997
5.998734,-12.75
2.698734,-14.05
-0.2012665,-14.95
-1.701267,-17.05
-2.701267,-19.55
-4.501266,-20.35
-7.801267,-19.85
-10.20127,-19.95
-11.60127,-20.85
-12.20127,-21.75
-12.40127,-21.85
-11.40127,-20.75
-10.10127,-19.25
-8.501266,-16.75
-6.501266,-14.55
-4.001266,-12.25
-0.9012665,-10.15
2.798733,-8.749997
7.198734,-8.049997
11.79873,-7.349997
16.59873,-7.049997
21.69873,-7.249997
26.69873,-8.349998
31.49873,-9.849998
35.99873,-12.05
40.39874,-14.65
44.09874,-17.65
46.59874,-20.45
48.09874,-22.85
48.29873,-23.25
47.19873,-21.65
45.69873,-18.05
45.49873,-14.15
46.39874,-11.25
46.79873,-9.449997
45.99873,-7.849997
44.89874,-6.149997
43.29873,-3.549997
42.19873,-0.749997
42.39874,1.250003
43.19873,2.150003
43.79873,2.050003
43.49873,1.750003
41.99873,1.650003
40.39874,2.250003
40.09874,2.950003
40.49873,3.550003
40.79873,4.050003
40.89874,5.350003
41.79873,7.150003
43.99873,9.250003
46.29873,11.15
47.49873,12.95
47.19873,15.15
47.19873,18.15
48.79873,21.65
14.99873,15.35
15.29873,16.05
15.69873,15.75
15.79873,14.65
15.29873,13.15
13.39873,10.65
11.19873,7.950003
10.39873,5.450003
10.99873,3.250003
11.49873,0.4500031
11.19873,-4.049997
9.698733,-10.15
7.698734,-15.65
4.898734,-17.95
1.698734,-18.35
-0.9012665,-18.95
-3.101267,-20.05
-5.501266,-19.35
-8.301267,-17.85
-10.20127,-17.65
-11.20127,-18.35
-11.90127,-18.35
-12.20127,-17.25
-12.30127,-15.55
-11.70127,-13.25
-10.10127,-10.45
-7.901267,-7.849997
-4.501266,-4.949997
0.09873352,-2.449997
5.198734,-0.849997
10.99873,0.6500031
17.39873,1.950003
24.19873,2.650003
30.89873,2.150003
37.09874,0.8500031
42.29873,-1.349997
46.69873,-4.149997
50.39874,-7.249997
53.19873,-10.75
54.89873,-14.25
55.79873,-17.45
55.79873,-19.35
54.49873,-19.55
52.59873,-17.85
52.09873,-15.45
52.69873,-13.45
52.29873,-12.25
50.19873,-10.75
47.99873,-8.249997
46.29873,-4.249997
45.69873,-0.4499969
46.39874,1.950003
47.69873,2.950003
48.19873,2.550003
47.59874,1.850003
46.19873,1.550003
45.09874,1.750003
45.19873,2.150003
45.99873,2.650003
46.49873,3.550003
46.59874,4.950003
47.29873,7.050003
49.29873,9.550003
51.29873,11.35
51.89873,12.95
51.79873,16.15
53.19873,20.65
56.69873,25.15
14.09873,15.25
15.19873,15.85
15.39873,15.65
15.39873,15.05
15.49873,14.15
14.99873,12.05
13.49873,8.850003
12.29873,5.050003
11.79873,1.650003
11.79873,-1.249997
11.49873,-4.749997
10.79873,-10.45
9.698733,-17.05
7.898734,-21.15
5.098733,-21.95
1.598734,-21.15
-1.501266,-20.95
-3.601267,-19.75
-5.101266,-17.65
-6.001266,-16.45
-7.001266,-16.65
-7.801267,-16.45
-8.701266,-15.05
-9.601267,-12.85
-9.201266,-10.65
-7.701267,-7.949997
-5.201267,-4.149997
-0.8012665,0.3500031
4.498734,3.950003
10.79873,6.750003
18.29873,10.15
26.79873,12.55
35.59874,13.35
43.39874,11.85
49.89874,9.150003
55.19873,5.450003
59.59873,1.450003
63.09873,-2.549997
65.79873,-6.549997
67.39874,-10.35
67.89874,-14.15
67.29873,-17.25
64.89874,-19.55
60.99873,-20.05
57.99873,-19.25
55.89873,-17.35
53.09873,-14.95
50.19873,-11.75
48.49873,-7.949997
47.89874,-3.949997
47.79873,-0.349997
48.89874,1.850003
50.49873,2.450003
51.29873,1.950003
51.09874,1.350003
50.19873,1.250003
49.69873,1.850003
50.19873,2.850003
51.29873,3.950003
52.29873,5.050003
52.99873,6.450003
54.09873,8.950004
56.69873,11.95
59.39873,14.35
60.29873,16.45
60.09873,20.15
61.79873,24.65
64.69873,27.35
14.59873,17.55
15.29873,18.25
14.79873,17.85
14.29873,16.75
14.89873,15.45
15.79873,13.15
15.99873,9.650003
15.39873,5.150003
14.59873,0.5500031
13.69873,-3.249997
13.09873,-6.449997
12.39873,-10.95
11.69873,-17.25
10.69873,-22.75
9.098734,-24.85
6.298734,-23.85
3.298733,-23.05
0.8987336,-22.35
-0.9012665,-20.65
-2.401267,-19.35
-4.401267,-18.85
-6.301267,-17.75
-7.401267,-15.25
-7.801267,-12.35
-7.201267,-9.549997
-5.101266,-5.149997
-1.501266,1.150003
3.898734,7.750003
10.59873,12.45
18.79873,17.05
27.39873,21.05
35.99873,22.65
44.39874,21.55
50.29873,17.85
54.69873,13.35
58.29873,8.950004
61.49873,4.550003
64.69873,0.5500031
67.89874,-3.349997
70.79873,-6.949997
73.09873,-10.45
74.59873,-13.75
74.49873,-16.85
72.09873,-19.15
69.09873,-20.45
65.09873,-19.75
60.39873,-17.15
56.89873,-13.35
55.59873,-9.149997
55.79873,-5.449997
56.09873,-2.649997
56.89873,-1.149997
58.09873,-0.349997
58.99873,-0.04999695
59.49873,0.05000305
59.09873,0.4500031
58.79873,1.550003
59.59873,3.150003
61.09873,4.950003
62.69873,6.650003
64.09873,8.350003
65.29873,10.25
66.89874,12.25
68.19873,14.25
67.59873,16.75
65.59873,19.85
64.79873,22.05
63.69873,22.35
13.39873,21.05
13.09873,21.05
12.29873,20.05
12.79873,18.55
14.29873,16.55
16.49873,13.95
18.29873,10.25
18.79873,5.450003
18.29873,-0.04999695
16.89873,-5.049997
15.59873,-8.849998
14.49873,-12.35
13.59873,-17.55
12.89873,-23.65
12.09873,-27.05
10.39873,-26.65
7.998734,-25.05
5.798734,-24.15
3.198734,-23.35
-0.9012665,-23.05
-4.501266,-22.05
-6.301267,-18.75
-5.801267,-13.95
-4.501266,-10.25
-3.301266,-6.549997
-1.001266,0.05000305
3.298733,8.850003
10.79873,17.35
20.39873,23.85
30.49873,28.85
37.79873,30.35
44.39874,28.35
50.69873,24.35
54.59873,18.65
56.99873,12.95
58.39873,8.050003
59.49873,4.050003
60.89873,0.6500031
62.89873,-2.449997
65.49873,-5.249997
67.99873,-7.949997
70.59873,-10.05
72.89874,-12.15
74.29873,-14.25
74.99873,-16.45
73.69873,-17.65
71.19873,-17.35
69.29873,-15.25
69.09873,-12.25
69.49873,-9.249997
69.59873,-6.549997
70.19873,-4.649997
71.09873,-3.149997
71.89874,-2.449997
72.09873,-1.949997
71.19873,-1.549997
70.39874,-0.349997
70.69873,1.350003
71.69873,3.150003
72.29873,4.750003
72.69873,6.150003
72.39874,7.050003
71.39874,8.050003
69.09873,9.750003
65.29873,12.85
61.39873,15.55
58.49873,16.75
54.39873,16.85
8.498734,19.95
8.298734,19.95
9.298734,19.65
11.69873,18.75
14.29873,17.55
16.99873,15.75
19.59873,12.45
21.39873,7.050003
21.89873,0.6500031
20.89873,-5.649997
19.29873,-10.95
17.69873,-14.65
16.09873,-18.45
14.89873,-23.85
13.89873,-28.15
12.19873,-28.55
10.09873,-26.65
9.198733,-25.25
7.698734,-26.35
1.898733,-27.85
-2.801266,-24.85
-2.901267,-17.45
-0.8012665,-10.05
0.3987335,-7.349997
1.198734,-3.549997
4.198734,4.250003
10.29873,14.25
19.19873,24.95
29.79873,34.15001
38.69873,38.25
44.59874,36.85
49.69873,32.55
54.59873,27.25
57.79873,21.35
59.89873,15.05
60.49873,8.950004
60.19873,3.350003
59.79873,-0.6499969
60.09873,-3.949997
61.29873,-6.949997
62.59873,-9.349998
63.69873,-10.85
64.99873,-11.35
66.59873,-11.55
68.49873,-11.75
69.59873,-11.65
69.79873,-11.45
70.49873,-10.55
72.19873,-9.349998
73.79873,-7.349997
75.09873,-5.349997
76.19873,-4.049997
76.99873,-3.549997
76.89874,-3.149997
76.29873,-2.349997
74.59873,-1.449997
72.59873,-0.6499969
70.99873,0.05000305
70.29873,0.8500031
69.29873,1.250003
67.99873,1.950003
65.99873,3.150003
63.29873,4.950003
59.09873,7.250003
54.19873,10.15
50.49873,12.45
47.89874,13.95
44.89874,14.95
3.598734,16.45
4.698734,17.35
7.798734,18.45
11.79873,18.85
14.69873,18.45
16.59873,17.45
19.19873,14.95
22.29873,9.950004
24.19873,3.050003
24.29873,-4.449997
23.49873,-11.45
21.99873,-16.65
19.69873,-20.25
17.49873,-24.15
15.79873,-28.15
13.59873,-29.55
11.19873,-27.75
11.79873,-26.55
11.79873,-29.75
5.598733,-31.55
-0.1012665,-24.35
0.2987335,-13.05
2.098734,-6.349997
3.098734,-5.549997
5.898734,-1.249997
12.89873,8.250003
20.89873,18.55
27.59873,29.75
34.39874,39.05
41.29873,41.75
47.29873,40.15001
52.59873,36.35
56.69873,31.25
58.99873,25.65
60.69873,19.75
61.29873,13.45
60.39873,6.950003
58.79873,1.750003
58.19873,-2.249997
58.89873,-5.349997
59.79873,-7.949997
60.79873,-9.349998
61.79873,-10.25
62.79873,-10.55
63.59873,-10.45
63.79873,-9.649997
63.79873,-8.749997
64.59873,-7.649997
66.09873,-6.449997
67.59873,-4.749997
68.99873,-3.549997
70.29873,-2.849997
70.79873,-2.649997
69.69873,-1.949997
68.19873,-0.749997
66.69873,0.1500031
64.69873,-0.04999695
62.29873,-0.549997
60.19873,-0.749997
58.49873,-0.4499969
56.59873,0.5500031
54.29873,2.450003
51.79873,4.650003
48.49873,6.250003
44.99873,7.750003
42.19873,9.750003
40.49873,12.25
39.99873,13.25
2.098734,15.85
4.398734,17.45
7.998734,20.05
12.69873,21.95
16.69873,21.75
18.19873,19.25
19.39873,15.85
22.19873,11.65
25.19873,5.950003
26.39873,-1.349997
26.59873,-9.149997
26.29873,-16.25
24.79873,-21.85
21.49873,-25.15
18.59873,-27.85
15.99873,-29.45
14.09873,-28.65
15.19873,-28.05
16.09873,-31.15
11.29873,-31.05
6.598733,-21.35
6.598733,-9.549997
7.098733,-4.749997
8.298734,-2.349997
14.19873,6.550003
23.59873,18.45
30.69873,28.05
33.89874,36.55
37.19873,41.95
42.39874,43.05
47.69873,42.15001
52.29873,38.95
55.69873,33.95
56.59873,28.35
57.49873,23.05
58.79873,16.95
58.09873,10.15
55.49873,4.750003
54.39873,1.750003
55.69873,0.3500031
57.39873,-0.9499969
58.99873,-2.349997
60.79873,-4.249997
62.19873,-6.549997
62.89873,-8.949997
62.29873,-10.85
61.39873,-11.75
60.69873,-10.95
60.59873,-8.949997
61.09873,-6.749997
62.19873,-5.049997
63.09873,-4.149997
63.09873,-3.649997
61.69873,-3.149997
60.29873,-2.549997
59.39873,-2.749997
57.99873,-3.449997
55.39873,-3.949997
52.79873,-3.349997
50.89874,-2.049997
49.09874,-0.4499969
47.19873,0.9500031
45.09874,2.150003
42.49873,3.050003
39.69873,4.550003
36.99873,6.750003
35.69873,8.650003
36.69873,8.450004
1.198734,16.15
3.998734,18.35
7.198734,21.85
11.69873,25.05
17.59873,25.85
21.99873,22.85
23.59873,17.65
24.79873,12.55
27.09873,7.450003
28.89873,1.250003
29.39873,-6.249997
29.89873,-14.15
29.59873,-21.45
26.69873,-25.85
22.49873,-27.85
19.49873,-28.85
18.19873,-29.15
19.49873,-29.35
20.19873,-31.25
17.89873,-29.45
16.69873,-20.35
17.59873,-10.35
16.99873,-5.849997
16.99873,1.050003
22.59873,14.75
30.79873,27.05
36.09874,34.95
38.09874,40.65001
40.59874,44.15001
43.59874,45.05
45.99873,43.85
49.29873,39.85
51.89873,34.65001
51.59873,29.85
51.79873,24.85
53.99873,18.65
54.19873,11.85
51.89873,7.150003
51.69873,5.050003
54.29873,4.650003
56.89873,3.650003
58.79873,1.850003
60.19873,-0.6499969
61.49873,-3.449997
62.49873,-6.749997
62.39873,-9.649997
61.29873,-11.45
59.79873,-10.85
58.89873,-8.849998
59.19873,-6.649997
59.79873,-5.549997
59.89873,-5.249997
58.99873,-5.549997
57.59873,-6.449997
56.39873,-7.349997
55.29873,-8.249997
53.49873,-8.449997
50.89874,-8.049997
48.69873,-6.749997
46.99873,-5.549997
45.39874,-4.449997
43.19873,-3.849997
40.79873,-2.749997
37.79873,-1.149997
34.69873,0.9500031
32.39874,2.650003
31.49873,3.150003
32.19873,2.250003
0.5987335,18.15
3.898734,19.85
7.198734,22.15
10.89873,25.15
16.89873,27.25
24.39873,26.35
29.79873,22.05
31.29873,15.35
32.09874,8.450004
33.19873,2.050003
33.49873,-4.749997
32.99873,-12.15
32.89874,-19.45
31.59873,-25.05
28.09873,-27.95
24.09873,-28.35
22.29873,-28.35
23.29873,-28.95
23.99873,-29.65
23.69873,-26.65
25.69873,-19.05
28.49873,-10.95
28.89873,-5.249997
28.39873,3.850003
30.49873,17.15
35.39874,28.35
38.69873,36.55
40.09874,42.05
41.49873,45.25
41.49873,45.65001
41.79873,43.25
44.19873,37.95
45.99873,33.25
44.99873,28.95
44.99873,23.65
47.39874,17.95
48.29873,13.65
47.89874,11.15
49.19873,9.150003
52.09873,7.150003
54.69873,4.850003
56.09873,2.350003
56.79873,-0.2499969
57.29873,-2.449997
58.19873,-4.349997
59.09873,-5.649997
59.49873,-6.449997
59.19873,-6.549997
58.79873,-6.349997
58.29873,-6.149997
57.59873,-6.349997
56.19873,-7.249997
54.19873,-8.449997
52.39873,-9.849998
50.79873,-11.05
49.39874,-11.75
47.89874,-11.95
46.39874,-11.75
45.09874,-11.15
43.59874,-10.45
41.79873,-9.749997
38.99873,-8.949997
35.89874,-7.349997
32.79873,-5.149997
30.09873,-2.849997
28.39873,-1.349997
27.79873,-0.549997
27.09873,-0.549997
2.898734,23.25
6.798734,24.35
10.19873,24.15
13.39873,25.25
18.39873,26.85
26.19873,26.95
33.69873,24.45
37.49873,18.35
38.29873,10.05
38.39874,2.150003
38.39874,-4.849997
36.99873,-11.45
35.19873,-18.05
34.79873,-23.85
33.49873,-27.85
29.69873,-28.15
26.49873,-27.05
26.19873,-26.95
26.79873,-27.15
27.69873,-23.45
30.59873,-16.25
34.99873,-7.749997
37.29873,0.05000305
36.49873,9.850003
35.69873,20.15
36.89874,29.95
38.39874,39.05
39.79873,44.95
40.39874,46.55
38.29873,44.55
36.79873,40.45
38.39874,34.15001
39.69873,29.75
39.39874,25.75
39.89874,20.35
41.19873,16.05
41.49873,14.65
42.29873,13.85
43.89874,11.35
45.69873,8.250003
47.09874,5.350003
47.99873,3.250003
48.39874,1.250003
48.89874,-0.349997
49.89874,-1.749997
51.79873,-2.749997
53.79873,-3.949997
55.19873,-5.349997
55.39873,-6.949997
54.19873,-8.449997
52.29873,-9.449997
49.99873,-10.45
47.39874,-11.35
45.19873,-12.05
43.39874,-12.35
42.19873,-13.15
41.39874,-14.15
40.89874,-15.05
40.09874,-15.25
38.69873,-14.85
36.69873,-14.05
33.79873,-12.85
30.69873,-10.85
27.99873,-8.449997
25.69873,-5.849997
24.19873,-3.449997
23.49873,-1.749997
22.59873,-1.449997
7.598733,24.25
12.09873,25.95
15.59873,25.05
18.79873,24.55
24.09873,24.75
30.79873,24.35
36.89874,22.45
41.19873,18.05
43.29873,11.25
43.09874,2.850003
42.39874,-5.249997
40.79873,-11.75
38.09874,-17.55
36.39874,-23.05
36.39874,-27.75
34.99873,-28.85
31.99873,-27.05
29.59873,-24.95
28.49873,-23.55
28.49873,-19.75
29.99873,-12.45
33.19873,-2.149997
35.59874,7.250003
34.39874,14.95
32.89874,22.55
33.39874,32.65001
34.89874,42.55
36.29873,46.15001
37.29873,45.75
34.09874,42.85
31.89873,37.35
33.99873,29.65
35.99873,25.05
36.29873,20.95
36.59874,16.05
36.09874,14.45
35.69873,15.05
36.29873,13.95
37.09874,11.25
37.99873,8.550003
39.19873,6.550003
40.79873,5.250003
42.69873,3.950003
44.39874,2.050003
45.89874,-0.4499969
47.49873,-2.949997
49.29873,-5.349997
50.19873,-7.349997
49.69873,-8.749997
47.89874,-9.949997
45.89874,-10.85
43.89874,-11.95
41.59874,-12.95
39.09874,-13.15
36.79873,-12.85
35.09874,-13.25
33.99873,-14.45
33.09874,-15.95
32.19873,-16.85
31.19873,-16.75
30.09873,-15.85
28.69873,-14.35
26.79873,-12.75
24.09873,-10.75
21.49873,-7.549997
20.09873,-4.149997
19.79873,-2.549997
19.39873,-3.249997
14.99873,19.55
19.89873,21.95
23.69873,22.75
26.59873,23.35
31.59873,23.85
36.59874,22.95
39.99873,20.15
42.79873,15.95
45.49873,10.75
45.99873,3.450003
44.49873,-4.649997
42.59874,-11.85
40.09874,-17.35
37.89874,-22.05
37.59874,-26.85
38.29873,-29.55
37.09874,-28.25
33.79873,-23.75
30.19873,-19.35
27.59873,-14.75
26.29873,-8.349998
26.89873,0.9500031
27.99873,8.950004
27.59873,14.75
27.99873,23.35
29.39873,34.95
30.29873,43.35
31.19873,44.55
32.09874,43.05
30.09873,39.35
29.09873,32.25
31.79873,24.75
33.59874,20.55
33.39874,16.45
32.99873,12.85
31.99873,13.85
31.79873,15.45
32.29873,14.45
32.89874,12.15
34.59874,10.25
36.59874,8.750003
39.09874,7.550003
41.69873,5.950003
43.59874,3.450003
44.39874,0.2500031
44.99873,-3.249997
45.29873,-6.449997
44.79873,-8.649997
43.49873,-9.749997
42.09874,-10.25
40.99873,-11.05
40.19873,-12.85
38.49873,-14.85
35.49873,-15.75
32.09874,-14.95
28.99873,-13.75
26.49873,-13.65
24.79873,-14.95
23.79873,-16.05
23.89873,-15.85
24.29873,-14.95
24.49873,-14.25
23.09873,-13.85
19.79873,-11.95
17.09873,-7.749997
16.49873,-4.449997
16.89873,-4.149997
16.29873,-6.449997
29.19873,16.65
33.89874,20.75
36.59874,23.35
36.49873,24.45
37.79873,24.15
39.69873,21.95
40.89874,18.25
42.19873,13.55
44.49873,8.650003
45.59874,3.050003
44.39874,-3.449997
41.79873,-10.45
39.49873,-16.25
37.89874,-20.15
37.69873,-24.05
38.99873,-28.35
39.79873,-29.95
37.89874,-26.25
34.09874,-20.55
28.49873,-15.35
23.09873,-9.449997
20.59873,-0.6499969
20.59873,7.350003
21.99873,15.65
24.49873,27.65
25.79873,38.25
25.49873,42.75
25.59873,42.15001
27.29873,39.65001
28.49873,34.25
29.09873,26.35
29.99873,19.55
30.59873,15.75
29.19873,13.35
28.79873,11.85
28.49873,14.15
28.59873,15.75
29.69873,15.15
31.69873,14.35
33.99873,13.25
35.29873,11.55
35.99873,9.350003
37.09874,6.550003
37.99873,3.550003
38.39874,0.1500031
38.59874,-3.349997
38.29873,-6.549997
37.29873,-8.549997
36.49873,-9.349998
35.99873,-9.349998
35.89874,-9.849998
35.79873,-12.05
34.79873,-15.55
32.09874,-18.35
28.49873,-18.55
24.49873,-16.15
20.79873,-14.35
18.49873,-14.35
17.59873,-14.35
18.29873,-14.15
19.19873,-14.35
18.89873,-14.75
16.99873,-13.95
14.59873,-10.35
13.69873,-6.449997
13.99873,-6.149997
13.79873,-8.249997
12.29873,-10.45
43.19873,20.75
45.39874,26.35
45.69873,28.45
43.19873,25.95
41.19873,22.45
41.09874,19.15
41.19873,15.75
41.89874,11.35
42.99873,6.750003
43.59874,2.250003
42.29873,-2.449997
40.09874,-7.649997
38.39874,-13.05
37.39874,-17.15
36.99873,-20.55
38.39874,-24.95
40.09874,-29.45
40.29873,-29.55
38.99873,-25.35
33.69873,-19.95
25.69873,-13.25
20.09873,-2.549997
18.29873,7.750003
19.49873,18.45
21.49873,31.15
21.59873,38.45
20.59873,40.45
21.49873,38.45
25.09873,34.35
27.99873,28.55
28.39873,22.15
27.69873,15.75
26.69873,12.15
24.89873,11.55
24.39873,12.95
24.09873,14.85
24.39873,15.45
26.19873,16.45
28.39873,17.25
29.39873,16.15
29.09873,13.65
28.99873,9.750003
29.79873,5.450003
30.79873,1.650003
31.29873,-1.749997
31.19873,-4.249997
30.39873,-5.849997
29.49873,-6.249997
28.89873,-6.249997
28.99873,-6.449997
29.09873,-7.449997
29.09873,-9.849998
28.89873,-14.25
27.29873,-19.25
24.19873,-21.45
20.29873,-19.75
16.39873,-17.45
13.59873,-15.35
12.59873,-13.65
12.79873,-13.65
12.69873,-14.75
11.49873,-14.25
10.39873,-11.35
10.59873,-7.949997
11.49873,-7.249997
11.19873,-9.949997
9.398734,-12.05
6.698734,-12.05
47.39874,28.25
47.29873,30.75
46.79873,29.05
44.79873,24.35
42.99873,19.95
42.39874,16.75
42.19873,13.45
41.79873,9.250003
41.29873,5.050003
40.29873,1.250003
38.59874,-2.249997
37.59874,-5.249997
37.99873,-8.549997
38.19873,-12.35
37.49873,-16.15
37.89874,-19.95
38.99873,-24.75
39.39874,-28.25
39.99873,-27.75
38.79873,-23.55
34.29873,-17.45
28.79873,-6.949997
24.79873,4.050003
22.09873,16.05
19.79873,28.85
18.09873,34.65001
17.19873,35.45
19.29873,33.15001
24.09873,28.35
25.89873,23.65
24.69873,18.75
23.39873,13.75
21.89873,11.75
20.49873,13.15
20.09873,15.55
19.69873,15.35
20.59873,16.85
21.79873,19.65
22.09873,19.95
22.09873,16.75
22.69873,12.85
24.09873,8.150003
25.79873,3.550003
26.79873,-0.149997
26.59873,-3.149997
25.09873,-4.549997
23.19873,-4.349997
21.99873,-3.549997
21.99873,-3.849997
22.29873,-5.649997
22.19873,-7.849997
22.09873,-10.65
22.19873,-15.05
21.39873,-20.35
18.99873,-23.55
15.59873,-23.35
12.49873,-21.05
10.09873,-16.95
8.498734,-13.55
7.598733,-12.95
6.898734,-13.25
6.598733,-11.75
7.198734,-9.549997
8.598734,-9.349998
9.098734,-11.55
6.798734,-13.45
3.898734,-12.85
2.098734,-10.65
46.59874,31.35
47.19873,29.45
47.29873,25.85
45.99873,22.15
44.39874,19.15
43.39874,15.65
42.29873,11.65
40.49873,7.450003
38.39874,3.750003
36.39874,0.6500031
34.69873,-2.149997
34.79873,-4.049997
36.69873,-6.049997
38.59874,-8.649997
38.49873,-12.15
38.19873,-15.45
38.79873,-19.25
38.49873,-24.15
37.99873,-26.75
39.09874,-24.45
39.99873,-20.05
38.69873,-11.95
35.29873,-2.549997
28.59873,9.350003
20.79873,22.25
16.49873,27.95
15.59873,28.55
17.69873,27.25
21.79873,24.35
22.79873,20.35
20.69873,15.75
18.79873,13.15
17.19873,13.45
16.49873,14.65
16.39873,16.45
16.59873,16.75
17.59873,20.55
17.19873,22.85
15.89873,20.25
16.89873,15.95
19.29873,12.05
21.39873,7.650003
22.79873,3.650003
23.19873,0.4500031
21.99873,-2.849997
19.79873,-4.749997
17.39873,-4.649997
16.69873,-4.149997
17.29873,-5.249997
17.99873,-7.449997
17.69873,-9.449997
16.99873,-11.05
16.49873,-14.25
15.99873,-19.95
14.09873,-25.15
11.19873,-26.25
9.098734,-23.65
7.698734,-18.45
6.198734,-14.05
4.698734,-12.55
3.898734,-12.25
4.198734,-11.35
5.098733,-11.35
5.698734,-13.45
4.398734,-15.75
1.698734,-15.25
0.3987335,-12.35
1.098734,-9.649997
45.19873,28.05
46.39874,26.15
46.59874,23.65
45.69873,20.95
44.99873,17.95
43.89874,13.75
41.79873,9.350003
38.59874,5.750003
34.99873,2.950003
32.49873,0.8500031
31.99873,-0.849997
32.79873,-2.849997
34.29873,-5.049997
36.39874,-7.349997
37.29873,-10.35
36.79873,-13.45
37.49873,-16.15
38.19873,-19.55
37.49873,-22.45
37.49873,-21.75
40.09874,-18.95
42.89874,-13.85
43.19873,-7.649997
36.59874,0.750003
25.69873,10.85
18.29873,18.05
15.89873,22.05
16.99873,23.25
19.99873,21.65
20.29873,17.25
17.19873,13.15
14.99873,12.45
14.19873,13.55
13.69873,13.85
12.99873,17.65
13.59873,20.75
14.19873,23.65
12.19873,22.15
11.29873,16.75
13.59873,13.55
16.29873,10.95
17.69873,7.950003
18.39873,5.250003
17.89873,2.550003
16.89873,-0.9499969
15.59873,-4.149997
14.49873,-5.649997
14.89873,-6.449997
16.39873,-7.849997
17.19873,-9.349998
16.99873,-10.15
15.89873,-9.649997
14.19873,-10.25
12.49873,-15.75
10.49873,-23.65
8.498734,-27.15
7.298734,-25.15
6.198734,-19.85
4.698734,-14.35
3.398734,-11.75
2.498734,-11.35
2.098734,-11.85
1.798734,-13.45
0.7987335,-15.35
-0.6012665,-15.55
-0.9012665,-12.95
0.6987335,-9.749997
0.9987335,-8.349998
43.19873,22.95
43.99873,22.75
44.29873,21.55
44.09874,18.75
43.99873,15.35
42.89874,10.85
40.49873,6.750003
36.79873,3.650003
32.19873,1.750003
29.59873,0.8500031
30.19873,-0.149997
31.49873,-1.949997
32.19873,-4.449997
33.49873,-7.149997
34.69873,-10.45
34.19873,-13.45
33.99873,-15.55
36.09874,-17.35
37.69873,-19.45
37.69873,-19.35
38.49873,-17.35
41.59874,-13.85
44.59874,-10.65
41.89874,-7.049997
32.49873,-1.149997
22.69873,7.950003
17.39873,16.25
17.09873,19.55
19.59873,17.95
19.39873,13.15
15.29873,9.750003
12.69873,10.15
12.09873,11.85
10.89873,12.75
9.498734,17.45
9.698733,22.85
9.998734,23.35
8.298734,18.35
8.498734,12.65
10.59873,10.55
12.09873,9.250003
12.99873,7.850003
12.99873,6.250003
12.09873,4.250003
11.39873,1.650003
11.69873,-1.449997
12.49873,-4.449997
14.19873,-6.449997
16.19873,-8.149997
16.99873,-9.549997
16.99873,-10.95
16.59873,-11.05
14.39873,-10.15
10.99873,-13.45
8.298734,-20.85
7.798734,-26.35
7.098733,-26.25
4.598733,-20.35
2.998734,-13.05
2.598734,-9.649997
1.498734,-9.549997
0.1987335,-11.45
-0.8012665,-13.95
-1.201267,-13.55
-0.5012665,-10.75
1.898733,-7.349997
3.998734,-5.449997
2.898734,-5.649997
39.39874,19.55
38.39874,20.65
37.79873,20.15
37.69873,17.35
37.89874,13.45
37.59874,8.950004
36.59874,4.350003
33.79873,0.9500031
29.99873,-0.2499969
28.39873,-0.2499969
29.19873,-1.049997
29.59873,-2.249997
29.29873,-3.749997
29.79873,-6.549997
31.19873,-10.05
31.39873,-13.05
30.89873,-15.55
32.29873,-17.25
35.09874,-18.45
36.29873,-17.55
35.99873,-15.35
37.19873,-13.45
40.39874,-12.15
41.69873,-11.45
36.79873,-8.849998
27.19873,0.05000305
19.49873,9.550003
17.29873,13.75
19.49873,13.05
19.39873,8.750003
15.19873,5.850003
12.19873,6.450003
10.69873,8.350003
8.798734,10.65
6.898734,16.15
5.898734,21.75
6.298734,19.85
6.898734,13.95
7.598733,9.650003
7.698734,8.050003
7.198734,7.850003
7.598733,6.950003
7.998734,5.350003
7.698734,3.850003
7.998734,2.950003
9.398734,1.050003
11.49873,-1.949997
13.79873,-4.249997
15.89873,-5.549997
16.39873,-6.949997
16.29873,-9.449997
16.59873,-12.25
16.09873,-13.65
13.19873,-14.75
10.09873,-19.45
8.998734,-25.55
7.398734,-27.15
4.198734,-20.15
2.598734,-11.95
2.098734,-9.149997
1.198734,-9.149997
0.1987335,-10.95
0.09873352,-12.25
1.798734,-9.549997
4.698734,-5.049997
7.398734,-2.149997
9.098734,-1.849997
10.19873,-2.949997
30.79873,19.75
28.49873,21.75
27.69873,20.95
28.49873,17.45
29.69873,13.15
30.69873,7.850003
31.29873,2.550003
29.89873,-0.849997
27.59873,-1.249997
27.29873,-0.6499969
27.39873,-1.249997
26.19873,-1.649997
25.09873,-2.049997
25.49873,-4.349997
26.69873,-7.849997
27.99873,-10.95
28.29873,-14.05
28.79873,-16.25
30.49873,-17.05
32.39874,-15.65
33.09874,-13.95
33.89874,-13.15
35.89874,-12.85
38.09874,-13.55
36.59874,-13.35
29.39873,-6.749997
21.59873,1.650003
18.09873,6.650003
19.69873,7.550003
19.89873,4.250003
15.69873,1.950003
11.89873,2.850003
9.598734,4.650003
7.198734,8.050003
4.298734,14.95
2.298733,19.55
3.698734,16.35
6.398734,10.45
6.898734,7.250003
5.198734,6.350003
3.798733,6.350003
4.298734,4.950003
5.198734,3.050003
6.298734,2.550003
7.498734,3.150003
9.698733,2.250003
12.49873,-0.4499969
14.69873,-2.549997
16.29873,-3.349997
16.69873,-4.349997
16.09873,-6.649997
15.49873,-10.45
15.29873,-14.15
15.29873,-15.75
14.19873,-18.05
11.99873,-24.05
9.198733,-28.15
6.098733,-21.65
3.898734,-13.55
2.398734,-11.25
1.498734,-10.75
1.998734,-10.25
2.998734,-9.249997
5.298734,-5.449997
8.198733,-1.649997
10.69873,0.3500031
13.19873,0.2500031
17.29873,-0.04999695
21.49873,21.05
20.89873,22.25
21.39873,20.55
22.69873,16.65
24.39873,11.95
25.59873,6.450003
25.89873,1.350003
24.79873,-1.049997
23.79873,-1.149997
23.79873,-0.549997
23.39873,-0.6499969
22.19873,-0.4499969
21.89873,-0.9499969
22.49873,-3.249997
23.09873,-6.149997
23.89873,-8.749997
24.49873,-11.35
24.89873,-13.45
25.99873,-14.65
28.09873,-14.15
30.19873,-12.75
31.79873,-11.65
33.39874,-11.75
35.09874,-14.05
34.79873,-16.35
30.09873,-12.55
23.99873,-5.449997
20.59873,0.2500031
21.29873,2.050003
20.49873,-0.04999695
15.79873,-1.449997
11.49873,-0.2499969
9.198733,1.450003
6.998734,4.550003
3.598734,11.55
1.498734,16.35
3.198734,14.35
5.498734,10.35
5.898734,7.650003
4.498734,6.950003
3.498734,6.850003
4.198734,4.750003
5.398734,2.850003
6.398734,2.950003
6.798734,3.550003
9.198733,2.850003
12.69873,0.750003
14.59873,-1.149997
15.69873,-2.149997
16.89873,-3.349997
18.09873,-4.849997
18.09873,-7.349997
17.19873,-11.15
17.69873,-13.45
18.09873,-14.15
15.99873,-18.95
13.29873,-26.35
10.29873,-24.65
7.198734,-17.05
5.098733,-13.05
4.798734,-11.55
5.998734,-9.149997
7.798734,-5.549997
10.39873,-0.6499969
13.99873,2.750003
17.49873,4.050003
20.99873,4.350003
24.89873,5.750003
15.99873,19.55
15.39873,20.35
15.29873,18.35
16.49873,14.35
18.89873,9.550003
20.09873,4.250003
19.69873,0.1500031
18.89873,-1.249997
18.59873,-1.449997
18.59873,-1.249997
18.69873,-0.9499969
19.49873,-0.849997
20.89873,-1.849997
21.89873,-3.449997
22.19873,-5.449997
22.19873,-7.349997
22.09873,-9.449997
22.09873,-11.15
22.69873,-12.45
24.19873,-12.15
25.89873,-10.75
27.89873,-9.949997
29.99873,-11.15
32.29873,-14.75
32.99873,-18.45
30.39873,-16.25
26.39873,-9.749997
23.69873,-4.249997
23.29873,-2.349997
21.09873,-3.749997
15.69873,-4.349997
11.59873,-2.749997
9.798734,-1.249997
8.398734,0.9500031
4.998734,7.250003
2.498734,13.45
3.398734,14.45
4.398734,12.55
4.398734,10.95
4.398734,9.750003
4.598733,8.750003
5.198734,6.550003
5.598733,4.850003
5.198734,3.850003
3.998734,2.750003
5.998734,1.750003
10.09873,0.750003
12.49873,0.1500031
14.19873,0.05000305
17.39873,-0.6499969
20.59873,-1.849997
22.09873,-4.449997
22.29873,-7.849997
21.89873,-11.25
21.09873,-12.25
17.99873,-13.95
15.09873,-21.35
12.39873,-25.25
9.898734,-20.15
9.698733,-13.65
10.39873,-10.75
11.59873,-7.949997
13.09873,-3.149997
15.99873,3.250003
20.09873,7.950003
23.79873,9.750003
26.39873,10.95
28.49873,13.45
12.69873,16.45
9.998734,16.05
8.298734,13.15
9.698733,9.750003
12.69873,5.950003
13.89873,1.350003
14.09873,-2.449997
14.09873,-3.249997
14.09873,-2.849997
14.39873,-2.449997
15.59873,-1.649997
17.69873,-0.9499969
19.39873,-0.9499969
20.29873,-1.349997
20.99873,-2.549997
21.89873,-4.849997
22.59873,-7.549997
22.29873,-10.05
21.69873,-11.75
21.49873,-11.85
21.29873,-11.15
21.69873,-11.25
23.49873,-12.65
26.79873,-15.55
29.09873,-18.45
28.69873,-16.85
27.09873,-12.05
24.89873,-7.849997
23.49873,-5.849997
20.79873,-6.349997
15.99873,-6.149997
12.69873,-4.249997
11.49873,-3.249997
10.39873,-2.149997
7.498734,2.950003
4.398734,9.750003
3.998734,12.65
3.898734,12.05
2.898734,10.45
2.298733,8.450004
2.898734,6.850003
4.098733,5.350003
4.598733,4.350003
3.698734,3.250003
2.498734,1.850003
3.898734,0.5500031
7.798734,0.3500031
11.29873,2.350003
14.59873,5.150003
17.89873,5.150003
19.99873,1.950003
21.49873,-1.849997
22.89873,-4.149997
23.19873,-8.949997
22.59873,-12.95
18.89873,-14.65
15.19873,-18.05
12.59873,-22.55
11.09873,-21.05
13.09873,-14.95
15.69873,-11.15
16.99873,-8.749997
17.79873,-4.249997
18.89873,2.750003
20.59873,8.650003
22.29873,11.95
23.89873,14.35
26.79873,17.45
11.79873,13.85
8.898734,11.75
7.098733,8.650003
7.598733,5.650003
8.798734,2.450003
9.598734,-1.449997
11.09873,-5.549997
11.39873,-6.449997
11.39873,-5.149997
11.99873,-3.749997
13.29873,-2.249997
14.79873,-0.2499969
15.39873,1.350003
15.59873,1.650003
16.39873,0.6500031
18.59873,-1.349997
21.19873,-3.949997
22.29873,-6.849997
22.09873,-9.849998
21.19873,-11.55
19.59873,-12.05
17.69873,-12.85
17.39873,-14.35
19.99873,-16.25
22.89873,-17.95
24.29873,-16.35
24.59873,-13.45
23.29873,-10.55
21.69873,-8.349998
19.89873,-7.949997
16.39873,-7.049997
13.69873,-4.449997
12.99873,-3.949997
12.99873,-4.849997
11.39873,-1.849997
8.098734,4.450003
5.898734,7.950003
4.398734,8.250003
1.998734,7.250003
0.3987335,5.150003
0.3987335,3.550003
1.898733,3.050003
3.598734,3.450003
5.098733,5.150003
5.598733,6.950003
6.498734,6.750003
8.498734,5.650003
10.99873,6.750003
12.99873,9.850003
14.99873,8.650003
17.29873,4.950003
19.59873,2.050003
21.19873,-1.349997
22.39873,-6.849997
23.79873,-12.25
22.59873,-15.95
19.79873,-18.35
16.59873,-21.25
13.29873,-20.85
13.99873,-15.55
17.39873,-11.55
19.99873,-8.949997
20.99873,-4.549997
20.59873,2.150003
19.79873,8.250003
20.39873,12.05
22.89873,15.45
27.59873,19.15
11.39873,12.25
9.998734,10.75
9.298734,8.450004
8.698733,4.750003
7.498734,0.1500031
7.698734,-3.249997
9.698733,-5.549997
10.19873,-5.849997
11.19873,-4.649997
12.89873,-3.449997
14.09873,-2.149997
14.19873,-0.149997
14.09873,1.650003
14.39873,1.950003
14.99873,0.9500031
16.49873,-0.349997
19.09873,-1.749997
21.59873,-3.649997
22.79873,-6.249997
22.69873,-8.449997
21.79873,-9.749997
19.89873,-10.85
18.39873,-13.05
18.49873,-15.25
19.79873,-16.05
20.89873,-14.45
21.39873,-12.55
20.39873,-10.65
19.59873,-8.949997
18.89873,-8.449997
16.29873,-7.249997
12.79873,-4.149997
12.29873,-3.049997
14.39873,-4.849997
14.59873,-3.749997
12.39873,0.4500031
9.098734,2.950003
5.498734,4.050003
1.698734,4.550003
-0.2012665,3.850003
0.09873352,2.950003
1.898733,3.150003
4.698734,5.050003
8.098734,9.350003
9.898734,14.15
8.498734,14.85
7.698734,12.55
8.798734,11.25
9.498734,11.95
11.49873,9.850003
16.19873,8.250003
20.09873,6.350003
21.79873,1.850003
22.29873,-3.149997
23.69873,-8.949997
24.89873,-14.05
24.89873,-17.45
23.79873,-20.95
19.29873,-21.95
16.09873,-16.85
17.29873,-11.25
19.69873,-6.549997
21.09873,-1.749997
20.89873,3.550003
20.19873,8.850003
21.29873,12.75
24.49873,16.85
28.69873,20.65
9.098734,10.65
8.698733,9.450004
8.098734,7.250003
7.798734,3.950003
7.298734,0.05000305
8.498734,-1.949997
10.59873,-1.649997
11.99873,-0.149997
14.19873,0.8500031
16.89873,1.350003
18.49873,1.750003
18.39873,2.050003
17.89873,2.050003
18.39873,1.050003
18.79873,-0.4499969
19.19873,-1.749997
20.39873,-2.849997
22.59873,-3.749997
23.99873,-5.349997
24.39873,-7.349997
24.49873,-8.949997
24.29873,-9.949997
23.59873,-11.45
22.99873,-13.05
22.79873,-13.45
22.39873,-12.45
21.59873,-11.65
20.09873,-11.05
19.09873,-10.05
18.09873,-8.849998
15.79873,-7.549997
11.89873,-5.649997
9.798734,-4.149997
9.498734,-3.349997
9.398734,-1.749997
10.39873,-0.6499969
8.998734,-0.349997
5.398734,0.9500031
1.998734,3.050003
1.398733,4.350003
2.798733,4.850003
4.798734,5.850003
6.698734,7.650003
8.698733,10.85
9.398734,14.65
7.198734,15.25
5.898734,14.25
7.998734,13.95
10.09873,14.15
12.09873,13.15
15.99873,11.75
18.99873,8.650003
20.39873,4.750003
20.59873,0.3500031
21.89873,-6.749997
22.99873,-12.95
23.39873,-16.55
25.69873,-18.75
24.89873,-22.05
20.89873,-19.25
19.09873,-12.35
19.69873,-5.149997
20.49873,-0.549997
20.89873,3.150003
21.29873,7.850003
23.39873,12.65
26.29873,17.65
28.89873,20.45
6.198734,8.850003
5.998734,6.950003
5.398734,4.750003
5.598733,3.550003
6.998734,2.750003
9.698733,2.650003
12.59873,3.650003
14.49873,4.850003
16.39873,5.550003
18.69873,5.850003
20.69873,5.450003
21.29873,3.650003
21.39873,1.150003
22.19873,-1.249997
22.79873,-3.049997
22.49873,-4.249997
22.59873,-5.149997
23.89873,-5.949997
25.19873,-7.349997
25.39873,-8.949997
25.49873,-10.75
25.69873,-11.85
25.79873,-12.35
26.09873,-12.65
26.39873,-12.95
25.49873,-12.95
24.19873,-12.85
22.59873,-13.15
20.59873,-12.85
18.19873,-11.05
16.69873,-9.449997
14.59873,-9.749997
10.89873,-9.549997
6.198734,-6.649997
4.098733,-3.149997
6.698734,-2.349997
7.598733,-2.149997
6.098733,-0.349997
4.598733,2.350003
5.098733,4.550003
7.198734,6.250003
8.498734,7.850003
8.598734,8.950004
8.898734,10.35
9.098734,12.65
7.398734,13.75
6.698734,14.25
9.098734,15.15
11.69873,15.65
12.59873,14.85
13.69873,12.45
15.39873,8.950004
16.09873,5.150003
15.69873,1.350003
18.09873,-5.349997
19.59873,-11.95
19.39873,-14.95
21.59873,-14.75
24.69873,-17.75
24.49873,-19.15
22.59873,-14.35
21.49873,-6.249997
21.39873,-1.649997
21.69873,0.750003
23.09873,4.550003
25.59873,10.25
27.59873,15.95
28.99873,18.45
2.898734,6.750003
2.798733,4.650003
2.698734,3.450003
3.498734,3.850003
5.498734,4.650003
8.598734,4.950003
11.69873,4.950003
14.09873,4.650003
15.99873,4.650003
17.99873,4.450003
19.69873,3.250003
20.99873,0.2500031
22.19873,-3.049997
23.59873,-4.949997
24.19873,-6.149997
23.39873,-6.849997
22.59873,-7.449997
23.69873,-8.349998
25.09873,-9.549997
25.59873,-10.55
25.89873,-11.85
26.19873,-13.05
26.09873,-13.95
26.59873,-14.25
27.09873,-14.45
26.59873,-14.55
25.49873,-14.55
24.09873,-14.95
21.99873,-15.35
19.69873,-13.95
18.89873,-12.15
18.49873,-12.65
15.39873,-13.85
10.39873,-11.75
7.898734,-8.149997
9.198733,-5.649997
10.09873,-3.349997
10.29873,-0.4499969
9.698733,2.450003
9.798734,4.450003
10.89873,5.850003
11.39873,7.350003
10.79873,8.650003
10.69873,9.050003
10.39873,10.25
8.898734,12.65
8.298734,14.95
10.09873,16.45
10.79873,15.55
10.99873,13.85
12.19873,12.85
14.59873,10.65
14.29873,5.350003
12.59873,1.550003
14.09873,-3.749997
16.09873,-10.15
15.59873,-12.65
16.49873,-11.75
20.29873,-13.05
23.89873,-16.15
23.99873,-14.75
23.09873,-8.449997
22.59873,-4.749997
22.79873,-2.549997
24.79873,1.250003
27.39873,7.850003
29.09873,13.85
30.59873,16.45
0.3987335,4.350003
0.4987335,3.250003
1.498734,3.150003
3.398734,3.950003
5.998734,4.450003
8.798734,4.350003
10.99873,4.050003
12.19873,4.050003
13.39873,4.150003
14.79873,3.350003
16.69873,1.150003
18.89873,-2.449997
21.19873,-5.449997
22.69873,-6.549997
23.09873,-7.349997
22.09873,-8.149997
21.29873,-8.849998
22.39873,-9.349998
23.99873,-10.25
24.79873,-10.85
25.79873,-11.55
26.79873,-12.55
27.39873,-14.15
28.09873,-15.75
28.79873,-16.55
28.29873,-16.45
26.59873,-15.85
23.99873,-15.45
21.49873,-15.75
19.99873,-15.35
19.99873,-14.35
20.39873,-14.25
18.69873,-15.05
15.49873,-14.05
13.79873,-11.35
14.39873,-8.149997
15.59873,-4.849997
16.19873,-1.449997
15.59873,1.550003
14.99873,3.550003
14.89873,4.950003
14.09873,6.150003
13.29873,7.450003
13.39873,7.850003
13.49873,8.350003
11.59873,12.05
10.49873,16.15
9.998734,17.45
8.798734,15.15
9.298734,13.25
11.69873,14.45
13.19873,11.45
12.59873,5.950003
10.59873,2.250003
10.79873,-2.749997
12.59873,-9.049997
13.19873,-12.75
13.89873,-12.75
16.09873,-12.85
19.39873,-14.55
21.89873,-13.85
23.39873,-9.549997
24.39873,-5.349997
25.29873,-0.749997
27.09873,4.150003
29.19873,9.250003
30.89873,13.05
30.99873,14.35
-0.7012665,3.150003
0.2987335,3.550003
1.998734,3.850003
4.398734,4.250003
6.898734,4.750003
8.398734,5.250003
7.698734,6.050003
6.098733,7.050003
5.498734,7.550003
6.798734,6.650003
9.498734,4.250003
13.39873,0.5500031
16.99873,-2.549997
19.19873,-4.449997
19.99873,-6.249997
19.99873,-7.849997
19.69873,-8.549997
20.29873,-8.349998
21.19873,-8.649997
21.89873,-9.249997
22.69873,-9.849998
23.89873,-10.45
25.19873,-12.15
27.09873,-14.75
29.09873,-16.65
29.69873,-17.05
28.39873,-16.75
25.19873,-16.05
21.79873,-15.95
20.29873,-15.85
20.59873,-15.45
21.29873,-15.35
20.69873,-15.75
18.59873,-15.15
17.29873,-13.15
18.39873,-10.35
19.79873,-7.249997
20.29873,-3.949997
19.89873,-0.9499969
19.29873,1.550003
18.49873,3.650003
16.79873,4.950003
15.39873,6.050003
15.79873,6.950003
16.89873,8.250003
14.49873,12.45
12.09873,16.15
9.398734,17.55
6.898734,15.55
7.598733,14.55
9.298734,14.55
10.49873,10.45
9.998734,5.850003
7.698734,1.850003
6.698734,-2.649997
8.398734,-7.249997
10.29873,-11.05
12.39873,-12.05
14.39873,-11.65
16.79873,-11.15
19.89873,-9.049997
22.09873,-4.149997
23.39873,1.550003
24.79873,6.350003
26.39873,9.250003
27.49873,10.35
27.59873,10.95
25.19873,12.05
-0.5012665,3.550003
0.6987335,4.850003
1.498734,5.250003
2.098734,5.350003
3.298733,5.750003
2.798733,7.050003
0.1987335,8.650003
-1.601267,9.650003
-1.301267,10.35
0.7987335,10.25
4.198734,9.150003
8.498734,6.350003
12.79873,2.750003
15.69873,-0.6499969
17.49873,-3.349997
18.09873,-4.849997
18.29873,-5.149997
18.39873,-4.949997
18.49873,-5.249997
18.39873,-6.349997
18.19873,-7.449997
18.29873,-8.149997
19.09873,-9.449997
21.09873,-11.95
23.99873,-14.25
26.39873,-15.35
27.59873,-15.95
26.59873,-16.15
24.39873,-16.05
22.89873,-15.35
22.59873,-14.95
22.59873,-14.75
22.09873,-14.85
20.99873,-14.75
19.99873,-13.85
20.49873,-11.85
21.69873,-9.449997
22.29873,-6.549997
22.29873,-3.749997
21.89873,-0.9499969
20.79873,1.850003
19.09873,3.650003
17.69873,4.550003
17.89873,5.650003
18.59873,8.150003
15.59873,12.15
13.49873,14.55
9.898734,16.65
7.698734,16.15
7.198734,14.75
7.598733,12.55
8.998734,9.350003
8.698733,5.950003
5.598733,1.950003
3.198734,-1.849997
3.698734,-4.049997
5.598733,-5.849997
7.998734,-6.949997
9.998734,-6.849997
11.89873,-5.549997
14.19873,-2.949997
15.49873,1.250003
16.99873,4.950003
18.79873,6.850003
19.39873,7.750003
18.69873,8.450004
17.89873,9.550003
17.19873,12.25
0.1987335,4.050003
0.8987336,5.350003
-0.4012665,6.050003
-1.601267,6.450003
-1.001266,7.050003
-1.501266,8.350003
-3.101267,9.750003
-3.101267,10.75
-1.801267,12.05
0.3987335,13.25
2.998734,13.25
6.198734,11.05
8.798734,8.150003
10.39873,4.950003
12.29873,1.650003
14.29873,-0.749997
15.89873,-2.049997
16.79873,-3.049997
17.09873,-4.249997
17.09873,-5.649997
16.79873,-6.949997
16.59873,-7.649997
16.79873,-8.749997
17.39873,-10.35
18.49873,-12.45
20.79873,-14.15
23.29873,-15.35
24.89873,-15.75
24.89873,-15.35
24.59873,-14.35
24.39873,-14.15
23.59873,-13.75
22.99873,-13.75
23.19873,-13.95
23.09873,-13.85
22.89873,-12.65
23.19873,-10.75
23.49873,-8.249997
23.59873,-5.549997
23.39873,-2.849997
22.19873,-0.149997
20.99873,2.250003
20.09873,3.250003
19.39873,4.050003
18.49873,6.450003
15.69873,9.950004
14.19873,12.15
11.09873,15.25
9.898734,16.05
7.698734,13.15
6.498734,8.750003
7.998734,7.050003
8.398734,5.050003
6.198734,2.850003
2.998734,0.1500031
2.198734,-1.549997
3.498734,-2.349997
4.898734,-3.549997
5.398734,-4.249997
6.598733,-3.549997
8.498734,-1.749997
10.09873,1.050003
11.69873,3.050003
11.99873,4.250003
10.29873,6.550003
9.098734,9.550003
9.498734,11.95
10.59873,14.45
1.098734,4.050003
1.698734,5.050003
-0.001266479,5.750003
-1.801267,6.550003
-1.801267,7.850003
-1.701267,9.250003
-2.201267,10.75
-2.101267,12.45
-1.401266,14.65
-1.201267,16.45
-0.5012665,16.75
1.098734,15.65
1.298734,15.45
0.1987335,13.45
2.098734,7.550003
6.898734,1.550003
10.89873,-1.949997
12.89873,-3.849997
13.39873,-5.249997
13.69873,-5.949997
14.29873,-6.549997
15.19873,-7.049997
16.39873,-7.649997
16.79873,-8.849998
16.79873,-10.95
17.49873,-13.85
19.59873,-16.05
22.09873,-16.15
23.59873,-15.05
24.29873,-13.75
24.69873,-12.85
24.19873,-12.55
23.69873,-12.95
24.29873,-13.45
25.19873,-13.45
25.49873,-12.65
25.49873,-11.15
25.09873,-8.549997
25.09873,-5.949997
24.69873,-4.149997
23.49873,-1.949997
22.89873,0.8500031
22.39873,2.450003
20.49873,2.650003
18.89873,3.950003
17.49873,7.050003
16.19873,9.750003
13.09873,14.05
11.29873,15.55
7.798734,10.75
5.998734,5.450003
7.398734,4.350003
8.398734,3.050003
7.198734,2.750003
4.798734,1.850003
4.398734,0.2500031
5.798734,-0.749997
5.698734,-1.849997
4.498734,-2.949997
5.298734,-2.249997
7.598733,-0.6499969
8.498734,1.150003
7.498734,2.750003
4.698734,5.750003
2.398734,10.15
2.098734,13.25
1.998734,14.75
1.698734,16.85
1.498734,4.550003
2.498734,5.650003
2.198734,6.150003
0.1987335,6.450003
-1.601267,7.650003
-2.001266,9.550003
-2.201267,11.35
-2.101267,13.75
-2.601267,16.75
-4.601266,18.85
-5.601266,19.25
-3.701267,18.75
-3.101267,20.15
-5.401267,18.75
-5.101266,11.05
-0.1012665,2.950003
4.798734,-1.549997
6.998734,-3.249997
7.698734,-3.749997
8.198733,-2.749997
9.298734,-2.049997
11.29873,-2.549997
13.79873,-3.749997
15.99873,-5.149997
17.09873,-7.449997
17.49873,-11.35
18.89873,-15.35
21.49873,-16.45
23.59873,-15.65
24.49873,-13.75
24.39873,-11.95
24.49873,-11.45
24.59873,-12.15
24.59873,-12.75
25.29873,-12.65
26.89873,-12.45
27.69873,-11.75
27.29873,-9.449997
27.49873,-6.649997
27.29873,-5.049997
25.79873,-3.549997
25.09873,-0.6499969
24.39873,1.650003
22.59873,2.050003
21.59873,2.850003
20.79873,5.950003
19.39873,8.850003
14.99873,13.25
10.49873,13.15
7.798734,7.750003
6.398734,3.450003
7.698734,2.850003
8.598734,1.850003
7.198734,1.250003
5.398734,1.450003
5.798734,1.250003
6.898734,0.750003
6.298734,-0.849997
5.298734,-2.249997
6.498734,-0.9499969
7.798734,1.250003
5.698734,2.150003
1.498734,3.550003
-1.901266,7.850003
-3.001266,13.25
-3.501266,15.35
-5.501266,16.25
-5.801267,19.05
1.898733,4.550003
2.598734,6.350003
3.198734,6.850003
1.198734,6.450003
-1.501266,6.750003
-2.301266,8.750003
-2.201267,11.05
-3.001266,13.95
-4.701267,17.35
-7.001266,19.65
-7.901267,19.85
-5.701267,18.85
-4.001266,19.85
-7.001266,19.15
-9.501266,12.45
-6.301267,4.750003
-1.401266,0.4500031
1.598734,-0.749997
3.298733,0.1500031
4.198734,2.350003
5.498734,3.450003
7.698734,2.450003
10.39873,0.5500031
13.39873,-1.149997
16.09873,-2.749997
17.89873,-5.449997
19.49873,-8.849998
21.59873,-11.25
23.49873,-12.25
24.19873,-11.95
24.09873,-11.75
24.69873,-11.95
25.39873,-12.35
24.69873,-12.35
24.69873,-11.95
26.49873,-11.95
28.09873,-11.75
28.39873,-10.05
28.99873,-7.249997
29.59873,-5.049997
28.69873,-3.649997
27.49873,-1.449997
26.89873,0.9500031
25.39873,2.150003
24.39873,3.450003
22.59873,6.350003
20.39873,8.950004
16.79873,12.35
10.19873,9.650003
8.298734,3.850003
7.498734,1.050003
8.598734,0.750003
9.098734,-0.04999695
6.598733,-1.649997
4.798734,-1.449997
5.198734,-0.149997
6.198734,-0.349997
6.198734,-2.749997
6.398734,-3.649997
6.498734,-0.349997
4.298734,2.250003
-0.001266479,1.650003
-3.901267,2.550003
-5.501266,7.450003
-5.501266,12.75
-6.301267,14.95
-8.101267,16.35
-7.801267,19.75
3.098734,3.450003
2.898734,5.350003
2.598734,6.450003
0.7987335,6.150003
-1.801267,6.250003
-2.201267,7.950003
-2.201267,10.35
-4.001266,13.55
-6.401267,16.95
-8.001266,19.05
-8.701266,20.05
-7.701267,18.95
-6.601266,18.85
-9.801267,18.65
-14.30127,13.85
-12.50127,7.050003
-7.301267,2.550003
-3.401267,1.650003
-1.201267,3.050003
-0.1012665,5.350003
1.498734,5.950003
4.298734,4.550003
7.098733,2.450003
9.798734,0.6500031
12.39873,-0.749997
14.69873,-1.649997
16.79873,-3.049997
18.79873,-4.749997
20.29873,-6.749997
21.19873,-8.649997
22.29873,-10.85
24.29873,-12.25
25.79873,-12.55
25.69873,-12.25
25.09873,-12.05
25.89873,-11.15
26.69873,-10.05
27.29873,-8.349998
28.29873,-6.049997
29.29873,-3.849997
28.69873,-2.349997
27.59873,-0.749997
27.19873,0.750003
25.99873,2.150003
24.49873,4.050003
22.79873,6.550003
21.09873,9.050003
19.39873,11.15
11.69873,6.650003
8.998734,0.4500031
8.998734,-1.049997
9.398734,-1.549997
9.198733,-2.649997
6.198734,-4.449997
3.598734,-4.549997
3.898734,-3.049997
5.198734,-3.449997
5.698734,-5.749997
5.798734,-4.949997
3.998734,-0.04999695
-0.7012665,1.650003
-4.501266,-0.149997
-6.201267,1.350003
-7.001266,6.750003
-7.301267,11.65
-7.601266,13.85
-8.701266,15.45
-9.501266,18.85
4.498734,1.750003
2.998734,2.750003
1.698734,4.350003
0.1987335,5.350003
-1.401266,5.950003
-1.701267,7.050003
-1.901266,9.050003
-3.401267,12.45
-5.501266,15.35
-7.301267,17.35
-8.701266,19.65
-9.201266,19.55
-8.601267,17.65
-10.60127,16.45
-14.90127,14.35
-15.00127,10.35
-11.10127,7.250003
-7.301267,7.050003
-5.001266,8.450004
-2.901267,9.050003
0.2987335,8.050003
3.598734,6.050003
5.998734,4.250003
8.098734,2.650003
10.29873,0.8500031
12.09873,-1.149997
13.99873,-2.849997
15.59873,-4.549997
16.39873,-6.049997
16.89873,-7.349997
18.39873,-8.549997
20.69873,-9.249997
23.09873,-9.149997
24.49873,-9.149997
24.99873,-9.349998
25.19873,-8.449997
25.59873,-7.149997
26.19873,-5.949997
27.19873,-4.749997
27.29873,-3.049997
26.09873,-1.449997
24.69873,-0.04999695
24.69873,0.8500031
24.59873,2.450003
23.99873,4.850003
23.59873,6.850003
22.29873,8.450004
20.19873,8.950004
13.19873,4.750003
8.098734,-1.649997
8.698733,-2.149997
8.998734,-3.549997
8.398734,-5.149997
6.198734,-6.549997
3.698734,-6.749997
2.998734,-5.849997
3.598734,-6.249997
4.198734,-7.249997
4.398734,-5.149997
2.298733,-1.049997
-2.201267,-0.849997
-5.801267,-1.949997
-7.401267,1.250003
-8.701266,6.550003
-9.701266,10.85
-10.30127,12.95
-11.70127,14.35
-14.20127,17.35
