U,V
1.95,-0.8599951
1.93,-0.9099951
1.9,-0.9599951
1.88,-1.009995
1.85,-1.059995
1.82,-1.109995
1.79,-1.149995
1.76,-1.199995
1.73,-1.249995
1.7,-1.289995
1.66,-1.329995
1.63,-1.379995
1.59,-1.419995
1.55,-1.459995
1.51,-1.499995
1.47,-1.539995
1.43,-1.579995
1.39,-1.609995
1.35,-1.649995
1.31,-1.689995
1.26,-1.719995
1.22,-1.749995
1.17,-1.779995
1.12,-1.809995
1.07,-1.839995
1.03,-1.869995
0.98,-1.899995
0.93,-1.919995
0.88,-1.939995
0.82,-1.969995
0.77,-1.989995
0.72,-2.009995
0.67,-2.019995
0.61,-2.039995
0.56,-2.059995
0.51,-2.069995
0.45,-2.079995
0.4,-2.089995
0.34,-2.099995
0.29,-2.109995
0.23,-2.119995
0.18,-2.119995
0.12,-2.129995
0.07,-2.129995
0.01,-2.129995
-0.05,-2.129995
-0.09999999,-2.129995
-0.16,-2.129995
-0.21,-2.119995
-0.27,-2.109995
-0.32,-2.109995
-0.38,-2.099995
-0.43,-2.089995
-0.49,-2.079995
-0.54,-2.059995
-0.6,-2.049995
-0.65,-2.029995
-0.7,-2.009995
-0.76,-1.989995
-0.81,-1.969995
-0.86,-1.949995
-0.91,-1.929995
-0.96,-1.899995
-1.01,-1.879995
-1.06,-1.849995
-1.11,-1.819995
-1.15,-1.789995
-1.2,-1.759995
6.05,-3.689995
5.83,-3.819995
5.6,-3.949995
5.38,-4.069995
5.2,-4.169995
4.98,-4.259995
4.75,-4.349995
4.53,-4.409995
4.3,-4.479995
4.07,-4.529995
3.85,-4.569995
3.62,-4.599995
3.4,-4.619995
3.22,-4.619995
3,-4.619995
2.77,-4.609995
2.55,-4.589995
2.32,-4.569995
2.1,-4.529995
1.92,-4.489995
1.7,-4.439995
1.57,-4.379995
1.35,-4.319995
1.17,-4.249995
1,-4.179995
0.8,-4.099995
0.65,-4.009995
0.5,-3.919995
0.3,-3.829995
0.2,-3.729995
0.05,-3.639995
-0.08,-3.529995
-0.25,-3.429995
-0.38,-3.319995
-0.45,-3.209995
-0.55,-3.099995
-0.7,-2.989995
-0.8,-2.869995
-0.85,-2.759995
-0.98,-2.639995
-1.05,-2.519995
-1.13,-2.399995
-1.2,-2.289995
-1.28,-2.159995
-1.35,-2.039995
-1.35,-1.919995
-1.45,-1.799995
-1.45,-1.669995
-1.45,-1.559995
-1.53,-1.429995
-1.55,-1.309995
-1.55,-1.189995
-1.55,-1.069995
-1.55,-0.9499951
-1.6,-0.8399951
-1.55,-0.7199951
-1.55,-0.6099951
-1.53,-0.4899951
-1.5,-0.3899951
-1.43,-0.2799951
-1.4,-0.1799951
-1.38,-0.06999511
-1.35,0.03000488
-1.28,0.1300049
-1.25,0.2200049
-1.15,0.3100049
-1.1,0.3900049
-1.03,0.4800049
10.8,-6.989995
10.45,-7.239995
10,-7.469995
9.55,-7.669995
9.099999,-7.839995
8.65,-7.999995
8.2,-8.119995
7.75,-8.209995
7.3,-8.279995
6.85,-8.319995
6.4,-8.339995
5.95,-8.329995
5.5,-8.289995
5.05,-8.239995
4.6,-8.149995
4.15,-8.049994
3.7,-7.929995
3.25,-7.789995
2.9,-7.639995
2.45,-7.469995
2.1,-7.289995
1.7,-7.109995
1.4,-6.909995
1,-6.709995
0.7,-6.499995
0.4,-6.289995
0.09999999,-6.069995
-0.2,-5.859995
-0.5,-5.639995
-0.7,-5.429995
-1,-5.209995
-1.2,-4.999995
-1.4,-4.779995
-1.65,-4.569995
-1.8,-4.359995
-2.05,-4.139995
-2.2,-3.929995
-2.35,-3.709995
-2.5,-3.489995
-2.65,-3.279995
-2.8,-3.049995
-2.85,-2.829995
-3,-2.599995
-3.05,-2.379995
-3.1,-2.139995
-3.2,-1.909995
-3.2,-1.669995
-3.2,-1.429995
-3.2,-1.199995
-3.2,-0.9599951
-3.2,-0.7199951
-3.2,-0.4799951
-3.1,-0.2499951
-3.1,-0.01999512
-3,0.2100049
-2.95,0.4400049
-2.8,0.6600049
-2.75,0.8700049
-2.6,1.080005
-2.45,1.290005
-2.3,1.480005
-2.25,1.660005
-2,1.840005
-1.85,2.010005
-1.7,2.170005
-1.55,2.320005
-1.4,2.450005
-1.15,2.580005
13.9,-10.63999
13.35,-10.97999
12.75,-11.29
12.13,-11.54999
11.55,-11.79
10.9,-11.96999
10.25,-12.12
9.57,-12.21999
8.95,-12.29
8.27,-12.30999
7.6,-12.27999
6.95,-12.21
6.3,-12.08999
5.65,-11.92999
5,-11.75
4.37,-11.50999
3.8,-11.25999
3.22,-10.97999
2.65,-10.67999
2.17,-10.37
1.65,-10.04999
1.17,-9.719995
0.75,-9.399995
0.32,-9.079995
-0.05,-8.769995
-0.45,-8.469995
-0.75,-8.169995
-1.15,-7.879995
-1.45,-7.609995
-1.8,-7.329995
-2.1,-7.059995
-2.4,-6.779995
-2.65,-6.499995
-2.95,-6.209995
-3.15,-5.909995
-3.43,-5.589995
-3.65,-5.259995
-3.83,-4.909995
-4,-4.549995
-4.13,-4.149995
-4.25,-3.749995
-4.33,-3.329995
-4.4,-2.889995
-4.4,-2.439995
-4.4,-1.989995
-4.35,-1.519995
-4.25,-1.069995
-4.13,-0.6099951
-4,-0.1599951
-3.85,0.2900049
-3.65,0.7100049
-3.43,1.120005
-3.2,1.510005
-3.03,1.870005
-2.8,2.210005
-2.53,2.530005
-2.3,2.820005
-2.03,3.080005
-1.75,3.320005
-1.55,3.540005
-1.3,3.730005
-1.08,3.890005
-0.85,4.040005
-0.63,4.160005
-0.4,4.270005
-0.18,4.360005
0,4.430005
0.25,4.500005
16.2,-14.27999
15.4,-14.66
14.6,-14.97999
13.75,-15.24
12.9,-15.45999
12.1,-15.62
11.3,-15.71999
10.5,-15.76999
9.7,-15.77999
8.849999,-15.71999
8,-15.62
7.25,-15.45
6.4,-15.24
5.65,-14.97999
4.9,-14.66999
4.2,-14.33
3.5,-13.95
2.85,-13.55999
2.2,-13.14999
1.6,-12.74
1.1,-12.33
0.55,-11.92999
0,-11.54
-0.45,-11.17
-0.9,-10.80999
-1.35,-10.46999
-1.7,-10.13
-2.15,-9.799994
-2.5,-9.449995
-2.85,-9.099995
-3.2,-8.719995
-3.5,-8.309995
-3.8,-7.869995
-4,-7.399995
-4.2,-6.889995
-4.45,-6.329995
-4.6,-5.749995
-4.7,-5.119995
-4.7,-4.469995
-4.8,-3.789995
-4.7,-3.099995
-4.65,-2.399995
-4.6,-1.689995
-4.45,-0.9899951
-4.2,-0.2999951
-4,0.3600049
-3.8,1.000005
-3.5,1.610005
-3.2,2.170005
-2.85,2.680005
-2.5,3.150005
-2.2,3.560005
-1.8,3.920005
-1.5,4.230005
-1.2,4.480005
-0.9,4.680005
-0.6,4.840005
-0.3,4.960005
0,5.040005
0.2,5.100005
0.5,5.120005
0.65,5.140005
0.9,5.140005
1.05,5.140005
1.2,5.140005
1.4,5.140005
1.6,5.140005
1.75,5.150005
18.15,-17.64
17.2,-18.14999
16.2,-18.56
15.18,-18.84999
14.25,-19.05999
13.25,-19.16999
12.35,-19.21
11.45,-19.18999
10.55,-19.12
9.65,-18.98999
8.75,-18.81999
7.87,-18.59999
6.95,-18.32999
6.05,-17.99999
5.15,-17.62
4.25,-17.18999
3.4,-16.72
2.52,-16.2
1.8,-15.66999
1,-15.12
0.3,-14.58
-0.33,-14.04999
-0.95,-13.54999
-1.53,-13.05999
-2.05,-12.59999
-2.55,-12.14999
-3.05,-11.68999
-3.48,-11.21
-3.9,-10.71
-4.28,-10.14999
-4.65,-9.539995
-4.9,-8.869995
-5.15,-8.139995
-5.3,-7.339995
-5.4,-6.509995
-5.45,-5.629995
-5.4,-4.729995
-5.35,-3.809995
-5.25,-2.909995
-5.08,-1.999995
-4.85,-1.129995
-4.6,-0.2699951
-4.4,0.5400048
-4.08,1.310005
-3.75,2.030005
-3.45,2.690005
-3.1,3.280005
-2.8,3.800005
-2.45,4.240005
-2.1,4.610005
-1.8,4.910005
-1.5,5.140005
-1.25,5.310005
-0.98,5.430005
-0.7,5.500005
-0.53,5.540005
-0.3,5.540005
-0.12,5.550005
0.05,5.540005
0.3,5.550005
0.45,5.580005
0.65,5.630005
0.85,5.710005
1.02,5.820005
1.25,5.950005
1.47,6.120005
1.7,6.290005
1.95,6.490005
19,-19.85999
17.95,-20.57999
16.9,-21.12
15.9,-21.46
14.9,-21.65999
14,-21.72999
13.1,-21.72
12.3,-21.65999
11.5,-21.56999
10.65,-21.46
9.8,-21.31999
8.9,-21.14999
7.9,-20.92999
6.95,-20.64
5.9,-20.26999
4.85,-19.80999
3.8,-19.25999
2.75,-18.64
1.8,-17.96
1,-17.24999
0.2,-16.52999
-0.45,-15.83999
-1.1,-15.16999
-1.6,-14.55999
-2.2,-13.96999
-2.7,-13.41999
-3.2,-12.85999
-3.75,-12.27999
-4.2,-11.62999
-4.65,-10.88999
-5.1,-10.05999
-5.5,-9.119995
-5.8,-8.089995
-6.05,-6.979995
-6.2,-5.829995
-6.35,-4.659995
-6.4,-3.499995
-6.4,-2.379995
-6.4,-1.309995
-6.25,-0.3099951
-6.1,0.6300049
-5.9,1.520005
-5.7,2.350005
-5.4,3.130005
-5.1,3.860005
-4.7,4.510005
-4.4,5.080005
-4,5.540005
-3.7,5.880005
-3.3,6.100005
-3,6.210005
-2.7,6.210005
-2.4,6.160005
-2.15,6.060005
-1.9,5.940005
-1.7,5.840005
-1.5,5.750005
-1.3,5.710005
-1.1,5.700005
-0.95,5.770005
-0.7,5.890005
-0.5,6.090005
-0.3,6.340005
0.05,6.660005
0.5,7.020005
0.95,7.400005
1.5,7.790005
2.1,8.160005
20.3,-19.95
19.3,-21.02999
18.25,-21.88
17.2,-22.48999
16.25,-22.90999
15.35,-23.18999
14.55,-23.37
13.8,-23.49999
13.05,-23.58999
12.17,-23.63999
11.3,-23.64999
10.3,-23.56999
9.2,-23.40999
8.05,-23.12
6.9,-22.71
5.72,-22.16999
4.6,-21.54
3.65,-20.8
2.75,-20.00999
1.9,-19.18999
1.15,-18.35999
0.5,-17.56
-0.2,-16.81
-0.85,-16.10999
-1.55,-15.46999
-2.23,-14.85999
-2.95,-14.26999
-3.63,-13.62999
-4.3,-12.92999
-4.95,-12.09999
-5.5,-11.13999
-5.9,-9.999995
-6.25,-8.749995
-6.45,-7.379995
-6.6,-5.979995
-6.63,-4.589995
-6.65,-3.259995
-6.63,-2.039995
-6.6,-0.9299951
-6.53,0.07000488
-6.45,0.9900048
-6.33,1.860005
-6.2,2.700005
-6.03,3.520005
-5.75,4.330005
-5.58,5.080005
-5.3,5.750005
-5.03,6.290005
-4.75,6.710005
-4.45,6.980005
-4.15,7.120005
-3.77,7.150005
-3.45,7.100005
-3.05,7.000005
-2.65,6.870005
-2.2,6.750005
-1.75,6.640005
-1.37,6.590005
-0.95,6.590005
-0.58,6.690005
-0.15,6.880005
0.3,7.180005
0.8,7.560005
1.4,8.030005
2.1,8.530005
2.85,9.050005
3.65,9.530005
4.4,9.950005
21.9,-19.10999
21.05,-20.64999
20.1,-21.95
19.1,-22.97
18.1,-23.75999
17.25,-24.31999
16.5,-24.72999
15.75,-25.02999
15,-25.24999
14.2,-25.39999
13.3,-25.47999
12.2,-25.45
11.1,-25.3
9.9,-25.01999
8.7,-24.59999
7.65,-24.05
6.7,-23.39999
5.7,-22.66999
4.9,-21.89
4.05,-21.07999
3.2,-20.25999
2.4,-19.45
1.5,-18.65999
0.7,-17.91999
-0.2,-17.18999
-1.1,-16.48999
-1.9,-15.75999
-2.8,-14.97999
-3.6,-14.10999
-4.35,-13.09999
-5,-11.96
-5.55,-10.64999
-6,-9.219995
-6.3,-7.689995
-6.5,-6.119995
-6.65,-4.569995
-6.7,-3.079995
-6.7,-1.699995
-6.6,-0.4399951
-6.55,0.6900049
-6.5,1.720005
-6.35,2.650005
-6.2,3.530005
-5.95,4.350005
-5.7,5.110005
-5.5,5.790005
-5.2,6.400005
-4.9,6.920005
-4.6,7.360005
-4.3,7.700005
-4,7.960005
-3.7,8.140005
-3.4,8.260005
-3,8.330005
-2.6,8.370005
-2.15,8.380005
-1.7,8.380005
-1.25,8.400004
-0.8,8.470005
-0.35,8.670005
0.2,8.970005
0.7,9.430005
1.4,9.980004
2.15,10.57
2.9,11.12
3.8,11.58
4.7,11.91
5.45,12.09
20.85,-16.97999
20.38,-18.8
19.7,-20.42999
19.05,-21.8
18.4,-22.92999
17.9,-23.79
17.5,-24.47999
17.1,-24.99999
16.65,-25.41999
16.08,-25.71999
15.4,-25.92999
14.62,-26.02999
13.7,-26.04
12.85,-25.93999
12,-25.76999
11.1,-25.47999
10.2,-25.09999
9.099999,-24.55
8,-23.85999
6.8,-23.02999
5.6,-22.12
4.4,-21.2
3.3,-20.33999
2.3,-19.59999
1.35,-18.96
0.5,-18.40999
-0.3,-17.82999
-1.08,-17.12
-1.85,-16.22
-2.58,-15.04
-3.3,-13.64999
-3.95,-12.04
-4.55,-10.33
-5.05,-8.569995
-5.45,-6.809995
-5.78,-5.089995
-6.05,-3.399995
-6.18,-1.759995
-6.25,-0.1799951
-6.28,1.270005
-6.2,2.570005
-6.1,3.640005
-5.95,4.520005
-5.8,5.180005
-5.6,5.700005
-5.43,6.110005
-5.2,6.470005
-5.08,6.830005
-4.9,7.190005
-4.73,7.560005
-4.6,7.920005
-4.38,8.300005
-4.15,8.670005
-3.85,9.020004
-3.45,9.310004
-3.03,9.540005
-2.5,9.730004
-1.88,9.980004
-1.2,10.29
-0.45,10.72001
0.35,11.21
1.1,11.75
1.85,12.25
2.47,12.65
3.05,12.89
3.55,12.96
4,12.9
4.35,12.77
19.5,-14.79
19.3,-16.45
19,-17.92999
18.7,-19.17999
18.5,-20.23999
18.55,-21.14
18.7,-21.97
18.85,-22.75999
18.8,-23.50999
18.45,-24.17999
17.9,-24.72
17.3,-25.09999
16.6,-25.38999
16,-25.63999
15.4,-25.92999
14.6,-26.24999
13.6,-26.51999
12.35,-26.58999
10.9,-26.37
9.3,-25.74999
7.8,-24.83999
6.4,-23.7
5.2,-22.50999
4.05,-21.42999
3.1,-20.51999
2.1,-19.80999
1.2,-19.17999
0.4,-18.51999
-0.4,-17.67999
-1.1,-16.52999
-1.7,-15.08
-2.31,-13.31999
-2.9,-11.39999
-3.36,-9.429995
-3.9,-7.479995
-4.31,-5.599995
-4.7,-3.759995
-5.1,-1.999995
-5.4,-0.3099951
-5.65,1.190005
-5.8,2.480005
-5.95,3.440005
-6,4.160005
-6.1,4.670005
-6.2,5.110005
-6.2,5.540005
-6.1,6.030005
-6.05,6.560005
-6,7.100005
-5.85,7.640005
-5.7,8.190004
-5.5,8.750005
-5.3,9.330005
-4.85,9.900004
-4.4,10.43001
-3.75,10.94
-3,11.44
-2.25,11.93001
-1.5,12.39
-0.8,12.78
-0.2,13.1
0.25,13.33
0.7,13.41
1,13.28
1.3,12.98
1.55,12.63
1.6,12.37
1.7,12.3
19.8,-10.56999
20.13,-12.38999
20.25,-14.09999
20.25,-15.55999
20.25,-16.79
20.53,-17.75999
20.95,-18.64999
21.5,-19.56999
21.9,-20.63
22.05,-21.82999
21.9,-23.05
21.43,-24.16999
20.9,-25.13
20.28,-25.88
19.55,-26.50999
18.63,-26.99999
17.4,-27.38999
15.9,-27.56999
14.45,-27.56999
13.07,-27.33999
11.95,-26.97999
10.9,-26.47999
9.849999,-25.81999
8.5,-24.90999
6.9,-23.72
5.25,-22.26999
3.65,-20.72
2.3,-19.24999
1.25,-17.89
0.42,-16.64
-0.25,-15.34999
-0.88,-13.88999
-1.55,-12.25999
-2.18,-10.47999
-2.85,-8.669995
-3.43,-6.879995
-4.1,-5.129995
-4.63,-3.399995
-5.05,-1.709995
-5.35,-0.1299951
-5.55,1.260005
-5.7,2.340005
-5.85,3.170005
-5.95,3.780005
-6.05,4.300005
-6.23,4.820005
-6.35,5.400005
-6.43,6.060005
-6.5,6.800005
-6.38,7.630005
-6.2,8.510005
-5.83,9.390005
-5.4,10.18001
-5.03,10.83
-4.6,11.34
-4.23,11.77
-3.8,12.16
-3.25,12.51
-2.8,12.77
-2.32,12.86
-2,12.78
-1.8,12.54
-1.55,12.26
-1.17,12.08
-0.8,12.07
-0.6,12.27
-0.6,12.5
-0.67,12.54
19.3,-5.159995
20.6,-6.889995
21.7,-8.799994
22.25,-10.74
22.6,-12.55999
22.8,-14.04999
23.2,-15.27999
23.8,-16.32999
24.5,-17.42999
25.05,-18.74999
25.4,-20.26999
25.45,-21.93999
25.3,-23.60999
24.9,-25.13
24.3,-26.45
23.35,-27.46
22.2,-28.18999
20.85,-28.59999
19.5,-28.80999
18.6,-28.97999
17.8,-29.21
17,-29.46
15.9,-29.49999
14.15,-28.87
12.1,-27.49999
9.889999,-25.3
7.9,-22.75999
6.24,-20.38
5,-18.46
3.85,-17.14
2.8,-16.09999
1.75,-15.02999
0.8,-13.74
-0.09999999,-12.14999
-1,-10.41
-1.9,-8.599995
-2.8,-6.779995
-3.6,-4.979995
-4.2,-3.189995
-4.65,-1.489995
-5,0.08000488
-5.4,1.410005
-5.8,2.550005
-6.05,3.420005
-6.2,4.110005
-6.15,4.580005
-6.1,4.980005
-6.05,5.450005
-6,6.140005
-5.95,7.210005
-5.7,8.520004
-5.25,9.850004
-4.8,10.9
-4.6,11.44
-4.6,11.6
-4.8,11.58
-5,11.62
-4.8,11.83
-4.4,12.07
-3.95,12.17
-3.5,12.07
-3.2,11.85
-2.9,11.78
-2.45,12.16
-2,12.87
-1.9,13.62
-2.1,13.99
-2.3,13.59
17.1,0.1000049
18.83,-1.269995
20.4,-2.909995
21.8,-4.799995
23,-6.829995
24,-8.819995
24.85,-10.67999
25.8,-12.26999
26.7,-13.75
27.58,-15.24
28.35,-16.88
28.9,-18.7
29.25,-20.62
29.33,-22.55999
29.15,-24.47
28.58,-26.23999
27.75,-27.81999
26.68,-29.01999
25.55,-29.87
24.55,-30.37
23.5,-30.7
22.37,-30.88999
21,-30.85999
19.22,-30.32999
17.4,-29.26999
15.64,-27.62
14,-25.72999
12.49,-23.91999
10.9,-22.34999
9.12,-21.05
7.25,-19.79
5.45,-18.42999
3.85,-16.89999
2.45,-15.20999
1.15,-13.37999
-0.11,-11.41
-1.3,-9.279995
-2.31,-7.089995
-3,-4.979995
-3.5,-3.199995
-4.05,-1.709995
-4.78,-0.4399951
-5.6,0.8200049
-6.35,2.140005
-6.8,3.430005
-6.55,4.470005
-5.95,5.230005
-5.25,5.770005
-4.7,6.320005
-4.48,7.180005
-4.3,8.340005
-4.1,9.640005
-3.95,10.67
-4.03,11.07
-4.3,11.02
-4.82,10.78
-5.25,10.67
-5.18,10.91
-4.8,11.35
-4.3,11.85
-3.95,12.2
-3.9,12.39
-3.9,12.57
-3.78,12.9
-3.6,13.3
-3.52,13.46
-3.8,13.14
-3.95,12.25
14.2,2.500005
15.35,2.020005
16.8,1.470005
18.65,0.8000048
20.6,-0.1299951
22.7,-1.479995
24.8,-3.229995
26.71,-5.329995
28.3,-7.659995
29.56,-10.18999
30.5,-12.84999
31.21,-15.56999
31.7,-18.23999
31.96,-20.71
31.9,-22.97
31.7,-24.97999
31.3,-26.79
30.85,-28.29
30.4,-29.46999
29.8,-30.23999
29,-30.68999
27.85,-30.84999
26.3,-30.83999
24.6,-30.66999
22.9,-30.33999
21.3,-29.87
19.8,-29.27999
18.25,-28.49999
16.4,-27.46
14.34,-25.97999
12.1,-24.13
9.889999,-22.04
7.8,-19.96
5.99,-18.06
4.3,-16.22999
2.69,-14.26999
1.3,-12.04999
-0.01,-9.629995
-1.1,-7.289995
-1.9,-5.389995
-2.5,-3.869995
-3.15,-2.539995
-3.9,-1.039995
-4.86,0.8600048
-5.6,2.930005
-5.7,4.710005
-5.4,5.980005
-4.7,6.670005
-4.1,7.140005
-3.85,7.570005
-3.8,8.120005
-3.8,8.870005
-3.6,9.570004
-3.55,9.880005
-3.8,9.870005
-4.25,9.720005
-4.7,9.730004
-4.85,10.1
-4.6,10.76
-4.05,11.6
-3.8,12.3
-3.9,12.65
-4.2,12.79
-4.35,12.85
-4.6,12.9
-5.05,12.84
-5.8,12.47001
-6.4,11.6
15.5,3.490005
16.82,3.540005
18.45,3.600005
20.45,3.510005
22.55,3.100005
24.65,2.180005
26.65,0.8300049
28.45,-0.9699951
30.05,-3.109995
31.41,-5.639995
32.4,-8.499995
32.96,-11.62
33.1,-14.77999
32.86,-17.72
32.55,-20.38
32.2,-22.7
31.9,-24.74999
31.73,-26.47999
31.7,-27.89999
31.68,-28.95
31.5,-29.76999
30.9,-30.37
29.9,-30.88
28.63,-31.30999
27.25,-31.67999
25.87,-31.99999
24.45,-32.23999
22.75,-32.26999
20.8,-31.88999
18.55,-30.81999
16.15,-29.12
13.59,-26.85999
11.05,-24.37
8.79,-21.87
6.85,-19.40999
5.34,-16.98999
4.1,-14.5
2.87,-11.96999
1.65,-9.549994
0.65,-7.549995
-0.09999999,-5.939995
-0.55,-4.549995
-0.95,-2.929995
-1.68,-0.7299951
-2.5,1.810005
-3.33,4.190005
-3.85,6.040005
-4,7.110005
-3.9,7.730005
-3.9,8.030005
-4,8.190004
-4.15,8.370005
-4.2,8.620005
-4.08,8.940004
-4,9.150004
-4.07,9.180005
-4.25,9.240005
-4.3,9.580005
-4.25,10.16
-4.13,10.84
-4.2,11.36
-4.5,11.43001
-4.9,11.16
-5.15,10.92
-5.25,11
-5.6,11.36
-6.45,11.53
-7.25,11
16.8,5.730005
18.6,6.090005
20.6,6.260005
22.6,5.950005
24.4,5.160005
25.85,3.930005
27.1,2.480005
28.25,0.8300049
29.8,-1.069995
31.41,-3.429995
32.8,-6.149995
33.61,-9.159995
34,-12.18999
34.26,-15.00999
34.5,-17.58999
34.65,-19.89
34.7,-21.99999
34.6,-23.81999
34.5,-25.40999
34.35,-26.77999
34.2,-28.12
33.8,-29.49999
33.1,-30.89999
32.15,-32.21
31,-33.32999
29.9,-34.12999
28.7,-34.67999
27.15,-34.84999
25.2,-34.51999
22.6,-33.41
19.7,-31.65999
16.74,-29.37
14,-26.83999
11.59,-24.22999
9.5,-21.62
7.79,-19.12
6.4,-16.67999
5.29,-14.27999
4.2,-11.85999
3.29,-9.599995
2.4,-7.639995
1.8,-6.059995
1.2,-4.509995
0.44,-2.599995
-0.5,-0.2799951
-1.56,2.190005
-2.6,4.440005
-3.4,6.140005
-3.8,7.320005
-3.9,7.770005
-3.9,7.710005
-4.15,7.350005
-4.7,7.190005
-5.1,7.680005
-5.3,8.570004
-5,9.420005
-4.7,9.940004
-4.4,10.15
-4.3,10.31
-4.45,10.52
-4.7,10.68001
-4.9,10.57
-5.1,10.17
-4.85,9.630005
-4.3,9.360004
-3.8,9.540005
-3.8,9.770004
-4.3,9.570004
18.75,9.970005
19.73,9.450005
20.7,8.670005
21.93,7.580005
23.45,6.340005
25.1,5.130005
26.8,3.960005
28.7,2.610005
30.75,0.8200049
32.76,-1.539995
34.45,-4.229995
35.53,-6.979995
36.25,-9.659995
36.78,-12.21999
37.2,-14.75
37.51,-17.27999
37.65,-19.71
37.6,-21.75999
37.65,-23.39999
37.58,-24.77999
37.4,-26.30999
37.06,-28.46999
36.55,-31.16999
35.63,-33.93999
34.4,-36.17999
32.9,-37.37999
31.35,-37.78999
29.82,-37.51999
28.1,-36.82
25.87,-35.66
23.2,-34.14
20.49,-32.28999
17.85,-30.15999
15.44,-27.65999
13.25,-24.81999
11.22,-21.83999
9.4,-18.98999
7.69,-16.45
6.25,-14.08999
5.02,-11.87
4.1,-9.799994
3.4,-8.009995
2.65,-6.379995
1.9,-4.649995
1.1,-2.619995
0.39,-0.2699951
-0.4,2.130005
-1.31,4.250005
-2.05,5.930005
-2.38,6.740005
-2.45,6.740005
-2.55,6.110005
-2.95,5.600005
-3.7,5.960005
-4.4,7.180005
-4.7,8.780005
-4.65,9.980004
-4.5,10.37
-4.25,10.26
-4.15,9.990005
-4.1,9.900004
-4.08,10.13
-3.95,10.41
-3.62,10.52
-3.2,10.44
-2.55,10.26
-1.95,9.990005
-1.67,9.500005
15.8,12.61
16.6,11.56
17.6,10.92
19.65,10.5
22.5,9.860004
25.8,8.790005
28.9,7.370005
31.6,5.490005
34.1,3.190005
36.46,0.5400048
38.6,-2.239995
40.46,-4.989995
42,-7.709995
43.06,-10.49
43.4,-13.37999
43.16,-16.35999
42.6,-19.29
42.05,-21.80999
41.6,-23.63
40.95,-24.56999
40,-25.25999
39.05,-26.71
38.2,-29.39999
37.26,-33.34999
36,-37.28999
34.3,-39.98999
32.3,-41.25999
30.15,-41.05999
28.2,-40.16
26.55,-38.96
24.9,-37.71999
23.15,-36.30999
21.1,-34.48
18.69,-31.88999
16.2,-28.76999
13.99,-25.39999
12,-22.09999
10.09,-19.06999
8.3,-16.3
6.79,-13.81999
5.8,-11.54
5.24,-9.519995
4.7,-7.709995
4.05,-5.989995
3.4,-4.089995
2.74,-1.819995
2.1,0.5800049
1.35,2.710005
0.6,4.330005
0.09999999,5.170005
-0.09999999,5.410005
-0.09999999,5.120005
0,4.790005
-0.25,4.970005
-0.9,5.900005
-2,7.540005
-3.1,9.080005
-3.7,9.770004
-3.8,9.690004
-3.5,9.210005
-3.2,9.080005
-2.85,9.690004
-2.3,10.51
-1.9,11
-1.7,11.07
-1.7,10.79
-1.7,10.33
-1.45,9.660005
14.8,14.24
16.8,14.39
19,14.95
22.05,15.4
25.55,15.12
28.38,13.79
30.15,11.8
31.36,9.430005
32.95,6.860005
34.83,3.880005
36.65,0.5700049
38.36,-2.749995
40,-5.789995
41.23,-8.409995
41.9,-10.99
42.56,-13.79
43.55,-16.8
44.93,-19.89999
45.85,-23.01999
45.53,-25.88
44.3,-28.10999
42.53,-29.72999
40.6,-31.63999
38.86,-34.50999
37.1,-37.68999
35.45,-40.14
33.8,-41.44999
31.9,-41.52999
30,-41.09999
28.4,-40.60999
27.05,-40.28999
25.92,-39.89999
24.35,-38.84999
22.07,-36.58999
19.3,-33.48
16.62,-29.88999
14.3,-26.13
12.24,-22.32999
10.5,-18.72999
9.12,-15.66999
8.05,-12.97999
7.37,-10.58
6.75,-8.449995
6.32,-6.779995
5.95,-5.289995
5.32,-3.499995
4.5,-1.309995
3.72,0.9100049
3.15,2.720005
2.77,3.780005
2.4,4.320005
2.05,4.410005
1.85,4.380005
1.8,4.440005
1.6,4.800005
0.72,5.880005
-0.5,7.460005
-1.45,8.710005
-1.8,9.010005
-1.72,8.450005
-1.6,8.210005
-1.3,9.010005
-0.85,10.02
-0.62,10.35
-0.8,10.19
-1.1,10.12
-1.15,10.36
-0.73,10.58
17.1,20.38
19.65,21.87
21.8,22.34
23.55,21.58
25.3,20.2
27.15,18.45
29.1,16.36
31.5,14.07
34.4,11.66
37.11,8.660005
39.1,4.900005
40.06,0.5800049
40.6,-3.609995
40.86,-7.319995
40.9,-10.79
41.01,-14.00999
41.7,-16.82999
43.3,-19.12
44.8,-21.48999
45.06,-24.51999
44.3,-27.80999
43.41,-30.82999
42.5,-33.82
41.11,-37.07
39.1,-39.92999
37.25,-41.41999
35.8,-41.89999
34.8,-41.94999
33.7,-42.08999
32,-42.32999
29.8,-42.46999
27.65,-42.34999
25.8,-41.78999
23.94,-40.30999
21.7,-37.91999
19.14,-34.41999
16.7,-30.17999
14.34,-25.50999
12.3,-21.08999
11.04,-17.60999
10.1,-14.77999
9.04,-12.17
7.8,-9.599995
6.9,-7.509995
6.5,-5.929995
6.25,-4.449995
6.1,-2.609995
5.94,-0.5299951
5.8,1.320005
5.55,2.490005
5.1,3.130005
4.35,3.420005
3.7,3.690005
3.35,3.830005
3.2,3.830005
2.95,4.260005
2.2,5.670005
1.35,7.590005
0.8,8.600005
0.65,8.020004
0.5,7.250005
0.4,7.540005
0.6,8.360004
0.65,8.680005
0.3,8.550005
-0.25,8.780005
-0.5,9.690004
-0.05,10.86
15.7,24.04
18.62,24.92
21.35,24.01
22.78,21.89001
23.4,20.02
24.9,18.85
27.7,17.47001
30.91,15.32
33.3,12.87
35.33,10.37
37.3,7.270005
38.38,3.130005
38.35,-1.169995
38.23,-4.609995
38.85,-7.619995
39.43,-10.75
39.45,-13.84999
40.33,-16.52999
42.35,-19.12
43.43,-21.84999
42.75,-24.39999
41.8,-26.46999
41.9,-28.7
42.18,-31.66999
41.45,-34.87999
39.33,-37.52999
36.6,-39.49999
34.2,-40.85999
32.45,-41.87999
31.08,-42.52999
29.25,-42.84999
27.12,-42.62999
25.35,-41.93999
24.15,-40.77999
22.8,-39.18999
21.19,-36.64999
19.35,-33.09999
17.29,-28.52999
15.25,-23.77999
13.74,-19.80999
12.65,-16.8
11.37,-14.38999
9.9,-11.79
8.639999,-9.019995
7.9,-6.549995
7.67,-4.559995
7.8,-2.709995
8.12,-0.9199951
8.099999,0.6400049
7.67,1.690005
7.3,2.260005
7.12,2.460005
6.7,2.650005
6.05,2.940005
5.5,3.230005
5.4,3.720005
5.2,4.740005
4.8,6.160005
4.15,6.970005
3.4,6.760005
2.65,6.610005
2.42,7.270005
2.8,8.030005
3.23,7.940005
3.2,7.330005
2.6,7.220005
2.05,8.050005
1.9,9.640005
14.1,24.42
17.1,24.78
20.3,23.95
22.15,22.38
23.4,20.93
25.4,19.56001
28,17.72001
29.21,15.36
29.1,13.19
29.85,11.35
31.9,8.730004
32.66,4.360005
31.3,-0.3599951
30.61,-3.649995
32.3,-5.959995
34.21,-8.799994
34.2,-12.52999
34.26,-16.56
36.7,-20.39999
39.16,-24.17999
39.2,-27.64999
38.3,-29.76999
38.8,-30.81999
40.2,-31.47999
41.1,-32.66999
40.96,-35.05
39.2,-37.98
35.5,-40.21999
31.8,-41.23999
29.7,-41.41999
28.3,-41.82
26.9,-42.33999
25.6,-42.10999
24.95,-40.74999
24.4,-39.05999
23.59,-37.28999
22.7,-35.01999
21.39,-31.60999
19.7,-27.38
17.79,-23.08999
16,-19.52999
14.39,-16.81999
13,-14
11.99,-10.66
11.2,-7.409995
10.54,-4.819995
10.2,-2.649995
10.3,-0.9399951
10.2,0.2700049
9.9,1.010005
9.7,1.590005
9.849999,1.950005
9.8,2.070005
9.25,2.160005
8.599999,2.600005
8.099999,3.400005
7.8,4.210005
7.35,4.740005
6.9,5.000005
6.15,5.260005
5.5,6.000005
5.4,7.100005
5.8,7.800004
6,7.580005
5.9,7.110005
6.15,7.200005
6.8,8.010005
7.35,9.660005
15.35,27.7
17.65,27.68
19.45,26.03
20.1,23.97001
21,21.95
22.66,19.26
24,16.22001
24.23,13.64
24.2,11.6
24.78,9.840005
25.8,7.540005
25.29,3.610005
23.35,-1.269995
22.96,-5.479995
25.2,-8.519995
27.18,-10.88999
27.05,-13.43999
27.33,-16.71
30,-20.7
32.26,-25.47
32,-30.35999
30.66,-34.00999
30.4,-35.89999
31.35,-36.08999
33,-36.12999
35.43,-37.14999
37.2,-39.33999
36.05,-41.96999
32.85,-43.32
29.6,-42.30999
27.45,-40.73999
26.35,-40.44999
25.8,-40.66999
25.65,-39.96
25.45,-38.71999
25.1,-37.71999
24.7,-36.55999
24.22,-34.25
23.15,-30.88999
21.24,-26.65999
19.1,-22.40999
17.29,-18.87
16,-15.70999
15.17,-12.46
14.55,-9.239995
14.02,-6.279995
13.55,-3.489995
13,-1.269995
12.35,0.09000488
11.87,0.8400049
11.6,1.680005
11.57,2.500005
11.8,2.780005
12.1,2.500005
12.15,2.340005
11.87,2.470005
11.4,2.620005
10.62,2.970005
10.05,3.700005
9.77,4.680005
9.55,5.740005
9.5,6.810005
9.45,7.540005
8.97,7.670005
8.4,7.890005
8.97,8.850005
10.65,10.1
12.1,11.51
16.2,31.04
18.56,29.02
19.1,25.64001
18.1,23.59
18.2,22.17
18.71,19.42
18.3,16.15001
18.61,13.54
19.9,10.93001
20.26,7.840005
19.2,4.860005
17.66,1.900005
16.7,-1.619995
17.41,-5.459995
19.3,-8.589995
20.15,-10.46999
19.6,-12.21
20.31,-15.31999
23.4,-19.59999
25.86,-23.79
25.4,-27.18999
23,-29.25999
21.8,-30.57999
22.95,-32.25
25.4,-34.60999
28.7,-37.03999
31.5,-39.30999
32.56,-42.14
31.8,-44.48
29.74,-43.52999
27.9,-40.55999
27,-38.76999
26.5,-38.69999
25.8,-38.71999
25,-38.44999
24.6,-38.41
24.7,-37.82999
24.79,-35.91
24.4,-33.25999
22.99,-29.63
21.1,-25.21
19.34,-20.88
17.9,-17.18999
16.99,-13.87
16.6,-10.46
16.64,-6.949995
16.9,-3.809995
16.6,-1.919995
15.8,-0.9899951
14.8,-0.06999511
14.1,1.430005
13.95,2.880005
14.6,3.410005
15.5,2.740005
15.8,1.930005
15.9,1.580005
16.1,1.420005
15.35,1.620005
14.2,2.520005
13.45,3.870005
13.1,5.120005
12.85,6.500005
13.4,7.740005
13.95,8.010005
13.5,8.190004
13.19,9.720005
14.4,11.78
16.45,13.39
16.9,30.98
18.31,28.04
17.05,24.45
15.43,23.12
16,21.89001
16.01,18.38
14.3,14.74
14.51,12.23
16.7,9.190004
17.33,5.510005
15.95,2.590005
14.08,0.4700049
12.45,-1.819995
11.88,-4.879995
12.5,-8.169995
13.05,-10.10999
13.45,-11.24
14.86,-13.88999
16.8,-18.26999
17.98,-22.37
18.1,-24.54
17.72,-24.77999
18.25,-25.24999
20.13,-27.57999
22.35,-30.80999
23.78,-33.76999
24.7,-36.51999
25.78,-39.73
27,-42.71
27.8,-42.96999
28.05,-40.8
27.34,-38.02999
26.1,-36.14
24.85,-35.50999
24.05,-35.91
23.98,-36.71
24.7,-36.5
25.7,-34.96999
25.85,-33.12
24.87,-30.33999
23.7,-26.46
22.59,-22.24999
21.7,-18.43999
20.82,-14.74
19.85,-10.75
19.57,-6.769995
20.3,-3.799995
20.97,-2.859995
20.5,-2.559995
19.52,-1.279995
18.6,0.7700049
18.12,2.660005
18.7,3.610005
19.78,2.910005
20.05,1.720005
20.17,1.370005
20.95,1.360005
20.87,1.070005
19.8,1.390005
19.12,2.960005
18.7,4.630005
18.02,6.070005
18.4,7.430005
19.67,8.120005
19.7,8.590005
18.5,10.03
18.5,12.13
20.04,14.33
17.1,29.94
16.76,26.07
14.2,21.73001
12.9,20.57
14.1,19.78
13.66,16.78
11.5,13.87
12.46,11.22001
15.1,6.890005
15.06,2.490005
13.5,0.06000488
12,-1.229995
9.9,-2.279995
8.95,-3.459995
9.8,-5.889995
10.41,-8.819995
10.8,-10.84999
11.56,-13.5
11.4,-17.88
10.01,-22.06999
9.599999,-24.31999
11.05,-24.97999
12.5,-25.77999
13.1,-27.50999
13.9,-28.67999
15.05,-29.62
16.4,-31.92999
17.46,-35.35999
18.3,-38.27999
19.8,-39.39
21.7,-38.49999
22.89,-35.89999
23.5,-33.26999
23.9,-31.84999
24.3,-31.55999
24.85,-31.82999
26.4,-32.14
28.6,-32.53999
29.6,-32.35999
28.94,-30.07999
27.8,-26.42999
26.79,-22.68999
26.1,-19.14
25.29,-15.01999
24.1,-10.38999
23.59,-6.439995
24.5,-4.299995
24.95,-3.879995
24.2,-2.939995
23.99,-0.9199951
24.4,0.5200049
23.85,1.000005
23.5,1.510005
23.9,1.550005
23.8,1.170005
23.75,1.450005
25,1.830005
26.1,1.260005
25.7,0.8800049
24.85,2.090005
24.5,4.000005
24.2,5.560005
24.1,6.640005
24.5,7.450005
24.5,8.690004
24.29,10.83
24.7,13.09
25.59,15.09
15.95,27.66
15.36,24.39001
13,19.95
11.53,18.29
12.05,17.42
11.21,15.08
9.349999,13.19
11.38,10.96
14.7,5.940005
13.98,0.5300049
12.05,-2.189995
11.3,-3.189995
10.2,-3.659995
9.599999,-3.529995
10.45,-4.929995
9.96,-8.629995
8.15,-12.71999
7.06,-16.50999
6.15,-19.91999
4.3,-22.56999
3.05,-24.46
3.68,-26.27999
4.65,-28.85999
4.66,-31.68999
5,-33.09999
6.02,-32.73
6.95,-32.83999
7.43,-33.64
8.4,-34.34999
10.77,-34.50999
14.25,-33.57999
17.97,-31.55999
20.75,-29.87
22.15,-28.96
23,-28.13999
24.12,-27.48999
26.1,-27.67999
28.63,-28.89999
30.55,-29.67999
31.37,-28.24999
31.35,-25.35999
30.42,-22.15999
29.7,-18.99999
29.31,-15.04999
28.6,-10.34999
28.47,-6.609995
28.7,-4.969995
27.45,-4.389995
25.95,-2.639995
26.87,-0.2399951
28.25,0.8400049
27.62,0.7600049
26.9,1.080005
27.37,1.710005
27.65,1.980005
27.6,1.950005
28.5,1.880005
29.67,1.890005
30.3,1.870005
30.07,1.930005
29.55,2.890005
29.42,4.800005
29.35,5.920005
28.65,6.290005
28.45,7.990005
29.67,11.37
31.15,14.52
31.95,16.45
14.1,25
14.01,23.04
13.2,19.48001
12.4,17.18
12.2,15.48
11.25,13.39
9.8,12.25
11.51,10.72001
14.7,5.960005
14.26,-0.3599951
11.7,-4.619995
10.75,-6.799995
9.7,-7.749995
7.95,-7.399995
7.5,-8.399995
7.06,-12.42999
5.1,-17.08999
3.35,-20.3
2.4,-22.05
0.5,-23.71
-2.3,-25.29
-3.3,-26.2
-2.4,-26.95
-1.45,-28.13999
-1.1,-29.39999
-0.7,-29.55999
-0.4,-28.92999
0.4,-28.2
2.6,-27.89999
6.2,-27.55999
10.7,-26.51999
15.2,-25.35999
18.6,-24.76999
20.5,-24.60999
21.9,-24.71
23.25,-24.63999
25.4,-24.32999
28.4,-24.47
31.3,-25.06999
33.65,-25.02999
34.8,-23.76999
34.59,-21.2
34.6,-18.22999
34.54,-14.62
34,-10.17
33.74,-6.429995
33,-4.569995
30.95,-3.759995
30,-2.339995
31.6,-0.5799951
32.6,0.7500049
31.75,1.450005
31.4,1.760005
32.3,1.920005
33,2.130005
33.3,1.900005
32.8,1.540005
31.85,2.340005
32.5,3.240005
33.75,2.400005
32.7,1.940005
31.69,4.010005
32.5,6.120005
33.65,6.920005
34.5,8.160005
35.94,10.52
37,13.31
37.69,16.41
14.05,24.54
13.83,23.09
14.45,21.18
14.88,19.38
13.75,16.32001
11.76,12.85
10.4,10.7
11.13,8.980004
13.55,5.240005
14.04,-0.6599951
11.55,-6.229995
9.38,-10.46
7.75,-12.49
4.72,-11.21999
2.7,-11.10999
2.41,-15.58999
0.55,-20.55
-2.07,-22.40999
-2.75,-23.35999
-3.65,-25.06999
-6.8,-25.50999
-9.08,-23.72
-9.099999,-22.37
-8.599999,-22.88
-7.6,-23.00999
-5.75,-22.62
-3.9,-22.65999
-1.95,-22.14
0.65,-21.38
4.1,-20.72999
8.349999,-20.16999
12.72,-20.10999
15.85,-19.7
18.45,-18.42999
21,-17.93999
23.35,-18.65999
26.9,-19.25999
31.4,-19.72999
35.1,-20.79
37.5,-22.16999
38.95,-22.55
39.99,-20.63
41.35,-17.77999
41.47,-14.58999
40.55,-10.85999
39.72,-7.549995
38,-5.409995
36.02,-3.889995
36.2,-2.099995
37.59,0.07000488
38.1,2.200005
38.47,3.280005
39.3,2.970005
39.68,1.950005
39.35,1.440005
38.85,1.730005
37.8,2.480005
36.2,3.810005
36.55,4.810005
38.03,4.370005
36.6,4.280005
35.02,6.240005
36.95,8.190004
39.42,8.700005
40.55,9.260005
41.97,11.25
43.2,14.26
43.69,17.91
13.5,23.15
13.1,21.89001
13.4,21.95
14.15,21.24
13.1,17.5
11.21,12.82
10.6,9.310004
10.4,7.120005
11.4,4.590005
13.46,-0.1799951
12.8,-6.159995
9.86,-12.13999
7.1,-15.76999
3.59,-14.33
0.5,-13.26999
-0.74,-17.47
-2.9,-21.54
-6.45,-21.59999
-8,-22.08999
-7.95,-24.57999
-9.5,-25.59999
-10.85,-24.42999
-11.3,-23.59999
-11,-22.55
-9,-19.71
-6.7,-17.64999
-5.5,-17.85999
-4.15,-16.91999
-1.8,-14.7
1.1,-12.99
5.2,-11.64999
10.5,-10.71
15.2,-9.879995
19.55,-8.699995
23.8,-8.289995
27.85,-9.549994
32.4,-11.43999
36.4,-13.39999
39.6,-15.93999
42.16,-19.05
43.6,-20.84999
44.64,-19.55999
46,-16.92999
46.29,-14.10999
46.3,-11.21999
46.15,-9.149995
44,-7.779995
41.84,-5.699995
42,-2.369995
42.64,1.500005
43.3,4.460005
44.85,5.130005
46.2,3.940005
46.4,2.070005
45.3,1.210005
43.4,1.910005
42.3,3.120005
42.4,3.520005
42.9,3.120005
42.75,3.470005
41.4,5.340005
41.5,7.170005
43.9,7.890005
45.25,8.700005
45.1,10.38
46.14,12.66
47.7,15.2
48.89,18.39001
10.55,19.02
10.57,18.84
10.6,19.92
11.03,19.38
11.1,17.06001
10.96,13.91
11.5,9.920005
11.11,6.480005
10.6,3.870005
12.18,0.07000488
13.3,-5.189995
11.39,-12.12
8,-17.93999
4.2,-17.72999
0.09999999,-16.10999
-2.97,-18.83999
-4.65,-21.40999
-6.1,-19.8
-8.2,-18.34999
-10.75,-18.92999
-12.95,-19.47
-12.75,-18.66999
-11.7,-17.24999
-11.88,-15.25
-11.25,-12.30999
-9.05,-10.21999
-7.75,-9.589994
-6.28,-8.059995
-3.1,-5.679995
1.5,-4.149995
7.4,-2.969995
14.27,-1.729995
20.85,-0.8399951
26.9,-0.7199951
32.55,-1.499995
37.78,-3.119995
42.35,-5.359995
45.05,-8.049994
47.3,-10.75
49.43,-13.10999
50.65,-14.75
51.6,-15.12
52,-14.41
51.09,-12.37999
51.25,-10.02999
52.42,-8.599995
51.4,-7.839995
49.14,-5.899995
48.25,-2.129995
48.42,2.000005
49.75,4.540005
51.95,4.720005
53.2,3.030005
53.25,1.040005
52.15,0.7900048
50.02,1.900005
48.8,2.710005
49.47,3.120005
49.8,3.100005
48.5,3.820005
48.1,5.910005
50.17,7.370005
51.4,8.440004
51.04,11.49
51.7,14.45
52.9,15.57
54.3,17.34
57.37,21.16
8.4,16.3
9.25,17.34
10.4,18.83
10.6,18.76
10.8,18.15001
11.56,15.59
12.1,11
12.01,6.730005
11.5,3.260005
11.11,-0.7899951
11.5,-5.419995
11.56,-11.87999
9.8,-19.14
6.8,-21.75999
2.6,-20.85999
-1.95,-21.73999
-3.6,-23.16999
-3.4,-21.73999
-4.7,-19.80999
-6.7,-18.58999
-8.599999,-16.89
-8.46,-14
-7.6,-11.99
-8.8,-11.93999
-9.9,-11.84999
-8.55,-10.01999
-6.4,-7.209995
-3.61,-3.759995
0.8,-0.3299951
7.74,2.580005
15.6,5.790005
23.59,9.070004
31.6,11.13
39.15,10.37
45.8,7.470005
51.56,3.980005
56.1,0.5000049
59,-2.879995
60.9,-5.549995
61.95,-7.869995
62.5,-10.64999
62.7,-13.18999
61.3,-14.24
58,-13.26999
55.9,-11.63999
55.74,-9.179995
55.3,-6.049995
55.04,-2.949995
55.5,0.1400049
56.2,2.110005
57.6,2.430005
59.2,1.700005
59.4,0.7000049
58.65,0.1900049
57.7,0.8300049
56.35,1.580005
55.3,1.750005
55.65,2.840005
56,4.430005
55.25,5.390005
55.7,6.600005
58.24,8.490005
59,10.97001
60.24,13.89
63.6,15.41
64.45,16.3
64.5,18.66
65.8,21.17
12.65,18.1
14.15,18
14.55,18.79
12.85,19.98001
12.1,20.34
13.73,16.78
13.8,11.25
12.81,6.240005
12.95,2.030005
12.36,-2.169995
11.45,-6.609995
11.26,-11.35999
10.5,-17.40999
9.23,-22.38999
6.8,-23.92999
2.85,-24.87
1.15,-25.87
0.37,-24.3
-2.05,-22.83999
-2.28,-22.52999
-1.95,-21.05999
-4.01,-17.54
-6.35,-14.12999
-7.7,-11.81999
-7.1,-9.279995
-4.31,-6.179995
-0.75,-2.049995
4.99,3.320005
12,7.560005
18.97,10.62
25.45,14.65
34.02,19.04
43.7,20.86
50.91,18.45
56.25,14.28
60.53,10.04
63.7,5.700005
66.11,1.580005
68,-1.429995
69.45,-3.879995
70.7,-6.159995
71.23,-7.919995
70.95,-9.739995
69.3,-10.84999
67.4,-11.12999
65.85,-10.47999
64.05,-8.689995
63.44,-5.759995
64.5,-2.719995
65.57,-1.049995
65.9,-0.3399951
65.67,0.3600049
65.6,1.080005
67.17,1.110005
68.5,0.5800049
67.05,0.7600049
65.4,1.920005
65.8,3.300005
66.4,4.540005
65.57,5.530005
65.45,6.580005
66.97,8.570004
68.15,10.99
69.17,12.5
69.75,13.27
67.37,14.22001
65.05,14.94
62.72,14.77
15.7,22.38
17.55,21.21
17.1,19.79
14.3,19.57
13.2,19.48001
15.36,16.29
16.2,10.98
14.91,4.680005
14.2,-0.2599951
13.86,-3.649995
13.5,-7.769995
13.06,-11.67999
11.3,-16.18999
10.16,-22.04
10,-25.93999
7.5,-27.42999
5.3,-28.18999
5.1,-26.84999
3.2,-24.7
0.65,-23.25999
-1.4,-22.43999
-4.71,-19.68999
-6.3,-15.12
-4.01,-9.849995
0.3,-4.659995
4.04,0.2900049
7.5,5.210005
14.04,9.630005
22.2,13.51
29.44,17.89001
35.8,20.93
43.25,22.44
51.6,22.7
57.06,19.84
61,15.94
63.81,11.85
65.3,7.610005
66.21,3.350005
66.8,-0.3599951
67.9,-3.009995
69.1,-4.119995
69.8,-4.459995
71,-5.459995
71.8,-5.839995
72.6,-5.689995
73.3,-6.199995
73,-6.629995
72.75,-5.549995
74,-3.849995
75.45,-2.599995
75.8,-0.7599951
75.55,1.270005
76.2,1.410005
78.9,-0.08999512
80.7,-1.659995
77.5,-1.669995
74.1,0.01000488
74.2,1.190005
73.8,1.610005
71.6,2.330005
69.6,2.990005
69.15,4.160005
69.2,5.990005
67.3,7.870005
63.7,9.680005
60.15,10.63
57.2,10.8
52.9,11.6
12.65,23.17
14.83,21.42
14.9,19.40001
13.48,18.46
13.1,17.61
14.43,14.76
16.15,10.11
16.49,4.080005
15.9,-1.089995
15.51,-5.239995
15.35,-9.349995
15.6,-12.47999
14.8,-15.74
13.19,-21.59999
13.75,-27.18999
13.02,-27.24999
9.75,-25.95
8.28,-26.75999
7.3,-26.22999
4.35,-24.57999
0.15,-23.49999
-3.41,-20.64999
-1.65,-15.50999
3.09,-9.919995
6.25,-3.239995
9.84,3.590005
14.3,9.700005
21.49,15.61
30.1,22.53
37.77,27.68
44.3,29.32
50.55,28.43
55.95,25.34
58.66,20.56001
60.55,15.32
61.53,9.530005
61.8,4.720005
62.3,1.520005
62.8,-1.469995
63.58,-3.779995
64.2,-4.509995
64.4,-4.599995
65.2,-4.639995
66.95,-4.049995
69.15,-3.639995
70.47,-2.959995
71.2,-2.039995
72.15,-1.179995
73.05,-0.3099951
74.4,-0.04999512
75.35,0.7800049
75.5,1.340005
75.45,-0.5199951
75.25,-2.079995
75.15,-1.589995
72.85,-0.7499951
69.9,0.1600049
68.95,1.070005
67.75,1.700005
65.5,2.180005
63.3,2.460005
61.87,3.190005
61.15,4.430005
57.85,5.810005
52.6,7.610005
48.75,9.170005
45.05,10.17
40.45,11
8.7,22
10.8,20.21
11.8,17.7
12.3,16.24
13.5,15.05
14.95,12.93
17,9.090005
18.01,4.270005
17.6,0.03000488
17.91,-5.029995
17.8,-10.04999
17.9,-13.68999
18.3,-16.09999
17.36,-20.3
17.1,-26.04
16.75,-25.83999
14,-23.92999
11.8,-25.21
10.8,-25.3
8.7,-25.26999
5.9,-22.55
3.99,-15.81999
7,-10.79999
9.54,-6.639995
10.8,0.3200049
16.84,6.580005
23.3,12.68001
27.83,21.46
33.4,30.16
39.8,33.31001
46.4,34.77
52.85,34.1
56.6,28.81001
57.06,22.12
57.9,16.36
57.81,10.54
56.7,5.590005
56.4,2.890005
56.5,0.7400048
57,-1.059995
57.9,-1.309995
59.75,-1.159995
61.5,-1.169995
63.25,-0.6899951
65.7,-0.3899951
66.5,-0.6499951
66.6,-1.999995
67.7,-3.659995
68,-4.349995
68.6,-4.349995
69.5,-3.299995
69.6,-2.319995
69.1,-3.029995
67.15,-3.189995
65.9,-2.179995
64.6,-1.879995
61.4,-1.459995
59,0.02000488
58.1,1.130005
56.75,1.320005
54.7,1.680005
52.8,2.480005
51.4,2.950005
47.9,2.750005
42.8,3.360005
38.9,5.420005
35.4,7.530005
32.6,8.730004
6.05,23.07
9.23,21.53
12.4,17.59
14.65,14.8
16.45,13.46
17.2,12.48
18.85,9.890005
20.98,5.980005
21.7,2.210005
21.81,-3.229995
21.85,-9.329995
21.48,-14.25
20.9,-16.99999
20.03,-20.01999
18.9,-24.62
18.25,-25.14999
17,-23.93999
16.6,-23.77999
17.55,-23.00999
16.28,-24.29
14.9,-21.55999
14.73,-11.75
14.65,-6.189995
15.49,-3.749995
19.3,3.320005
26.91,13.14
32,19.02
31.57,22.28
33.65,28.15
39.84,33.04
45.35,35.23
50.08,33.61
53.9,28.23
54.61,22.33
54,17.49
53.63,13.31
54.45,8.890005
55.2,5.650005
54.2,3.570005
54.2,2.620005
56.6,3.290005
60.47,3.830005
63.4,3.630005
64.22,3.310005
66.25,2.490005
68.18,0.4100049
67.7,-2.129995
67.15,-3.409995
66.85,-4.609995
66.57,-5.459995
66.7,-5.039995
66.08,-5.299995
64.35,-6.609995
61.95,-7.329995
59.85,-7.259995
58.02,-6.799995
55.7,-6.389995
53.52,-5.529995
52.65,-4.149995
51.9,-3.219995
50.1,-2.719995
47.52,-2.539995
44.9,-2.629995
42,-3.439995
37.9,-3.189995
34.04,0.7500049
31.75,5.110005
31.48,6.030005
6,22.51
10.7,22.21
15.7,19.91
19,16.96
21.1,14.58
21.8,12.95
22.5,11.06
24.35,8.210005
26.4,4.740005
26.26,-0.5599951
25.9,-7.519995
25.91,-14.14999
24.9,-18.09999
23,-20.22
20.5,-22.95
20.25,-24.88
20.8,-24.63
21.95,-22.76999
24.3,-20.48999
22.8,-21.51999
21.5,-22.00999
22.13,-14.60999
19,-5.429995
19.84,2.590005
28,13.41
34.89,23.17
37.2,24.31001
35.95,23.14001
38.5,29.63
44.19,35.99001
45.2,38.02
45.16,34.42001
48.6,28.25
50.9,24.27
50.2,21.2
50.61,16.69
52.9,10.5
53.95,6.630005
52.6,5.460005
53.5,6.370005
57.7,8.250005
62.25,8.130005
64.5,7.100005
63.5,6.080005
64,4.160005
66.35,1.630005
66.1,0.1100049
64.9,-0.2599951
63.8,-2.139995
63.05,-4.029995
63.7,-4.369995
62.6,-5.759995
59.7,-7.969995
57.35,-9.769995
54.8,-10.91
52.85,-10.83
52,-10.58
49.7,-9.449995
47.6,-7.079995
46.85,-5.749995
45,-6.229995
41.5,-7.579995
38,-8.199995
35.6,-7.569995
32.6,-5.319995
30.59,-0.9899951
31.1,1.870005
31.55,1.390005
8.55,25.05
13.53,25.76
17.55,23.87
20.68,19.48001
23.85,15.51
27.33,13.89
29.5,12.51
29.63,9.280005
30.4,4.810005
29.56,-0.1199951
28.3,-6.189995
27.76,-13.05999
27.05,-18.34999
26.28,-20.48999
23.4,-21.13
21.23,-22.7
21.35,-23.38
23.1,-22.47
25.7,-20.07999
25.22,-18.49999
24.3,-16.81
26.96,-9.909995
27.25,-2.149995
27.76,7.250005
33.25,18.59
38.54,26.74
41,30.73
41.44,34.86
42.75,37.66
43.32,36.54
41.8,38.94
41.66,37.32
44.3,31.08
46.53,28.26
48.15,26.33
50.34,20.24
50.95,12.34
51.05,9.690004
52.2,10.51
54.45,11.08
57.45,10.7
59.15,8.890005
59,7.330005
56.83,6.130005
55.25,4.410005
56.15,2.310005
57.05,0.4000049
57.2,-1.099995
56.2,-4.199995
55.85,-6.839995
56.25,-7.109995
54.83,-8.199995
53,-10.38999
51.13,-11.76999
48.35,-12.18999
46.7,-12.52999
46.45,-13.26999
44.87,-13.13999
42.7,-11.67
41,-10.42999
38.65,-10.49
35.65,-11.05999
33,-10.97999
30.62,-8.819995
28.45,-5.039995
28.17,-2.449995
28.5,-1.759995
27.27,-1.289995
10.4,27.62
15.8,27.36
18.4,24.37
21.31,19.53
24.7,15.11
28.55,14.19
32.7,13.72001
33.31,10.23
33.6,4.840005
32.41,-1.309995
30.7,-7.309995
29.11,-12.06999
27.7,-15.87
29.7,-19.09999
30.3,-20.37
26.35,-19.84999
23.5,-19.09999
24.6,-19.39999
26.6,-18.66999
28.05,-16.42999
28.1,-11.93999
30.34,-3.679995
33.7,4.890005
34.79,14.17
35.9,22
39.14,30.01
42.7,39.45
43.45,43.93
42.4,38.88
39.3,35.28
37.8,39.6
38.21,36.5
38.2,30.31
38.6,27.65
41.5,24.26
45.86,19.02
46.6,14.65
45.9,13.87
46.5,14.91
48.55,14.5
51,12.62
52.25,11.24
53.3,10.25
53.3,7.980005
52.1,5.280005
52.06,2.120005
53.3,-1.709995
53.2,-3.849995
50.6,-5.879995
48.9,-8.149995
48.3,-9.269995
47.15,-10.71
46.7,-12.75
45.2,-14.62999
42.6,-14.81999
41.15,-13.71999
40.8,-13.83999
39.5,-15.01999
37,-14.84999
35,-13.58999
33.1,-13.66999
31,-14.37999
28.7,-13.83
25.94,-10.7
24,-6.479995
23.45,-3.939995
22.5,-2.969995
21.5,-3.049995
14.35,23.99
20.1,24.85
20.75,23.32
23.06,20.11
26.85,15.62
29.4,14.28
34.7,14.32
36.21,9.630005
35.85,3.130005
34.66,-3.429995
33,-9.449995
32.08,-12.26999
30.6,-12.09999
31.33,-14.00999
34.15,-18.27999
33.43,-20.25999
29.7,-19.12
27.52,-16.52999
25.9,-14.22999
25.84,-11.16
26.75,-5.739995
29.11,2.220005
32.15,12.1
33.52,20.42
33.2,26.22001
35.11,34.71
38.55,42.08001
39.28,42.77
39,40.03
35.5,42.06001
32.45,41.82
31.99,33.02
32.7,26.36
34.31,21.35
36.35,17.45
39.15,16.87
40.05,16.98001
39.42,16.84
39.7,17.78
42.83,17.73001
46.6,15.85
48.78,13.92
50.45,11.96
51.65,9.280005
51.9,6.140005
52.51,1.980005
53,-2.999995
51.5,-5.389995
49.2,-6.579995
48.2,-9.479995
47.4,-12.62
45.53,-14.43999
43.75,-15.62999
40.55,-16.84999
36.5,-16.01999
34.07,-14.17999
33.45,-14.62
31.85,-16.04
29.35,-16.17999
28.3,-15.75
27.9,-15.85999
26.53,-16.49999
24.2,-15.91999
22.07,-11.68999
20.65,-6.809995
19.25,-4.579995
18.25,-4.689995
17.38,-6.329995
21,18.40001
26,19.87
25.9,20.2
25.85,19.42
30.4,16.38
33.95,14.21
39.3,13.83
40.56,8.610004
39.5,1.400005
38.61,-5.499995
36.9,-10.96
36.15,-13.29
35.2,-12.01999
32.45,-12.21999
31.6,-16.57999
34.25,-20.91999
34.9,-21.64
31.29,-17.09999
25.2,-11.66
22.24,-6.959995
23.1,-1.359995
25.99,6.100005
27.8,13.43
28.79,19.94
30.2,28.2
31.64,35.99001
31.8,40.14
32.65,41.34
34.3,41.09
30.9,40.74001
28,34.76001
29.91,26.62
32.8,20.28
33.95,15.07
32.7,14.96
33.25,17.98001
34.9,19.35
35.85,19.62
37.7,20
41.21,17.33
43.8,12.95
44.05,10.43001
43.7,9.240005
44.25,7.420005
45,4.320005
46.26,0.2600049
46.2,-4.019995
44.2,-6.119995
43.4,-7.649995
44.56,-11.46999
44.9,-15.38999
44.5,-17.38
43.6,-19.39999
39.35,-21.05
32.7,-18.46
27.65,-13.88999
25.2,-13.79
23.35,-16.24999
22.3,-16.84999
22.15,-16.24999
22.4,-15.43999
22.1,-15.67999
19.9,-15.33
17.84,-11.47999
16,-7.339995
14.85,-6.139995
15.4,-7.369995
14.05,-9.639995
31.1,13.1
35.19,16.84
36.95,19.11
32.53,18.64001
34.5,17.98001
38.38,16.77
41.45,14.62
42.76,8.580005
42.3,1.380005
41.38,-6.069995
40.35,-10.59999
38.95,-12.75999
38.1,-13.33
36.7,-13.68999
34,-16.00999
33.3,-19.89999
35.2,-22.41999
34.94,-20.46
28.9,-14.97999
22.92,-8.359995
20.5,-2.259995
20.69,5.670005
21.8,12.87
24.61,21.86
27.3,30.01
26.64,34.56001
24.8,39.13
26.6,38.48
29.9,36.02
28.31,32.19
27.6,25.12
30.06,19.56001
30,15.22
28.65,13.73
27.95,16.77
29.4,20.39001
31.45,21.87
32.45,20.57
34.6,18.55
37.63,15.53
38.95,12.85
37.65,11.75
35.95,10.46
36.4,7.080005
37.15,3.300005
37.28,0.1200049
36.4,-2.459995
34.98,-4.029995
35.05,-6.269995
36.33,-11.01999
36.45,-15.72999
36.1,-17.26999
36.25,-18.85999
34.48,-23.67999
29.3,-24.46
22.82,-17.42999
19.45,-13.95
18.38,-16.56
18.25,-18.10999
18,-17.52999
17.7,-16.56
16.9,-16.48999
14.6,-15.2
12.2,-11.56999
10.25,-8.509995
10.55,-8.379995
11.4,-10.63999
9.5,-13.04
42.5,13.68
42.99,19.33
44.2,19.33
39.45,15.79
39.3,15.8
41.7,17.52
43.5,15.73
44.51,8.530005
43.4,0.9600049
41.21,-5.679995
40.2,-8.869995
40,-10.54
39.3,-12.51999
38.8,-14.37
38.4,-15.71999
36.85,-17.91999
35.7,-19.73999
36.8,-20.97
35.2,-19.64999
29.09,-12.97999
23.6,-4.249995
21.39,4.400005
20.8,12.41
23.24,21.99
24.2,25.95
22.94,31.34
23.4,35.93
24.81,31.04
27.8,29.47001
27.81,26.15
25.5,20.47001
25.05,15.78
23.3,12.75
22.7,13.98
24.2,18.82
26.15,21.40001
26.5,21.17
26.8,19.74
28.5,19.18
29.7,18.11
30.7,16.35
31.3,12.85
31.1,8.070004
31.11,2.830005
30.7,-1.279995
29.95,-3.789995
29,-4.429995
28.65,-4.209995
29.3,-5.029995
30.41,-8.719995
30,-12.67999
28.9,-14.37999
28.1,-16.42999
26.36,-22.64999
22.7,-26.25999
18.49,-21.2
16,-17.47999
13.8,-18.14
13.1,-18.45
13.4,-18.72
12.4,-18.79
10.15,-17.62
7.8,-14.63999
6.35,-11.21
6,-9.829995
6.2,-11.12999
5,-12.74
3.35,-13.2
44.15,21.23001
44.15,24.39001
45.05,19.87
43.58,13.77
42.5,13.1
42.37,15.21
43.2,13.65
42.81,7.510005
41.6,1.160005
40.2,-3.879995
39.15,-6.789995
39.75,-8.239995
40.15,-9.459995
38.88,-11.77999
37.75,-13.95
37.75,-16.23999
37.1,-18.31
35.3,-20.14
35.6,-19.66999
35.89,-15.22999
34.85,-7.869995
34.34,-0.6199951
31.4,6.320005
27.49,13.19
23.35,17.96
23.54,26.34
25.7,26.41
24.92,23.78
26.8,24.94
25.1,21.47001
21.2,18.12
19.63,14.18
17.55,14.17
17.97,18.39001
20.05,21.78
21.97,21.64001
21.6,21.67
20.23,20.26
19.3,18.3
20.48,16.18
24,13.69
26.81,9.080005
28.1,3.230005
29.2,-1.649995
29.4,-4.659995
28.35,-6.229995
27.1,-7.109995
25.6,-7.599995
24.4,-7.499995
23.5,-9.499995
22.1,-12.25999
20.95,-14.89999
20.6,-18.24999
18.81,-23.72
15.9,-27.3
14.9,-25.41999
13.4,-21.95
10.02,-19.27999
9,-17.84999
8.63,-18.37
6.25,-18.97999
4.12,-16.51999
3.45,-12.89999
3.55,-11.89999
2.75,-13.04999
0.75,-12.84999
-0.95,-11.7
-2.07,-11.76999
41.5,25.43
40.95,26.11
41.9,21.37
42.4,14.73
42.3,13.1
42.05,13.03
41.1,9.860004
39.45,5.010005
38.4,0.2800049
38.1,-3.289995
38.3,-6.009995
38.55,-8.159995
38.7,-9.009995
38.6,-9.379995
37.6,-11.08
36.35,-14.5
37.1,-17.76999
35.25,-19.88
33.5,-17.74999
36.09,-12.7
40,-7.439995
42.85,-3.519995
42.7,-0.1499951
37.6,2.140005
28.8,9.090005
25.75,18.94
25.4,18.46
24.5,20.73001
25.2,20.25
20.75,16.92
18.7,14.1
17.5,11.73
14.3,16.87
14.55,21.90001
16.4,22.5
18.3,21.28
17.8,22.76
15,20.2
12.6,15.88
15.8,13.53
19.8,11.59
21.5,8.580005
23.5,3.370005
25.95,-1.259995
26.8,-3.809995
24.35,-5.239995
20.9,-6.339995
19.35,-8.049994
19,-9.789995
17.95,-11.58999
16.5,-13.54
14.6,-16.48999
14.1,-19.63
13.3,-23.74999
10.9,-26.05999
10.2,-26.88999
9.5,-24.72
8.2,-20.39999
6.9,-18.37
4.5,-18.3
2.7,-18.18999
1.6,-16.25999
0.8,-14.66999
0.4,-15.5
-1.2,-15.95
-2.85,-13.02999
-3.8,-11.42999
-4.8,-11.13999
40.1,22.89001
38.53,21.73001
39.5,18.12
40.1,14.46
40.6,12.91
40.55,10.9
39.4,7.300004
37.88,3.390005
36.4,0.07000488
35.23,-3.279995
35.15,-6.449995
35.73,-8.089995
36.05,-8.869995
36.38,-9.359995
37.5,-10.37
36.5,-12.58
35.95,-14.62999
36.2,-16.73999
34.85,-16.66999
35.72,-12.42
39.45,-7.729995
41.75,-5.219995
42.75,-3.409995
41.5,-3.899995
34.75,-0.03999512
27.84,8.660005
23.35,13.86
22.75,16.63
22.45,14.53
19.23,12.42
17.3,8.720005
14.17,11.6
12.3,18.45
12.52,20.83
11.8,23.2
12.65,22.69
12.65,22.91
10.93,19.93
10.35,15.18
14.68,10.9
16.65,9.150004
16.83,8.690004
19.2,5.380005
20.55,2.530005
21.15,-1.019995
20.3,-5.079995
17.9,-7.309995
16.58,-8.539995
16.85,-10.38
16.55,-11.34999
16.5,-12.83
15.1,-15.54
12.8,-16.82999
11.1,-19.66999
9.099999,-23.22999
7.68,-25.80999
6.65,-24.18999
6.07,-20.58999
4.2,-18.38
2.25,-18.57999
1.8,-19.21
0.22,-17.81
-1.05,-16.97999
-1.85,-16.72999
-3.65,-15.51999
-3.65,-13.49
-2.55,-12.27999
-2.4,-9.749995
39.3,18.45
37.25,17.40001
37.1,15.12
37.4,13.6
37.9,11.29
37.55,8.380005
37.2,5.010005
35.4,1.940005
33.2,0.02000488
31.45,-2.289995
31,-5.219995
31.9,-7.189995
33.2,-8.319995
34.15,-10.16
35.3,-11.39999
35.4,-12.42999
34.6,-13.62
34.8,-13.89999
35.7,-14.91999
37.4,-15.00999
38.9,-12.41
39.1,-8.339995
39.9,-6.019995
39.9,-7.529995
36.8,-7.549995
30.39,-0.7999951
24.1,8.730004
21.9,10.63
19.4,10.36
18.75,9.780005
16.8,7.050005
13.74,11.79
13.3,16.1
11.55,18.57001
9,20.92
8.55,22.09
8.2,22.17
8.5,19.26
9.2,15.13
12.85,10.48
15.1,10.07
15.1,9.920005
15.3,7.470005
15.25,6.110005
15.4,2.130005
15.45,-1.759995
15.4,-5.169995
15.7,-8.479995
16.7,-10.16
16.5,-10.58
16.2,-12.99
15.55,-16.57999
13.7,-16.90999
11.15,-16.15999
7.8,-19.05999
6.1,-23.39999
6,-23.50999
4.6,-20.95
1.3,-17.06999
-0.05,-16.13
0.3,-16.65999
-0.05,-17.02999
-0.4,-18.14
-1.4,-15.46999
-2.5,-12.21999
-0.75,-11.52999
1.7,-9.549994
0.6,-6.859995
35.95,13.6
34.4,13.44
33.3,13.05
33.05,11.57
33.4,9.480004
33.68,7.230005
33.6,4.100005
32.33,0.6700048
30,-2.059995
28.45,-2.979995
28.85,-4.149995
29.6,-6.779995
30.1,-8.769995
31.1,-10.21999
31.75,-11.56999
32.63,-12.58
33.25,-14.17999
33.15,-14.91999
34,-14.72999
36.1,-15.14999
36.65,-14.80999
35.25,-12.04
36.55,-9.899995
37.47,-9.429995
36.2,-9.609995
32.52,-5.419995
27.75,4.000005
23.6,6.070005
19.15,6.340005
18.15,5.730005
14.95,5.400005
12.87,9.120005
11.9,12.99
10.02,15.62
8.05,16.32001
5.25,19.67
3.95,19.43
5.95,17.39001
7.25,14.91
9.5,11.51
10.7,10.67
10.08,9.370005
9.15,7.680005
9.4,6.330005
10.65,2.610005
11.53,-0.4999951
12.55,-3.029995
14.08,-5.549995
15.9,-7.409995
15.9,-8.519995
15.35,-9.889995
15.83,-12.62
16.6,-16.89
15,-17.81
10.15,-17.89
7.5,-20.82999
6.45,-22.83999
4.07,-18.54
0.85,-13.39999
0.3,-12.37
0.7,-12.95
0.7,-16.66999
1.05,-18.74999
1.39,-13.29999
2.6,-8.539995
3.9,-7.169995
4.95,-6.139995
5.2,-6.089995
31.6,9.250005
28.8,11.08
26.6,13.19
26.9,11.39
27.4,8.620005
28,5.660005
27.7,2.430005
27.35,-0.4399951
25.9,-1.489995
26.85,-1.639995
28.4,-3.389995
28.1,-4.759995
27.9,-5.949995
28.6,-7.559995
29.5,-9.779995
30.3,-11.13999
31.4,-12.02999
32.15,-14.50999
32.3,-15.45999
32.9,-14.08999
33.6,-13.49
32.5,-14.06999
32,-13.91999
32.8,-12.09999
32.8,-11.08
30.9,-8.009995
27.8,-1.279995
23.05,-0.1599951
18.4,0.4700049
17.15,1.470005
13.3,3.520005
11.2,6.460005
9.5,10.08
8.7,11.29
5.8,13.58
1.75,18.87
2,16.83
5.25,14.8
5.6,13.01
6.7,11.11
6.9,10.37
6.25,7.500005
5.9,4.910005
6.8,3.370005
8.099999,1.250005
10.3,-1.469995
12.2,-3.809995
13.35,-4.429995
14.6,-5.689995
15.5,-6.879995
15.5,-7.659995
15.5,-8.929995
16.2,-13.50999
16.75,-18.50999
13.4,-19.52999
8.099999,-19.47
5.1,-19.88
5.85,-15.35999
4.5,-13.16
2.85,-12.81999
2.5,-12.79
2.2,-15.64999
2.8,-15.22999
3.75,-11.33999
5.1,-8.379995
6.65,-5.229995
8.8,-4.219995
11.85,-4.479995
21.65,11.23
19.85,14.5
21.6,14.9
23.6,11.5
22.85,7.780005
22.55,5.040005
22.1,2.110005
22.6,-0.02999512
23.55,-0.2399951
25.75,-0.7399951
26.95,-2.359995
26.15,-2.689995
25.65,-3.199995
25.75,-5.019995
26.5,-7.399995
26.75,-9.559995
27.05,-10.47999
28.13,-12.25
29.2,-14.43999
29.9,-14.47999
30.4,-13.18999
30.6,-13.22999
29.95,-14.33
29.15,-14.54
28.65,-13.66
27.67,-11.02999
25.9,-6.399995
22.12,-2.839995
19.55,-0.03999512
19.25,-1.329995
14.8,-0.6499951
11.22,3.000005
8.55,6.260005
6.9,7.490005
2.65,10.99
-0.9,17.23001
0.45,16.5
1.3,15.51
1.65,14.66
5.53,10.28
6,8.310004
6.15,5.800005
7.35,4.350005
8.349999,3.620005
8.15,1.040005
9.75,-0.7499951
11.2,-3.759995
11.95,-3.919995
13.95,-2.309995
17.03,-2.229995
18.65,-4.129995
19.38,-7.849995
18.75,-11.79
18.63,-15.81999
18.05,-18.07999
12.3,-18.85999
6.85,-19.26999
8.82,-15.60999
9.2,-14.41999
6.15,-14.2
5.3,-13.46999
6.12,-13.51999
7.55,-11.46999
8.45,-8.619995
9.95,-6.019995
13.05,-3.569995
16.8,-0.5499951
20.57,3.000005
12.2,12.9
13.5,14.58
17.9,11.13
18.15,9.320004
16.8,7.160005
17.75,4.700005
18,2.280005
19.05,1.290005
21.7,0.1000049
23.5,-0.7099951
25.3,-1.069995
25.75,-2.699995
25.4,-3.949995
24.65,-5.179995
24.3,-6.359995
24.25,-7.929995
24.2,-9.099995
24.3,-10.04
24.8,-11.51999
25.8,-12.09999
26.2,-11.55999
27.1,-11.75999
28.3,-14.33999
27.9,-17.02999
25.7,-16.49999
24.75,-12.51999
24.3,-6.729995
20.4,-2.239995
18.2,-0.4399951
19.4,-3.909995
15.4,-4.609995
11.55,-0.3499951
9.5,2.640005
7.1,3.980005
2.4,6.770005
-1.8,15.02
-1.5,18.37
-0.9,16.32001
0.6,13.88
5.7,9.380005
6.8,8.980004
7.6,8.200005
8.8,7.450005
9.3,5.160005
8,0.4700049
8.3,-0.6399951
9.8,-2.919995
11.65,-2.579995
13.8,0.08000488
17.35,0.3700049
20,-1.429995
22.45,-5.989995
23.7,-10.04
23.3,-14.41999
23.9,-17.72
21.35,-19.58999
14.2,-21.22
10.9,-17.81
10.5,-14.01999
9.5,-12.83
9.3,-13.21
9.75,-12.63999
11.3,-8.399995
13.25,-3.589995
16.7,-0.6899951
20.65,1.400005
23.9,6.200005
28.1,12.28
5.7,10.5
7.05,11.02
13.65,9.610004
14.55,9.510005
14.05,6.540005
14.18,3.500005
14.55,1.670005
16.78,0.8800049
19.35,-0.3499951
20.37,-0.7199951
22.4,-1.019995
23.18,-2.239995
23.8,-3.969995
24.2,-4.759995
24.5,-4.729995
24.8,-6.329995
24.7,-8.759995
23.95,-10.31999
22.8,-11.64999
22.55,-12.74
21.95,-13.17999
21.75,-13.66999
23.45,-15.84999
25.1,-18.32999
24.85,-18.06
24.4,-13.45
23.6,-7.699995
20.52,-5.789995
17.8,-5.249995
18.23,-6.079995
15.7,-6.389995
13.35,-2.739995
11.75,-0.3499951
8.97,0.8900049
4.65,3.530005
-0.28,10.34
-2.25,15.56
-0.45,14.22001
1.2,11.31
3.55,9.930005
5.3,9.520004
6.9,8.420005
8.55,9.310004
9.65,8.980004
9.05,4.600005
8.03,1.190005
9,0.2600049
11.97,2.070005
14.05,5.050005
17.55,6.140005
20.35,3.870005
22.43,-1.749995
24.8,-5.429995
25.93,-10.71
26.2,-16.33999
26.23,-20.29
21.85,-22.87
16.52,-21.73999
12.75,-18.25999
10.87,-14.72999
12.1,-14.33999
13.27,-13.13999
14.55,-8.079995
15.87,-1.819995
18.75,3.720005
22.15,7.880005
25.45,12.21
29.15,16.87
5.7,5.610005
5.9,5.300005
11,7.520005
10.9,7.180005
10.7,3.550005
11.5,1.020005
13.3,-0.4799951
14.65,-0.8599951
14.9,0.1500049
14.85,0.7200049
16.1,-0.3599951
17.8,-0.6099951
19.7,-2.049995
20,-2.659995
21.3,-2.939995
23.15,-4.349995
24.6,-6.659995
24.25,-8.789995
23.2,-10.75999
22.05,-13.08
20.2,-14.52999
18.85,-15.83
19.7,-17.71
20.7,-19.60999
22.1,-19.21
22.8,-13.97999
22,-8.529995
20.6,-7.079995
19,-6.529995
18.5,-6.849995
16.5,-7.129995
15.45,-3.909995
15,-1.929995
12.95,-2.059995
8.5,0.2600049
3.8,6.530005
0.09999999,11.79
0,12.58
0.7,11.65
1.15,10.76
2.4,9.490005
4.65,9.040005
7.2,10.37
7.9,12.56
7.2,9.910005
7.75,7.340005
9.4,7.700005
12.05,7.760005
13.5,9.490005
15.7,10.29
18.1,8.870005
20.05,4.100005
21.8,-1.619995
23.3,-8.319995
24.7,-13.63999
26.95,-19.05999
26.1,-23.63999
21.55,-24.2
16.5,-21.75999
13.3,-17.00999
13.9,-14.25
15.9,-11.14999
17.3,-7.089995
18.15,-1.859995
19.5,4.620005
21.85,10.62
26.7,15.91
30.65,19.52
11.3,7.040005
9.57,7.090005
8.65,7.560005
7.2,5.060005
7.95,1.170005
8.679999,-0.08999512
11.15,0.08000488
12.63,0.05000488
12.5,0.8400049
12.55,0.9800048
13.6,-0.2099951
14.85,-0.6899951
16.25,-1.079995
16.6,-1.429995
18.45,-2.989995
20.15,-4.219995
21.6,-4.949995
22.48,-6.319995
23.3,-8.279995
22.25,-10.13999
21.15,-11.87999
19.83,-14.85999
19.9,-17.58999
19.8,-18.63
20.3,-17.37
20.45,-13.09999
20.5,-9.349995
20.47,-8.569995
19.05,-7.989995
18.15,-7.649995
17.6,-8.079995
15.95,-5.079995
15.9,-1.279995
15.8,-2.269995
12.75,-1.399995
7.97,4.770005
3.1,8.650004
0.5,10.46
-0.55,11.55
-0.25,11.29
0.2,11.4
2.65,11.61
4.6,11.27
4.75,11.67
5.05,10.26
6.82,10.61
9.5,12.17
11.6,11.99
11.75,11.79
13.22,11.6
16,11.27
17.1,7.530005
19.15,0.8000048
20.75,-6.429995
21.65,-12.43999
22.95,-16.24999
24.9,-20.99999
23.13,-24.72
19.35,-24.29
16.5,-17.63
16.3,-12.04999
18.67,-8.719995
20.05,-3.689995
20.37,2.540005
21.3,8.040005
24.8,14.89
29.1,19.42
31.62,21.61
9.599999,7.610005
8.349999,7.500005
6.2,5.950005
5.2,4.490005
6.1,1.550005
7.05,-0.4399951
9.4,-0.6399951
11.75,0.01000488
12.6,1.470005
14.1,2.750005
17.1,3.690005
18.25,2.700005
17.8,0.6200049
17.4,-1.539995
18.7,-3.049995
20.05,-4.079995
21,-4.689995
22.05,-5.979995
23.5,-7.989995
23.1,-9.289995
24,-10.16
24.8,-11.96
25,-14.39999
22.9,-15.10999
21.6,-13.34999
20.85,-10.84999
20.1,-8.789995
20.8,-8.519995
19.6,-8.449995
17.6,-7.989995
17.3,-8.009995
12.9,-1.849995
15.6,4.790005
18.6,0.9900048
16.4,-1.169995
10.45,3.110005
3.8,6.240005
0.8,9.360004
-1.1,10.94
0.6,11.48
1.6,12.13
1.8,12.6
1.4,11.9
3.15,10.85
5.4,11.08
6.45,11.62
8,12.57
10.1,13.87
11.6,12.75
11.8,11.2
12.5,9.900004
12.65,7.280005
14.1,2.700005
15.65,-2.529995
18.7,-10.91
19.25,-15.41
20.4,-18.09999
22.35,-22.22999
22.8,-25.71999
21.3,-20.84999
20.7,-12.77999
20.9,-7.009995
21.4,-1.159995
23.1,5.500005
24.6,11.25
27.8,17.26
30.3,20.25
31.45,22.02
5.8,6.560005
4.88,5.690005
4.1,4.550005
4.58,4.560005
6.05,3.050005
8.73,1.060005
11.4,0.1000049
14.07,1.870005
16.3,4.710005
18.67,6.310005
20.8,7.010005
21.48,4.970005
21.1,1.600005
20.6,-2.209995
20.95,-4.949995
22.05,-6.059995
23.1,-6.179995
24.4,-6.819995
25.65,-7.959995
25.3,-9.739995
25.35,-11.34999
25.87,-11.83999
27.25,-11.74
26.3,-11.55999
24.9,-11.12
23.95,-10.49
22.55,-9.709995
22.33,-9.749995
21.5,-10.45
19.12,-9.599995
16.85,-9.139995
9.349999,-6.769995
11.35,-1.829995
12.83,-1.749995
9.7,-2.349995
7.25,0.5400048
5.1,2.810005
4.37,6.130005
1.85,8.410005
2.8,9.690004
3.9,10.52
3.07,11.52
2.1,10.9
3.7,10.5
5.6,13.04
5.88,12.98
7.25,12.76
9.03,14.17
10.1,12.25
8.4,9.190004
8.15,8.040005
8.849999,5.900005
9.15,0.6500049
9.849999,-1.729995
14.35,-7.179995
16.63,-13.58999
16.8,-15.81999
19.33,-17.06999
21.6,-20.30999
23.45,-21.18999
24.95,-16.48999
24.82,-8.449995
23.8,-0.4799951
24.87,6.030005
27.35,10.83
29.25,15.3
30.2,18.83
30.17,19.90001
1,6.100005
1.1,4.890005
1.2,3.880005
2.9,4.080005
5.3,4.000005
8.349999,3.510005
11.3,3.100005
14.45,3.860005
16.6,4.770005
18.45,5.040005
19.5,4.300005
19.45,1.660005
19.4,-1.719995
20.25,-4.549995
20.7,-6.169995
21.1,-7.039995
21.6,-7.759995
23.05,-8.589995
24.8,-9.169995
26,-9.609995
26.8,-10.42999
26.3,-11.87999
25.5,-12.46999
24.75,-11.81999
24.2,-11.50999
24.35,-11.75999
24.3,-12.04999
23.9,-11.87999
23.3,-12.47999
20.85,-11.87999
19.4,-11.04999
15.8,-14.5
13.6,-13.77999
10.5,-8.229995
9,-5.469995
10.45,-2.169995
12.1,0.8200049
12,4.180005
9.5,6.490005
7.6,7.430005
6.6,7.610005
5.75,8.840005
5.2,10.15
5.15,10.78
5.5,13.35
5.5,14.27
6.9,15.03
7.25,14.63
6.1,9.400004
7.5,8.360004
9.7,9.030005
9,4.730005
8.099999,-1.119995
8.849999,-1.559995
10.9,-4.639995
13.95,-11.79
14.7,-13.52999
16.05,-14.22999
18.7,-16.01999
22.4,-17.89999
24.9,-15.27999
26.9,-7.749995
27.6,-0.1499951
26.7,6.020005
27.9,8.880005
28.4,11.1
28,15.97
27.75,18.93
-1.05,4.710005
-0.4,4.360005
0.3,3.950005
2.2,3.910005
4.9,3.470005
7.65,2.620005
9.7,2.380005
11.63,2.780005
13.7,2.690005
14.9,3.350005
15.75,2.460005
16.98,0.06000488
17.8,-2.509995
18.63,-4.549995
18.55,-5.749995
18.33,-6.819995
18.8,-7.639995
20.75,-8.179995
22.8,-9.239995
23.83,-10.08
24.65,-10.88
25.43,-11.67
25.85,-13.05999
25.63,-14.16
25.4,-14.68999
24.98,-14.99
23.9,-14.87999
22.62,-14.08
22.1,-13.62
21.68,-14.25999
21.05,-13.64999
21.4,-13.96
20.45,-14.54
18.67,-12.26999
17.9,-9.049994
17.55,-5.429995
17.8,-1.729995
17,2.640005
14.7,4.850005
11.57,6.080005
10.35,6.610005
9.2,7.060005
8.599999,8.570004
8.2,9.610004
7.05,11.75
5.37,14.25
4.75,15.87
4.93,14.44
6,10.64001
9.349999,10.9
10.05,8.890005
8.429999,3.570005
8.95,-0.05999511
8.349999,-1.329995
7.7,-4.039995
10.93,-10.63
14.2,-12.38999
15.75,-13.04999
17.3,-13.04999
20.08,-14.01999
23.15,-12.99
25,-6.769995
26.75,-1.099995
27.62,4.690005
28.7,8.830005
28.02,10.59
26.4,15.61
24.62,19.47001
-1.6,3.410005
-0.9,4.080005
0.4,4.200005
2.7,3.490005
4.9,3.570005
6.5,4.740005
6,6.170005
5,7.010005
5.7,6.270005
6.45,6.500005
6.9,5.220005
9.599999,2.170005
12.7,-0.6899951
14.5,-2.899995
15.6,-4.759995
16.05,-5.969995
16.7,-6.849995
18.85,-7.069995
21,-7.369995
21.9,-8.329995
22.8,-10.08999
23.25,-11.24
24.2,-12.96999
26.1,-14.88999
27.3,-15.81999
27,-16.42999
25.5,-16.37
23.1,-15.39999
20.9,-14.01999
21.45,-13.99
21.9,-15.25
22.35,-15.25999
23.2,-14.88999
22.65,-14.01999
21.1,-10.63999
20.5,-7.699995
19.7,-4.649995
19.75,-0.8799951
18.3,1.740005
15.3,3.800005
14.4,5.550005
12.85,6.320005
11.7,7.270005
11.55,8.510005
10.3,10.27
7.3,13.22001
5.3,14.72
5.2,14.18
6.5,14.34
7.85,11.5
7.4,6.790005
6.45,2.960005
6.1,0.3900049
4.85,-1.819995
5.6,-2.559995
7.25,-6.469995
11.8,-8.919995
14.7,-10.02999
16,-9.779995
16.75,-8.959995
18.3,-7.509995
20.25,-1.649995
22.2,4.170005
23.65,8.300005
25.2,11.12
24.85,11.77
21.8,13.99
18.2,16.21
-1.9,3.520005
-0.7,4.870005
0.65,5.430005
1.45,5.010005
2.1,5.130005
1.63,6.250005
-1.15,7.830005
-2.62,9.070004
-1.95,9.480004
0.62,9.000005
3.15,8.050005
6.17,6.870005
9.7,3.580005
12.12,0.1900049
12.65,-1.599995
12.93,-1.369995
13.65,-1.849995
14.67,-2.839995
16.25,-4.079995
17.4,-5.589995
18.35,-7.329995
18.8,-8.299994
20.5,-10.29
23.5,-13.81999
25.25,-15.67999
25.97,-16.15999
26.55,-16.88
25.65,-16.41999
23.8,-15.29
22.83,-13.72999
22.95,-13.09999
22.65,-13.63999
23.45,-13.34999
23.93,-12.97999
22.9,-11.09999
22.85,-8.279995
21.8,-5.549995
22,-3.149995
21.75,-0.2699951
20,1.810005
18.75,3.950005
16.83,5.120005
15.75,5.640005
14.55,5.940005
14.2,8.370005
11.63,11.6
9.75,12.52
7.5,14.09
5.8,14.83
4.92,10.03
5.3,5.690005
5.72,1.310005
5.15,-1.039995
4.27,-2.089995
5.25,-2.659995
5.97,-3.769995
8.55,-4.309995
8.75,-4.849995
9.2,-5.219995
9.48,-2.269995
9.7,1.090005
12.45,3.990005
14.1,7.070005
15.43,8.180005
16.45,7.960005
15.95,8.780005
14.5,11.56
13.8,15.94
-1.8,3.800005
0,5.570005
0.6,6.400005
0.05,6.440005
-0.4,6.350005
-1.85,7.360005
-3.4,8.950005
-3.45,9.730004
-3.1,11.7
-1.3,12.92
0.7,13.61
3.7,13.45
6.7,9.820004
9.3,5.010005
10.3,1.140005
10.65,0.9300048
12.3,0.9800048
13,0.03000488
13.3,-1.909995
14.7,-3.789995
16,-6.129995
16.45,-7.069995
17.8,-7.809995
20.05,-11.08999
21.8,-14.7
22.4,-15.68999
22.9,-16.06999
24,-16.47
24.8,-15.71999
24.9,-14.79999
25.1,-13.76999
23.65,-13.12
22.7,-12.17999
23.9,-11.63999
24.5,-10.33999
24.35,-7.369995
24,-5.209995
23.65,-3.969995
23.6,-1.499995
22.5,0.3000049
21.3,2.840005
20,4.080005
20,4.610005
17.85,4.280005
16.6,6.800005
14.5,9.880005
14.1,11.21
10.85,13.61
7.6,13.62
4.6,7.690005
3.6,3.980005
4.4,-0.2899951
4.7,-2.429995
5,-2.559995
4.4,-2.849995
4.45,-2.909995
5.4,-1.909995
5.35,-1.599995
4.8,-0.8899951
4.95,2.080005
5.9,4.180005
7.8,4.600005
8.7,5.250005
10.1,6.730005
10.2,8.010005
9.7,10.02
9.7,12.52
10.2,16.62
-0.75,3.880005
1.23,5.130005
0.4,5.800005
-1.62,6.760005
-2.55,7.560005
-3.07,8.690004
-3.65,9.810004
-4.05,11.68001
-3.9,14.15
-3.47,15.96
-3.15,16.83
-1.53,16.66
-0.7,15.83
-1.33,12.51
0.9,6.040005
5.32,1.830005
8.95,-0.6199951
10.87,-1.289995
11.4,-2.679995
12.05,-3.529995
13.55,-4.649995
15.82,-5.879995
17.65,-7.279995
18.72,-9.219995
19.3,-12.62999
19.95,-15.74
20.25,-17.27999
21.58,-17.56999
23.05,-16.14999
24.23,-15.08
25.65,-14.39999
25.73,-13.06999
24.55,-11.66
24.28,-10.46
25.3,-9.869995
25.35,-8.239995
25.9,-5.469995
25.58,-4.029995
25.25,-1.939995
24.63,-0.7899951
22.9,1.100005
22.25,3.070005
22.65,3.920005
20.05,3.880005
17.8,5.040005
16.3,8.000005
15.55,10.6
11.28,12.8
8.099999,12.71
4.4,5.540005
2.75,2.990005
3.95,-0.1799951
4,-3.189995
5.33,-2.539995
4.8,-2.509995
4.03,-2.629995
3.75,-0.8699951
3.7,0.03000488
1.85,1.560005
2,4.230005
3.05,5.780005
4.57,5.630005
5.7,5.380005
4.65,7.670005
4,9.960005
4.53,12.17
4,13.36
3.83,15.5
0,3.970005
0.35,5.650005
1,6.600005
-0.45,7.230005
-2.5,7.790005
-2.8,9.090005
-3.7,9.940004
-3.2,12.91
-3,15.53
-5.4,18.63
-5.8,19.13
-5.2,18.09
-3.2,19.02
-5.25,17.90001
-6,11.87
-0.15,5.450005
4.3,0.1500049
5.65,-1.029995
7,-1.619995
8.8,-0.8599951
10.1,-0.4899951
12.55,-1.859995
14.9,-4.829995
16.6,-7.459995
17,-9.589994
18.35,-13.31999
20.1,-17.96
21.95,-19.09999
23.7,-16.98999
24.8,-14.67999
25.1,-13.21
25.25,-11.75
26.4,-11.31999
26.55,-10.71
26.7,-9.259995
26.85,-9.219995
27.6,-7.739995
27.95,-5.569995
27,-2.679995
27.15,-0.6299951
25.7,0.6200049
25.75,2.410005
25.2,3.680005
22.25,4.280005
20.8,4.390005
19.05,7.630005
15,10.47001
10.2,12.13
7.9,9.860004
5.65,3.610005
3.2,2.910005
3.85,-0.1899951
4.2,-3.499995
5.35,-2.639995
5.9,-3.299995
5.9,-2.689995
5.3,-1.439995
3.55,-0.4499951
0.7,1.690005
2.3,4.110005
3.8,5.530005
3.05,5.840005
1,5.760005
-0.45,8.380005
0.5,11.39
-0.5,13.4
-2,13.76
-1.05,15.01
-0.15,4.560005
-0.32,6.090005
-0.2,6.490005
-1.63,6.520005
-3.45,7.320005
-3.13,8.530005
-2.9,9.080005
-2.97,12.94
-3.95,15.76
-7.45,19.26
-7.35,19.67
-6.58,18.42
-3.7,17.99
-5.08,18.83
-9,16.26
-5.3,11.02
0.09999999,5.050005
3.77,2.600005
6,2.030005
7.15,3.760005
7.9,4.710005
10.22,3.410005
12.35,-0.2899951
14.22,-3.919995
16.3,-6.559995
18.02,-8.769995
19.9,-12.54
21.92,-15.75
23.85,-16.01999
25.65,-14.16
25.4,-12.50999
24.48,-10.88999
25.7,-10.17999
25.47,-10.80999
25.15,-9.579995
27.3,-8.419995
28.35,-7.649995
29.4,-5.509995
28.95,-2.809995
29.53,-0.09999511
28.55,1.290005
28.18,2.310005
27.2,3.640005
25.2,4.510005
22.6,4.830005
18.2,7.500005
14.2,9.180005
11.87,10.79
7.95,5.940005
6.12,1.440005
4.5,1.320005
4.85,-0.3799951
4.75,-3.009995
5.05,-3.399995
5.45,-3.669995
4.98,-1.669995
4.9,-1.269995
4.65,-1.819995
2.05,-0.4899951
0.78,2.620005
0.5,4.160005
-1.48,4.250005
-4.2,4.290005
-3.87,8.150004
-2.9,11.87
-4.85,13.93
-4.7,15.16
-2.62,14.8
0.7,3.320005
0.65,4.910005
-0.2,6.790005
-2.4,7.080005
-3.6,8.040005
-2.05,9.140005
-0.8,9.210005
-3.55,12.47001
-4.6,14.84
-7.45,18.38
-9.5,20.02
-7.75,19.15001
-4.7,16.58
-6.45,18.61
-11.2,19.24
-10,17.02
-6,12.92
-1.55,9.850004
0.9,8.150004
2.5,7.340005
4.4,6.000005
6.25,5.520005
7.8,2.840005
8.9,0.1800049
11.5,-2.669995
14.95,-5.189995
17.5,-6.879995
20.15,-8.919995
22,-10.5
23.75,-10.76999
25.1,-11.14999
25.5,-11.59999
26.4,-10.62
25.45,-9.949995
23.6,-10.04999
25,-7.829995
26.1,-5.389995
27.3,-2.879995
27.6,-0.7599951
29.2,1.030005
29.7,1.670005
29.15,2.370005
27.7,3.340005
24.85,3.880005
20.7,5.050005
17.25,6.850005
16.1,7.600005
14.85,9.050005
8.599999,2.260005
6.3,-0.1799951
6,-0.5399951
6.95,-1.889995
6.9,-4.389995
4.85,-4.979995
3.4,-4.709995
3.9,-2.169995
4.9,-1.819995
4.65,-3.459995
2.3,-1.979995
-0.2,2.190005
-1.4,2.630005
-4.25,2.520005
-6.1,4.130005
-5.5,8.870005
-4.7,11.8
-5.45,12.75
-5.4,15.47
-3.7,14.8
2.55,2.090005
1.25,2.440005
0.8,4.880005
-0.97,6.430005
-2.25,7.200005
-1.22,8.430005
0.15,9.500005
-2.42,12.24
-4.15,13.55
-6.27,16.33
-8.8,19.04
-8.38,19.90001
-6.9,17.42
-6.7,17.42
-9.15,17.90001
-10,18.43
-8.25,17.08
-5.33,13.4
-4.6,10.63
-2.83,8.580005
1.6,5.830005
4.47,5.220005
6.05,3.360005
7.32,1.540005
8.4,-0.2199951
10.22,-2.629995
11.7,-4.489995
14.6,-4.649995
17.1,-5.899995
18.45,-6.549995
20.15,-6.929995
22.37,-7.419995
24.3,-7.139995
25.05,-6.539995
24.5,-7.239995
24.55,-6.519995
25,-4.369995
25.83,-1.209995
26.25,0.6600049
27.33,1.970005
28.1,2.650005
27.5,2.500005
25.7,2.280005
22.95,2.900005
20.5,4.690005
19.2,6.710005
18.1,7.440005
15.2,6.700005
7.8,-0.4899951
3.15,-3.129995
5.3,0.3000049
7.1,-0.1499951
7.15,-2.919995
5.45,-4.899995
4.6,-6.149995
4.93,-3.829995
5.15,-3.249995
4.55,-5.129995
2.9,-4.219995
1.2,-0.3399951
-1.7,-0.3599951
-5.62,0.7700049
-6.55,4.420005
-7.47,8.340005
-7.8,11.74
-7.17,11.74
-7.3,14.19
-6.83,15.42
