U,V
1.856687,-1.309995
1.816687,-1.359995
1.786687,-1.409995
1.746687,-1.449995
1.706687,-1.499995
1.666687,-1.539995
1.626687,-1.579995
1.586687,-1.629995
1.546687,-1.669995
1.496687,-1.709995
1.456687,-1.749995
1.406687,-1.779995
1.356687,-1.819995
1.316687,-1.849995
1.266687,-1.889995
1.216687,-1.919995
1.166687,-1.949995
1.116687,-1.979995
1.056687,-2.009995
1.006687,-2.039995
0.956687,-2.059995
0.896687,-2.089995
0.846687,-2.109995
0.786687,-2.129995
0.736687,-2.149995
0.676687,-2.169995
0.616687,-2.189995
0.556687,-2.199995
0.506687,-2.219995
0.446687,-2.229995
0.386687,-2.239995
0.326687,-2.249995
0.266687,-2.259995
0.206687,-2.259995
0.146687,-2.269995
0.08668701,-2.269995
0.02668701,-2.269995
-0.02331299,-2.269995
-0.08331299,-2.269995
-0.143313,-2.269995
-0.203313,-2.259995
-0.263313,-2.259995
-0.323313,-2.249995
-0.383313,-2.239995
-0.443313,-2.229995
-0.503313,-2.219995
-0.553313,-2.199995
-0.613313,-2.189995
-0.673313,-2.169995
-0.733313,-2.149995
-0.783313,-2.129995
-0.843313,-2.109995
-0.893313,-2.089995
-0.953313,-2.059995
-1.003313,-2.039995
-1.053313,-2.009995
-1.113313,-1.979995
-1.163313,-1.949995
-1.213313,-1.919995
-1.263313,-1.889995
-1.313313,-1.859995
-1.353313,-1.819995
-1.403313,-1.789995
-1.453313,-1.749995
-1.493313,-1.709995
-1.543313,-1.669995
-1.583313,-1.629995
-1.623313,-1.589995
5.496687,-4.319995
5.326687,-4.429995
5.096687,-4.529995
4.876687,-4.609995
4.646687,-4.689995
4.426687,-4.759995
4.246687,-4.819995
4.026687,-4.859995
3.796687,-4.899995
3.576687,-4.929995
3.346687,-4.949995
3.126687,-4.959995
2.896687,-4.959995
2.696687,-4.949995
2.496687,-4.929995
2.276687,-4.909995
2.046687,-4.869995
1.876687,-4.829995
1.646687,-4.789995
1.446687,-4.729995
1.246687,-4.659995
1.076687,-4.599995
0.896687,-4.519995
0.696687,-4.439995
0.496687,-4.349995
0.326687,-4.249995
0.146687,-4.159995
0.02668701,-4.059995
-0.153313,-3.949995
-0.303313,-3.839995
-0.403313,-3.729995
-0.553313,-3.609995
-0.703313,-3.489995
-0.803313,-3.359995
-0.903313,-3.239995
-1.053313,-3.109995
-1.153313,-2.979995
-1.223313,-2.849995
-1.353313,-2.719995
-1.403313,-2.579995
-1.503313,-2.449995
-1.573313,-2.319995
-1.603313,-2.179995
-1.673313,-2.049995
-1.703313,-1.909995
-1.803313,-1.769995
-1.803313,-1.639995
-1.823313,-1.509995
-1.903313,-1.369995
-1.903313,-1.239995
-1.903313,-1.109995
-1.903313,-0.9899951
-1.953313,-0.8599951
-1.953313,-0.7299951
-1.953313,-0.6099951
-1.923313,-0.4899951
-1.903313,-0.3799951
-1.873313,-0.2599951
-1.803313,-0.1499951
-1.803313,-0.03999512
-1.753313,0.06000488
-1.753313,0.1700049
-1.703313,0.2700049
-1.623313,0.3600049
-1.603313,0.4500049
-1.523313,0.5500049
-1.453313,0.6300049
-1.423313,0.7200049
9.496687,-7.709995
9.096686,-7.869995
8.696687,-8.009995
8.246687,-8.119995
7.796687,-8.209995
7.446687,-8.279995
6.996687,-8.329995
6.546687,-8.359995
6.096687,-8.369995
5.646687,-8.359995
5.296687,-8.329995
4.846687,-8.289995
4.396687,-8.219995
3.996687,-8.139995
3.596687,-8.049994
3.196687,-7.939995
2.796687,-7.809995
2.446687,-7.679995
2.096687,-7.529995
1.696687,-7.379995
1.396687,-7.209995
1.046687,-7.029995
0.696687,-6.849995
0.396687,-6.659995
0.09668701,-6.459995
-0.203313,-6.259995
-0.403313,-6.049995
-0.703313,-5.839995
-0.903313,-5.619995
-1.153313,-5.409995
-1.403313,-5.179995
-1.603313,-4.959995
-1.803313,-4.729995
-1.953313,-4.509995
-2.203313,-4.279995
-2.353313,-4.059995
-2.503313,-3.829995
-2.603313,-3.589995
-2.703313,-3.369995
-2.853313,-3.149995
-2.903313,-2.919995
-3.053313,-2.699995
-3.103313,-2.469995
-3.203313,-2.249995
-3.203313,-2.029995
-3.303313,-1.809995
-3.303313,-1.599995
-3.353313,-1.379995
-3.403313,-1.169995
-3.403313,-0.9699951
-3.403313,-0.7599951
-3.403313,-0.5599951
-3.403313,-0.3699951
-3.303313,-0.1699951
-3.303313,0.02000488
-3.303313,0.2000049
-3.203313,0.3900049
-3.153313,0.5700049
-3.103313,0.7400048
-3.053313,0.9100049
-3.003313,1.070005
-2.853313,1.240005
-2.803313,1.390005
-2.703313,1.540005
-2.603313,1.690005
-2.503313,1.830005
-2.403313,1.970005
-2.253313,2.110005
13.39669,-11.30999
12.74669,-11.54999
12.14669,-11.75
11.52669,-11.89999
10.84669,-12.01999
10.22669,-12.08
9.596686,-12.12999
8.926687,-12.12
8.246687,-12.08999
7.596687,-12.01999
6.946687,-11.92
6.326687,-11.79999
5.696687,-11.63999
5.046687,-11.46
4.446687,-11.26999
3.876687,-11.04
3.296687,-10.80999
2.746687,-10.55999
2.196687,-10.29
1.696687,-10.01999
1.196687,-9.739995
0.746687,-9.439995
0.296687,-9.149995
-0.123313,-8.839995
-0.553313,-8.529995
-0.873313,-8.219995
-1.253313,-7.899995
-1.603313,-7.579995
-1.953313,-7.259995
-2.203313,-6.929995
-2.453313,-6.599995
-2.723313,-6.269995
-2.953313,-5.939995
-3.153313,-5.599995
-3.403313,-5.259995
-3.553313,-4.929995
-3.703313,-4.589995
-3.823313,-4.249995
-3.953313,-3.909995
-4.053313,-3.569995
-4.103313,-3.239995
-4.173313,-2.909995
-4.203313,-2.579995
-4.253313,-2.249995
-4.253313,-1.929995
-4.203313,-1.609995
-4.153313,-1.299995
-4.123313,-0.9999951
-4.103313,-0.6999951
-4.023313,-0.4099951
-3.903313,-0.1299951
-3.823313,0.1500049
-3.703313,0.4200049
-3.603313,0.6800049
-3.403313,0.9200048
-3.303313,1.160005
-3.103313,1.380005
-3.003313,1.600005
-2.803313,1.810005
-2.623313,2.010005
-2.503313,2.190005
-2.303313,2.370005
-2.103313,2.540005
-1.923313,2.700005
-1.753313,2.850005
-1.553313,2.990005
-1.353313,3.120005
-1.173313,3.250005
16.59669,-14.76999
15.84669,-15.12
15.09669,-15.41999
14.24669,-15.64999
13.49669,-15.80999
12.64669,-15.91999
11.79669,-15.95999
10.94669,-15.95
10.09669,-15.87999
9.196687,-15.75999
8.396687,-15.58999
7.496687,-15.38999
6.696687,-15.13999
5.846687,-14.85999
4.996687,-14.54999
4.246687,-14.21999
3.496687,-13.85999
2.796687,-13.49
2.096687,-13.09999
1.446687,-12.71
0.796687,-12.29999
0.196687,-11.88999
-0.303313,-11.46999
-0.853313,-11.04999
-1.303313,-10.60999
-1.803313,-10.17
-2.203313,-9.719995
-2.603313,-9.269995
-3.003313,-8.799994
-3.303313,-8.329995
-3.603313,-7.849995
-3.903313,-7.359995
-4.103313,-6.859995
-4.303313,-6.349995
-4.503313,-5.839995
-4.653313,-5.329995
-4.803313,-4.819995
-4.853313,-4.299995
-4.903313,-3.789995
-4.903313,-3.279995
-4.903313,-2.769995
-4.903313,-2.269995
-4.803313,-1.779995
-4.753313,-1.299995
-4.703313,-0.8299951
-4.553313,-0.3699951
-4.403313,0.07000488
-4.203313,0.5100049
-4.003313,0.9200048
-3.803313,1.320005
-3.603313,1.700005
-3.353313,2.070005
-3.103313,2.410005
-2.853313,2.750005
-2.603313,3.050005
-2.303313,3.340005
-2.003313,3.600005
-1.703313,3.850005
-1.403313,4.070005
-1.103313,4.280005
-0.803313,4.460005
-0.453313,4.620005
-0.103313,4.770005
0.196687,4.890005
0.496687,4.990005
0.796687,5.080005
1.096687,5.150005
1.496687,5.210005
18.39669,-17.56
17.62669,-18.06
16.84669,-18.49999
16.02669,-18.85999
15.14669,-19.13
14.24669,-19.31999
13.34669,-19.43999
12.44669,-19.47999
11.49669,-19.43999
10.52669,-19.32999
9.546687,-19.14
8.526687,-18.89999
7.496687,-18.59999
6.576687,-18.24999
5.596687,-17.85999
4.626687,-17.41999
3.696687,-16.96
2.796687,-16.47
1.946687,-15.95999
1.176687,-15.43999
0.396687,-14.89999
-0.323313,-14.34999
-0.953313,-13.79
-1.603313,-13.21
-2.153313,-12.62
-2.653313,-12.00999
-3.153313,-11.37999
-3.553313,-10.72999
-3.953313,-10.06999
-4.303313,-9.379995
-4.603313,-8.679995
-4.903313,-7.959995
-5.103313,-7.229995
-5.353313,-6.489995
-5.503313,-5.759995
-5.553313,-5.009995
-5.653313,-4.279995
-5.623313,-3.549995
-5.603313,-2.829995
-5.503313,-2.129995
-5.403313,-1.459995
-5.203313,-0.7999951
-5.003313,-0.1799951
-4.773313,0.4300049
-4.603313,1.000005
-4.303313,1.550005
-4.003313,2.070005
-3.753313,2.560005
-3.503313,3.020005
-3.203313,3.450005
-2.903313,3.850005
-2.553313,4.220005
-2.253313,4.560005
-1.953313,4.880005
-1.653313,5.190005
-1.353313,5.460005
-1.053313,5.720005
-0.703313,5.970005
-0.353313,6.180005
-0.003312988,6.390005
0.396687,6.570005
0.746687,6.730005
1.146687,6.860005
1.546687,6.980005
1.946687,7.070005
2.396687,7.140005
2.796687,7.200005
3.176687,7.240005
19.29669,-19.39999
18.54669,-20.09999
17.79669,-20.72999
16.94669,-21.25999
16.19669,-21.71
15.34669,-22.05
14.49669,-22.30999
13.59669,-22.47
12.59669,-22.52999
11.64669,-22.48999
10.59669,-22.37
9.546687,-22.14999
8.496687,-21.84999
7.396687,-21.47999
6.296687,-21.04
5.246687,-20.54
4.196687,-19.97999
3.146687,-19.39
2.096687,-18.75999
1.196687,-18.09999
0.296687,-17.40999
-0.503313,-16.7
-1.303313,-15.96999
-2.003313,-15.21999
-2.603313,-14.43999
-3.203313,-13.63999
-3.703313,-12.80999
-4.253313,-11.96
-4.703313,-11.08
-5.053313,-10.17999
-5.403313,-9.259995
-5.703313,-8.329995
-5.903313,-7.389995
-6.153313,-6.449995
-6.203313,-5.499995
-6.303313,-4.569995
-6.303313,-3.659995
-6.203313,-2.759995
-6.103313,-1.889995
-5.853313,-1.039995
-5.603313,-0.2199951
-5.303313,0.5700049
-5.003313,1.340005
-4.603313,2.070005
-4.203313,2.780005
-3.853313,3.440005
-3.503313,4.050005
-3.053313,4.610005
-2.703313,5.110005
-2.303313,5.530005
-1.903313,5.890005
-1.603313,6.180005
-1.303313,6.430005
-1.003313,6.640005
-0.703313,6.820005
-0.403313,7.000005
-0.103313,7.160005
0.196687,7.320005
0.596687,7.470005
0.946687,7.620005
1.396687,7.750005
1.796687,7.870005
2.196687,7.970005
2.646687,8.060004
2.996687,8.150004
3.446687,8.240005
3.896687,8.320004
4.296687,8.400004
19.79669,-19.60999
19.07669,-20.59999
18.34669,-21.48999
17.59669,-22.26999
16.84669,-22.95
16.02669,-23.50999
15.24669,-23.97999
14.42669,-24.32999
13.59669,-24.58999
12.67669,-24.72999
11.74669,-24.76999
10.77669,-24.7
9.746687,-24.52999
8.646687,-24.24999
7.546687,-23.85999
6.426687,-23.38
5.296687,-22.80999
4.196687,-22.14
3.146687,-21.41999
2.096687,-20.60999
1.096687,-19.76999
0.176687,-18.88
-0.653313,-17.96
-1.523313,-17.00999
-2.253313,-16.04
-2.953313,-15.04999
-3.603313,-14.04999
-4.153313,-13.02999
-4.653313,-11.99
-5.153313,-10.93999
-5.553313,-9.879995
-5.853313,-8.809995
-6.153313,-7.739995
-6.353313,-6.669995
-6.503313,-5.609995
-6.553313,-4.549995
-6.553313,-3.489995
-6.523313,-2.439995
-6.403313,-1.399995
-6.223313,-0.3599951
-6.053313,0.6600049
-5.753313,1.670005
-5.453313,2.660005
-5.123313,3.600005
-4.753313,4.490005
-4.373313,5.290005
-3.953313,5.980005
-3.553313,6.550005
-3.103313,7.000005
-2.673313,7.320005
-2.303313,7.540005
-1.953313,7.700005
-1.603313,7.820005
-1.303313,7.930005
-0.953313,8.050005
-0.553313,8.200005
-0.153313,8.350005
0.246687,8.540005
0.746687,8.720005
1.246687,8.910005
1.696687,9.080005
2.196687,9.240005
2.646687,9.390005
3.146687,9.550005
3.646687,9.690004
4.126687,9.830005
4.646687,9.960005
5.196687,10.08
20.09669,-18.50999
19.60669,-19.76999
18.99669,-20.92999
18.30669,-21.95
17.59669,-22.85999
16.89669,-23.64999
16.19669,-24.32999
15.44669,-24.89999
14.79669,-25.38999
13.99669,-25.77999
13.19669,-26.07999
12.29669,-26.26999
11.39669,-26.35999
10.34669,-26.31999
9.296687,-26.14999
8.146687,-25.82999
6.996687,-25.37
5.896687,-24.75999
4.796687,-24.01999
3.646687,-23.14999
2.696687,-22.18999
1.696687,-21.13
0.796687,-20.01999
-0.103313,-18.85999
-0.903313,-17.68999
-1.753313,-16.51999
-2.503313,-15.33
-3.153313,-14.16
-3.803313,-13
-4.403313,-11.83999
-4.903313,-10.68999
-5.353313,-9.549994
-5.703313,-8.409995
-6.003313,-7.279995
-6.303313,-6.139995
-6.453313,-4.989995
-6.503313,-3.829995
-6.603313,-2.629995
-6.603313,-1.409995
-6.603313,-0.1399951
-6.503313,1.140005
-6.353313,2.440005
-6.203313,3.710005
-6.003313,4.920005
-5.703313,6.020005
-5.353313,6.940005
-5.003313,7.690005
-4.553313,8.230004
-4.103313,8.590005
-3.653313,8.790005
-3.203313,8.890005
-2.803313,8.930005
-2.403313,8.950005
-2.053313,9.000005
-1.703313,9.090005
-1.253313,9.250005
-0.803313,9.470005
-0.353313,9.740005
0.09668701,10.06
0.646687,10.39001
1.196687,10.73
1.696687,11.06
2.296687,11.35
2.896687,11.61
3.496687,11.84
4.096687,12.02
4.696687,12.16
5.246687,12.26
19.29669,-16.10999
19.17669,-17.55
18.99669,-18.89
18.70669,-20.10999
18.29669,-21.22
17.95669,-22.18999
17.49669,-23.07999
17.09669,-23.85999
16.64669,-24.57999
16.14669,-25.21
15.54669,-25.77999
14.87669,-26.25999
14.04669,-26.64999
13.07669,-26.89999
12.04669,-27.01999
10.89669,-26.96999
9.696687,-26.76999
8.446687,-26.37
7.246687,-25.80999
6.126687,-25.05999
5.046687,-24.18999
4.046687,-23.16999
3.096687,-22.06999
2.196687,-20.88
1.296687,-19.64999
0.466687,-18.39
-0.403313,-17.10999
-1.183313,-15.83
-2.003313,-14.54999
-2.703313,-13.29
-3.403313,-12.04
-3.953313,-10.81999
-4.503313,-9.609995
-4.973313,-8.419995
-5.403313,-7.229995
-5.723313,-6.019995
-6.003313,-4.759995
-6.233313,-3.439995
-6.403313,-2.039995
-6.483313,-0.5399951
-6.503313,1.020005
-6.553313,2.610005
-6.453313,4.170005
-6.303313,5.610005
-6.103313,6.870005
-5.823313,7.840005
-5.503313,8.530005
-5.153313,8.920005
-4.803313,9.100005
-4.473313,9.120005
-4.153313,9.060004
-3.873313,9.010005
-3.553313,9.010005
-3.253313,9.140005
-2.903313,9.390005
-2.553313,9.810004
-2.103313,10.34
-1.623313,10.97001
-1.053313,11.6
-0.453313,12.17
0.146687,12.62
0.746687,12.94
1.346687,13.13
1.926687,13.23
2.396687,13.29
2.876687,13.34
3.296687,13.41
3.726687,13.49
17.99669,-12.60999
18.40669,-14.22999
18.69669,-15.79999
18.85669,-17.26999
18.89669,-18.64
19.00669,-19.89
18.99669,-21.04
19.00669,-22.07999
18.99669,-23.05999
18.85669,-23.96
18.69669,-24.77999
18.24669,-25.50999
17.79669,-26.13
16.99669,-26.60999
16.09669,-26.95
14.99669,-27.09999
13.79669,-27.08999
12.49669,-26.88999
11.19669,-26.52999
9.996687,-26.01999
8.796687,-25.35999
7.696687,-24.57999
6.596687,-23.7
5.546687,-22.72
4.496687,-21.64
3.446687,-20.47999
2.396687,-19.24999
1.346687,-17.96
0.396687,-16.63
-0.603313,-15.26999
-1.503313,-13.91
-2.253313,-12.56999
-2.903313,-11.24
-3.503313,-9.939995
-4.003313,-8.639995
-4.553313,-7.309995
-4.903313,-5.909995
-5.303313,-4.399995
-5.603313,-2.779995
-5.853313,-1.029995
-6.003313,0.8000048
-6.053313,2.650005
-6.103313,4.430005
-6.003313,6.020005
-5.903313,7.350005
-5.853313,8.270004
-5.703313,8.850005
-5.553313,9.060004
-5.503313,9.040005
-5.353313,8.890005
-5.203313,8.740005
-5.053313,8.700005
-4.903313,8.800005
-4.653313,9.120005
-4.403313,9.620005
-4.003313,10.32
-3.603313,11.13
-3.053313,11.97001
-2.503313,12.72001
-1.953313,13.28
-1.403313,13.63
-0.803313,13.74
-0.303313,13.71
0.146687,13.63
0.496687,13.57
0.746687,13.59
0.996687,13.68
1.196687,13.82
17.34669,-8.579995
18.10669,-10.24
18.79669,-11.92999
19.35669,-13.59999
19.84669,-15.24
20.25669,-16.77999
20.59669,-18.25999
20.90669,-19.63
21.19669,-20.92999
21.47669,-22.14
21.59669,-23.29
21.62669,-24.33999
21.49669,-25.31999
21.12669,-26.14999
20.54669,-26.83999
19.77669,-27.31999
18.84669,-27.59999
17.79669,-27.65999
16.69669,-27.54
15.52669,-27.24999
14.34669,-26.82999
13.12669,-26.29
11.89669,-25.64999
10.59669,-24.88999
9.196687,-23.98999
7.716687,-22.93999
6.246687,-21.73999
4.816687,-20.39999
3.446687,-18.97999
2.166687,-17.51999
0.996687,-16.06
0.04668701,-14.62999
-0.903313,-13.21999
-1.633313,-11.83999
-2.353313,-10.42999
-3.003313,-8.939995
-3.603313,-7.379995
-4.133313,-5.669995
-4.553313,-3.839995
-4.933313,-1.889995
-5.303313,0.1000049
-5.503313,2.080005
-5.703313,3.950005
-5.853313,5.580005
-5.953313,6.910005
-6.073313,7.820005
-6.203313,8.360004
-6.253313,8.530005
-6.303313,8.480004
-6.353313,8.350005
-6.353313,8.290005
-6.253313,8.440004
-6.053313,8.790005
-5.853313,9.400004
-5.553313,10.13
-5.203313,10.96
-4.853313,11.8
-4.473313,12.57
-4.103313,13.21
-3.673313,13.64
-3.203313,13.88
-2.703313,13.92
-2.203313,13.86
-1.803313,13.77
-1.503313,13.69
-1.373313,13.66
-1.353313,13.65
-1.253313,13.66
16.59669,-4.919995
17.60669,-6.309995
18.59669,-7.819995
19.60669,-9.449995
20.49669,-11.13999
21.35669,-12.84999
22.09669,-14.56999
22.70669,-16.24999
23.29669,-17.88
23.85669,-19.45
24.19669,-20.96
24.45669,-22.40999
24.59669,-23.80999
24.45669,-25.12
24.19669,-26.31999
23.69669,-27.31999
22.99669,-28.12
22.24669,-28.63999
21.49669,-28.93999
20.54669,-29.01999
19.59669,-28.91999
18.49669,-28.65999
17.19669,-28.24999
15.74669,-27.63999
14.09669,-26.82999
12.39669,-25.75999
10.59669,-24.47999
8.946687,-23.01999
7.296687,-21.47
5.846687,-19.90999
4.496687,-18.38
3.246687,-16.91999
2.096687,-15.47999
0.946687,-14.04
-0.103313,-12.52999
-1.103313,-10.89999
-2.003313,-9.139995
-2.753313,-7.249995
-3.503313,-5.259995
-4.053313,-3.209995
-4.503313,-1.139995
-4.953313,0.8700049
-5.303313,2.760005
-5.703313,4.400005
-6.003313,5.780005
-6.303313,6.740005
-6.503313,7.360005
-6.653313,7.580005
-6.803313,7.590005
-6.853313,7.510005
-6.903313,7.520005
-6.853313,7.820005
-6.803313,8.410005
-6.603313,9.260005
-6.403313,10.21
-6.153313,11.12
-5.903313,11.91
-5.703313,12.52
-5.403313,12.95
-5.153313,13.22001
-4.803313,13.39
-4.353313,13.49
-3.803313,13.56
-3.403313,13.63
-3.103313,13.67
-2.953313,13.63
-3.003313,13.49
-2.953313,13.26
15.44669,-1.949995
16.40669,-2.959995
17.39669,-4.119995
18.52669,-5.429995
19.64669,-6.869995
20.77669,-8.439995
21.89669,-10.08
23.02669,-11.77999
24.09669,-13.5
25.15669,-15.24
26.04669,-17.00999
26.77669,-18.79
27.29669,-20.56999
27.50669,-22.29
27.39669,-23.93999
27.07669,-25.45
26.49669,-26.81999
25.72669,-27.95
24.89669,-28.87
24.02669,-29.51999
23.09669,-29.97999
21.99669,-30.16999
20.84669,-30.15999
19.52669,-29.83999
17.99669,-29.25999
16.34669,-28.35999
14.69669,-27.21999
13.11669,-25.88999
11.64669,-24.48999
10.21669,-23.08999
8.846686,-21.7
7.296687,-20.31999
5.746687,-18.85999
4.166687,-17.26999
2.596687,-15.51999
1.166687,-13.58
-0.103313,-11.51999
-1.133313,-9.349995
-2.053313,-7.159995
-2.753313,-4.989995
-3.353313,-2.879995
-3.933313,-0.8599951
-4.403313,1.060005
-4.953313,2.810005
-5.403313,4.350005
-5.853313,5.520005
-6.153313,6.350005
-6.253313,6.760005
-6.253313,6.910005
-6.173313,6.880005
-6.103313,6.860005
-6.123313,7.120005
-6.253313,7.720005
-6.323313,8.680005
-6.353313,9.770004
-6.273313,10.76
-6.153313,11.54
-5.923313,12.02
-5.653313,12.3
-5.353313,12.48
-5.003313,12.65
-4.753313,12.88
-4.453313,13.15
-4.223313,13.39
-4.053313,13.52
-3.953313,13.42
-3.953313,13.12
-3.973313,12.67
14.99669,0.6400049
16.04669,0.1200049
16.99669,-0.4599951
18.05669,-1.209995
19.09669,-2.169995
20.20669,-3.399995
21.39669,-4.859995
22.75669,-6.539995
24.09669,-8.379995
25.40669,-10.33999
26.69669,-12.35999
27.90669,-14.41999
28.89669,-16.47999
29.70669,-18.52999
30.19669,-20.52999
30.40669,-22.43999
30.19669,-24.24999
29.65669,-25.85999
28.89669,-27.27999
27.95669,-28.42999
26.89669,-29.33999
25.59669,-29.97999
24.29669,-30.38999
22.84669,-30.52999
21.39669,-30.43999
19.89669,-30.07999
18.49669,-29.49999
17.14669,-28.72999
15.79669,-27.83999
14.39669,-26.83999
12.79669,-25.72999
11.04669,-24.41999
9.096686,-22.87
7.146687,-21.00999
5.196687,-18.89999
3.446687,-16.55
1.896687,-14.08
0.646687,-11.58999
-0.403313,-9.159995
-1.203313,-6.869995
-1.803313,-4.729995
-2.353313,-2.729995
-2.903313,-0.7999951
-3.503313,1.070005
-4.203313,2.860005
-4.803313,4.380005
-5.203313,5.550005
-5.353313,6.200005
-5.303313,6.470005
-5.153313,6.430005
-5.003313,6.320005
-5.003313,6.440005
-5.103313,6.950005
-5.353313,7.950005
-5.603313,9.150004
-5.703313,10.26
-5.603313,11.11
-5.453313,11.58
-5.203313,11.82
-4.903313,11.98
-4.603313,12.18001
-4.453313,12.5
-4.403313,12.86
-4.453313,13.11
-4.503313,13.16
-4.403313,12.87
-4.403313,12.36
-4.543313,11.72001
15.49669,2.820005
16.67669,2.740005
17.89669,2.540005
19.14669,2.150005
20.39669,1.570005
21.67669,0.7200049
22.94669,-0.3699951
24.20669,-1.749995
25.39669,-3.359995
26.57669,-5.189995
27.69669,-7.169995
28.80669,-9.299994
29.84669,-11.55999
30.80669,-13.91999
31.59669,-16.34999
32.12669,-18.77999
32.44669,-21.14
32.45669,-23.3
32.09669,-25.24999
31.55669,-26.87
30.69669,-28.21
29.72669,-29.21999
28.59669,-30.02999
27.29669,-30.65999
25.99669,-31.13999
24.54669,-31.42999
23.04669,-31.50999
21.57669,-31.33999
20.04669,-30.95
18.24669,-30.27999
16.29669,-29.33999
14.14669,-28.02999
11.94669,-26.34999
9.666687,-24.27999
7.596687,-21.91999
5.746687,-19.30999
4.096687,-16.58999
2.716687,-13.84999
1.596687,-11.16
0.696687,-8.669995
0.04668701,-6.419995
-0.403313,-4.419995
-0.953313,-2.559995
-1.553313,-0.6999951
-2.303313,1.220005
-3.083313,3.100005
-3.703313,4.740005
-4.023313,5.800005
-4.153313,6.290005
-4.123313,6.190005
-4.053313,5.870005
-4.103313,5.730005
-4.253313,6.000005
-4.473313,6.920005
-4.653313,8.220005
-4.753313,9.630005
-4.703313,10.81
-4.623313,11.44
-4.453313,11.66
-4.273313,11.66
-4.153313,11.69
-4.123313,11.9
-4.153313,12.19
-4.203313,12.39
-4.253313,12.33
-4.223313,11.91
-4.153313,11.25
-4.023313,10.52
16.39669,4.840005
17.89669,4.870005
19.39669,4.780005
20.89669,4.510005
22.49669,4.040005
24.09669,3.290005
25.69669,2.270005
27.15669,0.9500049
28.49669,-0.5699951
29.70669,-2.249995
30.79669,-4.019995
31.65669,-5.929995
32.49669,-7.989995
33.10669,-10.26999
33.69669,-12.74
33.95669,-15.37999
34.09669,-18.07999
34.05669,-20.73999
33.89669,-23.3
33.55669,-25.60999
33.09669,-27.62
32.45669,-29.2
31.69669,-30.46999
30.94669,-31.46
29.99669,-32.3
28.89669,-32.98999
27.59669,-33.51999
26.04669,-33.75999
24.29669,-33.69999
22.19669,-33.21999
19.99669,-32.34999
17.59669,-30.99999
15.19669,-29.23999
12.79669,-27.06999
10.59669,-24.59999
8.546687,-21.89
6.696687,-19.04
5.146687,-16.09999
3.796687,-13.16999
2.796687,-10.42999
2.096687,-7.969995
1.546687,-5.949995
0.996687,-4.199995
0.346687,-2.509995
-0.503313,-0.6799951
-1.503313,1.350005
-2.303313,3.390005
-2.853313,4.990005
-3.203313,5.940005
-3.303313,5.980005
-3.403313,5.540005
-3.453313,5.090005
-3.603313,5.100005
-3.753313,5.900005
-3.903313,7.290005
-4.003313,9.010005
-3.903313,10.54
-3.803313,11.4
-3.703313,11.66
-3.603313,11.49
-3.603313,11.31
-3.553313,11.34
-3.503313,11.52
-3.503313,11.7
-3.503313,11.65
-3.343313,11.2
-3.203313,10.47001
-2.843313,9.620005
17.79669,9.030005
19.69669,9.180005
21.64669,9.170005
23.72669,8.940004
25.89669,8.440004
28.15669,7.540005
30.39669,6.230005
32.42669,4.480005
34.14669,2.440005
35.52669,0.1900049
36.59669,-2.149995
37.50669,-4.529995
38.19669,-6.929995
38.55669,-9.319995
38.59669,-11.67999
38.25669,-13.92999
37.74669,-16.10999
37.17669,-18.32999
36.74669,-20.71
36.12669,-23.24999
35.39669,-25.8
34.55669,-28.13999
33.64669,-30.18999
32.82669,-31.80999
32.04669,-33.12
31.14669,-34.12
30.09669,-34.89999
28.74669,-35.37
27.19669,-35.53999
25.39669,-35.33999
23.44669,-34.77999
21.41669,-33.77999
19.24669,-32.35999
16.91669,-30.42999
14.54669,-28.04
12.19669,-25.21
9.996687,-22.09999
7.986687,-18.82999
6.346687,-15.54
5.066687,-12.47999
4.146687,-9.759995
3.416687,-7.619995
2.746687,-5.859995
2.016687,-4.309995
1.196687,-2.629995
0.216687,-0.6099951
-0.703313,1.590005
-1.533313,3.580005
-2.103313,5.030005
-2.473313,5.530005
-2.653313,5.380005
-2.603313,4.940005
-2.503313,4.750005
-2.423313,5.310005
-2.453313,6.560005
-2.633313,8.300005
-2.753313,9.930005
-2.873313,10.95
-2.853313,11.4
-2.803313,11.37
-2.703313,11.22001
-2.623313,11.17
-2.503313,11.26
-2.373313,11.36
-2.303313,11.32
-2.173313,10.95
-1.953313,10.28
-1.543313,9.420005
19.09669,13.13
21.49669,13.53
23.89669,13.71
26.29669,13.51
28.79669,12.86
31.20669,11.64
33.49669,9.990005
35.55669,8.000005
37.29669,5.860005
39.00669,3.540005
40.59669,1.030005
41.90669,-1.749995
42.99669,-4.659995
43.80669,-7.539995
44.09669,-10.27999
43.95669,-12.83999
43.39669,-15.25999
42.75669,-17.55
42.09669,-19.83999
41.30669,-22.27999
40.29668,-24.81999
38.90668,-27.33999
37.39669,-29.73999
35.90668,-31.85999
34.49669,-33.62999
33.20669,-34.98999
31.89669,-36
30.39669,-36.64
28.89669,-37
27.44669,-37.08999
26.09669,-36.98999
24.59669,-36.58999
22.99669,-35.80999
20.84669,-34.34999
18.39669,-32.21999
15.78669,-29.29999
13.19669,-25.87
10.83669,-22.12
8.796687,-18.34999
7.336687,-14.85999
6.096687,-11.81999
5.196687,-9.449995
4.396687,-7.549995
3.696687,-5.989995
2.996687,-4.389995
2.346687,-2.509995
1.596687,-0.3899951
0.746687,1.730005
-0.103313,3.520005
-0.7533129,4.550005
-1.203313,4.970005
-1.253313,4.990005
-0.903313,5.050005
-0.603313,5.560005
-0.303313,6.540005
-0.403313,7.950005
-0.703313,9.370005
-1.103313,10.39001
-1.403313,11.02
-1.553313,11.24
-1.503313,11.28
-1.303313,11.29
-1.103313,11.32
-0.953313,11.35
-0.903313,11.27
-0.803313,10.97001
-0.703313,10.45
-0.393313,9.720005
19.64669,17.86
22.12669,18.54
24.59669,18.74
27.02669,18.21
29.49669,17.02
31.80669,15.16
33.99669,12.94
35.87669,10.5
37.54668,8.060004
39.25669,5.730005
41.14669,3.320005
43.10669,0.5700049
44.69669,-2.499995
45.80669,-5.709995
46.64669,-8.829995
47.45669,-11.80999
48.14669,-14.87999
48.30669,-18.08999
47.84669,-21.25999
46.77669,-24.14999
45.44669,-26.74999
43.80669,-29.04999
42.04669,-31.17999
40.25669,-33.18999
38.34669,-35.00999
36.45669,-36.48999
34.49669,-37.64
32.69669,-38.46999
30.89669,-39.05
29.32669,-39.37
27.84669,-39.46999
26.37669,-39.28999
24.89669,-38.80999
23.06669,-37.73999
20.89669,-36
18.46669,-33.32
15.89669,-29.87
13.38669,-25.77999
11.24669,-21.50999
9.536687,-17.55
8.196687,-14.09999
7.096687,-11.37999
6.146687,-9.139995
5.416687,-7.259995
4.896687,-5.459995
4.616687,-3.619995
4.346687,-1.729995
3.996687,0.1200049
3.446687,1.780005
2.696687,3.010005
1.996687,3.880005
1.546687,4.450005
1.446687,5.000005
1.626687,5.720005
1.896687,6.600005
2.026687,7.620005
1.796687,8.640005
1.326687,9.500005
0.796687,10.17
0.376687,10.58
0.246687,10.78
0.276687,10.86
0.396687,10.89001
0.526687,10.93001
0.546687,10.93001
0.496687,10.83
0.546687,10.67
0.726687,10.44
18.39669,22.69
20.79669,23.47001
23.29669,23.55
26.05669,22.75
28.99669,21.07
31.75669,18.44
34.09669,15.46
35.75669,12.45
36.99669,9.470005
38.20669,6.660005
39.89669,4.010005
42.05669,1.300005
44.09669,-1.789995
45.35669,-5.399995
45.99669,-9.159995
46.65669,-12.62
47.59669,-15.70999
48.80669,-18.62
49.39669,-21.55
48.95669,-24.42999
47.99669,-27.17999
46.80669,-29.75999
45.49669,-32.17999
43.90669,-34.41999
41.99669,-36.48
39.75669,-38.18999
37.49669,-39.55999
35.39669,-40.53999
33.39669,-41.25999
31.44669,-41.67999
29.49669,-41.78999
27.59669,-41.49999
25.79669,-40.96999
24.04669,-40.08999
22.29669,-38.74999
20.24669,-36.53999
17.99669,-33.41
15.58669,-29.26999
13.49669,-24.71
11.73669,-20.33999
10.29669,-16.49999
9.096686,-13.37999
7.996687,-10.64999
7.146687,-8.199995
6.696687,-5.899995
6.746687,-3.859995
6.896687,-2.089995
7.096687,-0.6699951
7.096687,0.5200049
6.646687,1.490005
6.096687,2.400005
5.346687,3.320005
4.696687,4.290005
4.396687,5.290005
4.296687,6.270005
4.296687,7.100005
4.196687,7.810005
3.696687,8.470005
3.196687,9.120005
2.696687,9.590005
2.396687,9.820004
2.246687,9.780005
2.096687,9.660005
2.046687,9.610004
1.796687,9.660005
1.646687,9.820004
1.596687,10.09
1.746687,10.53
16.19669,25.82
18.62669,26.1
21.24669,25.63
24.12669,24.42
27.14669,22.57
30.10669,20.02
32.59669,17.02
34.20669,13.68
35.04669,10.2
35.35669,6.950005
35.79669,4.120005
37.15668,1.740005
39.04668,-0.6699951
40.73669,-3.609995
41.54669,-7.069995
41.45669,-10.59999
41.59669,-13.87
43.05669,-16.97999
44.99669,-20.22
46.08669,-23.48999
46.29669,-26.58999
46.10669,-29.42999
45.74669,-32.17999
45.07669,-34.87
43.79669,-37.48
41.72669,-39.82
39.19669,-41.69999
36.77669,-42.87999
34.59669,-43.50999
32.62669,-43.68999
30.69669,-43.57
28.67669,-43.14999
26.69669,-42.51999
24.82669,-41.64999
23.09669,-40.46
21.26669,-38.55
19.34669,-35.76999
17.33669,-31.90999
15.49669,-27.48999
13.93669,-23.05
12.54669,-18.97
11.21669,-15.41999
9.996687,-12.08999
9.096686,-8.919995
8.596686,-5.949995
8.696687,-3.479995
9.046687,-1.589995
9.396687,-0.4099951
9.646687,0.3200049
9.676687,0.7800049
9.496687,1.270005
8.996687,2.010005
8.346686,3.020005
7.626687,4.190005
7.096687,5.320005
6.746687,6.150005
6.446687,6.730005
5.896687,7.240005
5.246687,7.850005
4.846687,8.400004
4.596687,8.670005
4.426687,8.490005
4.196687,8.160005
3.876687,7.880005
3.496687,7.870005
3.176687,8.320004
3.046687,9.140005
3.396687,10.22001
14.89669,27.47001
17.49669,27.52
20.39669,26.93
23.40669,25.32
26.09669,22.84
28.20669,19.7
29.89669,16.49
31.25669,13.52
32.09669,10.66
31.90669,7.750005
31.19669,4.900005
31.15669,2.300005
32.09669,-0.08999512
33.70669,-2.429995
34.79669,-5.069995
34.90668,-8.169995
34.79669,-11.67
35.85669,-15.83999
37.69669,-20.41999
39.25669,-24.84999
39.99669,-28.62
40.20669,-31.35999
40.69669,-33.55999
41.35669,-35.71999
41.49669,-38.21
40.30669,-40.92999
38.09669,-43.33999
35.44669,-44.73999
33.19669,-45.23
31.54669,-45.01999
30.29669,-44.62
28.99669,-44.16999
27.39669,-43.60999
25.69669,-42.8
23.89669,-41.66
22.24669,-39.89999
20.59669,-37.39999
19.03669,-33.92999
17.59669,-29.84999
16.13669,-25.51999
14.79669,-21.29
13.48669,-17.29
12.29669,-13.35999
11.48669,-9.509995
11.09669,-5.899995
11.04669,-2.999995
11.19669,-0.9199951
11.34669,0.1500049
11.59669,0.6200049
11.74669,0.7300048
11.89669,0.8500049
11.84669,1.270005
11.49669,2.030005
10.84669,3.030005
10.09669,4.050005
9.496687,4.830005
8.896687,5.380005
8.246687,5.860005
7.496687,6.490005
7.046687,7.180005
6.796687,7.600005
6.596687,7.510005
6.396687,7.180005
6.096687,6.870005
5.696687,6.910005
5.346687,7.620005
5.396687,8.850005
5.996687,10.41
14.44669,28.14001
16.69669,28.6
19.34669,28.57
22.15669,27.12
24.44669,24.12
25.28669,20.11
25.39669,16.5
25.77669,14.18
26.64669,12.38
27.15669,10.07
26.84669,6.910005
26.20669,3.080005
26.04669,-0.6699951
26.72669,-3.749995
27.64669,-6.289995
28.32669,-8.659995
29.04669,-11.46999
30.15669,-15.2
31.19669,-19.52999
31.48669,-24.00999
31.04669,-28.18999
30.65669,-31.62
30.84669,-34.3
32.02669,-36.33999
33.34669,-38.37
33.70669,-40.51999
32.84669,-42.43999
30.99669,-43.51999
29.24669,-43.89
28.52669,-43.76999
28.39669,-43.62999
28.24669,-43.55999
27.64669,-43.44999
26.39669,-43.07999
24.89669,-42.34999
23.36669,-40.92999
22.04669,-38.73999
20.78669,-35.53999
19.59669,-31.65999
18.36669,-27.30999
17.09669,-22.89999
16.03669,-18.56999
15.14669,-14.29999
14.58669,-10.13999
14.24669,-6.249995
14.11669,-3.119995
13.94669,-0.9099951
13.77669,0.1600049
13.54669,0.6200049
13.44669,0.7500049
13.64669,0.8600048
13.99669,1.110005
14.24669,1.510005
14.09669,2.070005
13.49669,2.680005
12.77669,3.250005
12.04669,3.770005
11.39669,4.380005
10.69669,5.150005
10.14669,6.000005
9.746687,6.630005
9.476686,6.790005
9.246687,6.640005
8.996687,6.520005
8.746687,6.810005
8.766686,7.840005
9.196687,9.350005
10.16669,11.11
13.89669,28.54
15.24669,29.19
17.19669,29.51
19.55669,28.14001
21.39669,24.96
21.65669,20.67
20.89669,17.08
20.65669,15.11
21.29669,13.63
22.20669,11.08
22.39669,7.230005
21.75669,2.690005
21.09669,-1.489995
20.75669,-4.649995
20.79669,-6.879995
21.40669,-8.499995
22.39669,-10.49
23.65669,-13.41999
24.69669,-16.89
24.70669,-20.84999
23.69669,-25.06999
22.90669,-29.38999
22.49669,-33.27999
22.70669,-35.91
23.59669,-37.62
24.90669,-38.92999
25.69669,-40.17999
25.54669,-41.14
25.09669,-41.8
25.19669,-42.24999
25.89669,-42.57
26.69669,-42.73999
27.09669,-42.91
26.64669,-42.99999
25.59669,-42.8
24.34669,-41.76999
23.19669,-39.8
22.23669,-36.62
21.39669,-32.67999
20.48669,-28.25999
19.69669,-23.75999
18.98669,-19.37
18.59669,-15.06999
18.18669,-10.91
17.89669,-6.999995
17.69669,-3.859995
17.39669,-1.599995
16.94669,-0.3899951
16.39669,0.3400049
15.94669,0.8300049
15.99669,1.250005
16.64669,1.550005
17.29669,1.710005
17.59669,1.760005
17.39669,1.810005
16.69669,1.930005
15.89669,2.200005
15.09669,2.830005
14.49669,3.790005
13.99669,4.910005
13.59669,5.860005
13.39669,6.360005
13.19669,6.510005
13.04669,6.560005
12.89669,6.940005
13.09669,8.040005
13.59669,9.650004
14.69669,11.59
13.89669,28.49
14.09669,28.5
14.69669,28.51
16.25669,27
17.79669,23.69
18.18669,19.54
17.79669,16.37
17.75669,14.82
18.39669,13.39
18.88669,10.4
18.49669,6.010005
17.48669,1.330005
16.79669,-2.429995
16.60669,-4.929995
16.54669,-6.799995
16.30669,-8.419995
16.04669,-10.58
16.43669,-13.74
17.19669,-17.39999
17.60669,-21.32999
17.14669,-25.22999
16.48669,-28.63
16.24669,-31.60999
16.35669,-33.91999
16.64669,-35.35999
17.57669,-36.34999
18.64669,-37.62999
19.45669,-38.94999
20.04669,-40.02999
20.87669,-40.71999
22.09669,-41.12999
23.72669,-41.28999
25.04669,-41.46
25.64669,-41.73
25.39669,-41.87
24.59669,-41.21999
23.89669,-39.57
23.43669,-36.55
23.09669,-32.68999
22.81669,-28.3
22.54669,-23.87
22.38669,-19.58999
22.19669,-15.43999
22.06669,-11.42999
21.94669,-7.729995
21.74669,-4.839995
21.49669,-2.739995
20.97669,-1.429995
20.34669,-0.3699951
19.82669,0.5700049
19.69669,1.390005
20.14669,1.910005
20.89669,2.120005
21.52669,2.020005
21.74669,1.760005
21.39669,1.440005
20.74669,1.220005
19.89669,1.420005
19.04669,2.140005
18.44669,3.440005
17.99669,4.910005
17.79669,6.180005
17.79669,7.060005
17.92669,7.620005
18.14669,8.220005
18.47669,9.200005
18.99669,10.55
19.79669,12.33
14.29669,27.41
13.64669,26.53
12.99669,26.15
13.50669,24.77
14.69669,21.77
15.55669,18.08
15.79669,15.34
16.30669,13.94
16.79669,12.35
16.30669,9.090005
14.99669,4.590005
13.75669,0.06000488
13.19669,-3.349995
13.50669,-5.419995
13.49669,-7.029995
12.55669,-8.709995
11.19669,-11.30999
10.35669,-15.08
10.19669,-18.98999
10.25669,-22.64999
10.09669,-25.92999
9.606687,-28.26999
9.696687,-30.13999
10.50669,-32.09999
11.19669,-33.57999
11.85669,-34.60999
12.59669,-36.01999
13.40669,-37.39
14.49669,-38.28999
15.99669,-38.66
17.89669,-38.71999
20.19669,-38.69999
22.39669,-38.87999
23.94669,-39.37999
24.59669,-39.93999
24.54669,-39.82
24.39669,-38.59999
24.54669,-35.76999
24.69669,-31.95
25.08669,-27.57999
25.49669,-23.22999
25.73669,-19.09999
25.79669,-15.16
25.83669,-11.43999
25.89669,-8.149995
25.89669,-5.709995
25.79669,-3.949995
25.34669,-2.559995
24.89669,-1.159995
24.59669,0.1500049
24.49669,1.160005
24.59669,1.680005
24.89669,1.900005
25.34669,1.890005
25.79669,1.790005
25.94669,1.550005
25.99669,1.160005
25.64669,0.7900048
24.99669,0.7700049
23.94669,1.610005
22.99669,3.180005
22.29669,5.160005
21.99669,6.990005
22.24669,8.490005
22.79669,9.860004
23.69669,11.27
24.79669,12.74
26.04669,14.3
14.84669,25.7
14.22669,24.54
12.49669,23.8
11.32669,22.49
11.69669,20
12.87669,17.08
14.19669,14.91
15.32669,13.39
15.54669,11.2
14.23669,7.240005
12.29669,2.380005
10.90669,-1.869995
10.19669,-4.759995
9.876687,-6.369995
9.146687,-7.749995
7.576687,-9.469995
5.896687,-11.96
4.936687,-15.41
4.596687,-18.93999
4.276687,-21.68999
3.596687,-24.02999
2.876687,-26.32999
2.596687,-28.63999
3.106687,-30.95
3.996687,-32.5
4.996687,-33.25999
6.046687,-34.19999
7.296687,-34.98999
9.096686,-35.37999
11.47669,-35.42999
14.19669,-35.39999
17.14669,-35.46
19.79669,-35.77999
21.72669,-36.5
22.89669,-37.28999
23.57669,-37.17999
24.24669,-35.75999
25.21669,-32.83999
26.49669,-29.23999
27.81669,-25.3
28.84669,-21.39999
29.36669,-17.7
29.49669,-14.21
29.46669,-11
29.64669,-8.259995
29.96669,-6.299995
30.04669,-4.789995
29.81669,-3.219995
29.79669,-1.399995
30.14669,0.2500049
30.49669,1.320005
30.52669,1.650005
30.34669,1.640005
30.17669,1.450005
29.99669,1.310005
29.84669,1.390005
29.99669,1.500005
30.44669,1.300005
30.59669,0.8000048
29.77669,0.6800049
28.39669,1.520005
27.31669,3.530005
26.89669,5.880005
27.14669,8.100005
27.84669,10.18001
28.96669,12.37
30.64669,14.61
32.56668,16.67
15.19669,24.64001
14.95669,23.89001
12.59669,22.64001
9.956687,20.58
9.096686,17.99
10.40669,15.79
12.39669,14.4
14.05669,13.04
14.39669,10.37
12.66669,5.480005
10.39669,-0.1699951
8.756687,-4.499995
7.396687,-6.949995
5.806687,-8.249995
3.896687,-9.769995
2.006687,-11.79
0.496687,-13.96999
-0.143313,-16.27999
-0.203313,-18.50999
-0.543313,-20.08999
-1.503313,-21.62
-2.543313,-23.45
-3.303313,-25.09999
-3.643313,-26.79
-3.303313,-28.17999
-2.103313,-28.98999
-0.403313,-29.73999
1.796687,-30.42999
4.396687,-30.90999
7.296687,-31.05999
10.39669,-31.13
13.44669,-31.23999
16.19669,-31.46
18.39669,-31.79
20.29669,-31.96999
22.19669,-31.31999
24.49669,-29.88
27.19669,-27.82999
29.79669,-25.47
31.59669,-22.63999
32.79669,-19.47999
33.14669,-16.31
33.09669,-13.30999
33.04669,-10.41
33.49669,-7.819995
34.39669,-6.079995
34.99669,-4.839995
34.99669,-3.459995
35.19669,-1.729995
35.94669,-0.03999512
36.69669,1.180005
36.89669,1.730005
36.79669,1.720005
36.39669,1.130005
35.49669,0.5700049
34.19669,0.8100049
33.39669,1.740005
33.99669,2.560005
34.99669,2.570005
34.99669,2.030005
34.09669,2.140005
33.44669,3.690005
33.79669,6.010005
34.89669,8.410005
35.89669,10.55
36.59669,12.76
37.39669,15.22
38.89669,17.74
14.54669,25.26
14.52669,25.35
12.54669,23.64001
9.756687,20.31001
8.346686,16.79
8.906687,14.53
10.44669,13.48
12.15669,12.41
12.84669,9.730004
11.66669,4.300005
9.646687,-2.299995
7.706687,-7.449995
5.546687,-10.12
2.726687,-11.22999
-0.103313,-12.87999
-2.193313,-15.18999
-3.403313,-17.05
-3.703313,-17.99999
-3.703313,-18.83999
-3.873313,-19.99999
-4.703313,-21.14999
-5.753313,-21.92999
-6.553313,-22.39999
-6.753313,-22.88
-6.253313,-23.38
-5.103313,-23.83999
-3.653313,-24.3
-1.703313,-24.52999
0.546687,-24.47999
3.246687,-24.14999
6.246687,-23.8
9.426687,-23.47999
12.64669,-23.22999
15.99669,-23.13999
19.44669,-23.15999
23.24669,-23.13
27.19669,-23.13999
30.99669,-22.97
33.79669,-22.16999
35.29669,-20.05999
36.39669,-17.16999
37.24669,-14.25999
37.54668,-11.71999
37.59669,-9.189995
38.29668,-6.709995
39.71669,-4.929995
40.84669,-3.799995
41.17669,-2.929995
41.39669,-1.989995
41.79669,-0.9599951
42.09669,4.8828124e-06
42.24669,0.5600049
42.44669,0.5200049
42.32669,-0.1299951
41.19669,-0.6499951
39.11669,4.8828124e-06
37.59669,1.600005
38.06668,3.180005
39.54668,3.910005
40.34669,3.900005
40.24669,4.160005
40.29668,5.460005
41.24669,7.450005
42.84669,9.670005
43.89669,11.75
43.94669,13.87
43.94669,16.25
44.91669,18.96
12.49669,26.02
12.34669,26.84
11.29669,25.4
10.00669,21.8
8.896687,17.64001
8.506687,14.48
8.896687,12.67
10.15669,11.33
11.29669,8.820004
11.16669,3.560005
9.896687,-3.479995
8.056686,-9.839994
5.396687,-13.39999
1.596687,-14.21999
-2.003313,-15.12
-4.243313,-16.88
-5.403313,-18.2
-5.653313,-18.39
-5.803313,-18.77999
-6.193313,-20.40999
-6.903313,-21.93999
-8.003313,-22.67999
-8.603312,-22.75999
-8.703313,-22.21
-8.403313,-21.52999
-7.603313,-20.74999
-6.603313,-19.92999
-5.003313,-18.76999
-2.903313,-17.27999
0.04668701,-15.87
3.496687,-14.72999
7.346687,-13.75
11.59669,-13.01999
16.29669,-12.87999
21.09669,-13.25999
26.00669,-14.14999
30.69669,-15.37
34.74669,-16.33999
37.49669,-16.47
39.19669,-15.12
40.89669,-13
42.59669,-10.96
43.49669,-9.379995
43.34669,-7.769995
43.59669,-6.029995
44.69669,-4.509995
45.59669,-3.249995
45.99669,-2.319995
46.29669,-1.669995
46.54669,-1.229995
46.59669,-0.9199951
46.64669,-0.9999951
46.69669,-1.479995
46.29669,-2.049995
44.89669,-2.059995
42.84669,-0.9199951
41.59669,0.8400049
42.19669,2.390005
43.59669,3.390005
44.69669,4.010005
44.89669,4.760005
45.09669,6.050005
45.99669,7.790005
47.34669,9.700005
48.09669,11.71
48.29669,14.38
49.19669,17.71
51.44669,21.3
10.14669,24.84
9.226686,25.8
8.746687,25.37
9.076687,23.15
8.896687,19.68
8.306686,15.67
8.146687,12.21
9.076687,9.680005
10.34669,7.030005
10.93669,2.720005
10.64669,-3.519995
9.586687,-10.63
7.446687,-15.74
3.496687,-16.71
-0.7533129,-16.05
-3.503313,-16.13
-4.853313,-16.75999
-5.323313,-16.92999
-6.053313,-17.17999
-7.223313,-18.84999
-8.653313,-20.24999
-10.47331,-20.10999
-11.90331,-19.54
-12.52331,-18.99999
-12.60331,-17.95
-11.47331,-16.39999
-9.603312,-14.80999
-7.133313,-12.67
-3.553313,-10.33
0.766687,-8.489995
5.446687,-6.839995
10.62669,-5.159995
16.29669,-3.969995
22.14669,-3.609995
27.94669,-3.929995
33.50669,-4.929995
38.79668,-6.379995
43.25669,-7.969995
46.44669,-9.329995
48.09669,-9.879995
49.54669,-9.719995
50.87669,-9.049994
51.29669,-8.249995
50.72669,-7.259995
50.34669,-6.249995
50.42669,-5.259995
50.29669,-4.139995
50.39669,-2.989995
50.79669,-2.179995
50.97669,-1.859995
50.84669,-1.759995
50.79669,-1.969995
50.69669,-2.399995
49.97669,-2.619995
48.69669,-2.329995
47.31669,-1.319995
46.54669,0.05000488
46.86669,1.480005
47.84669,2.760005
48.57669,3.830005
48.79669,4.920005
49.24669,6.520005
50.74669,8.440004
52.59669,10.32
53.79669,12.46
54.76669,15.92
56.74669,20.09
59.79669,23.57
8.896687,22.38
7.596687,23.26
7.196687,23.77
7.906687,22.99
8.196687,20.67
7.856687,16.63
7.996687,12.09
9.006687,8.160005
10.29669,4.830005
11.15669,1.310005
11.29669,-3.489995
11.06669,-10.38
9.996687,-16.97
7.046687,-19.2
2.996687,-17.83999
-0.153313,-16.21
-2.003313,-16.10999
-3.103313,-16.63
-4.503313,-16.81
-6.293313,-17.72
-8.503313,-18.25999
-10.80331,-17.15999
-12.60331,-15.99
-13.50331,-14.93999
-12.90331,-13.18999
-10.95331,-11.47999
-8.503313,-9.349995
-4.553313,-6.029995
0.396687,-3.319995
5.696687,-1.369995
11.39669,0.9100049
17.89669,3.290005
25.09669,5.040005
32.49669,5.630005
39.59669,5.200005
46.05669,3.810005
51.89669,1.830005
56.65669,-0.6299951
60.09669,-3.279995
61.70669,-5.729995
62.49669,-7.599995
62.69669,-8.459995
62.39669,-8.599995
61.54669,-8.159995
60.99669,-7.649995
60.19669,-7.059995
59.09669,-6.209995
58.39669,-5.169995
58.29669,-4.239995
58.09669,-3.649995
57.59669,-3.199995
57.39669,-2.759995
57.39669,-2.269995
57.24669,-1.859995
56.89669,-1.559995
56.09669,-1.089995
55.29669,-0.1799951
55.14669,1.260005
55.59669,2.960005
56.59669,4.680005
57.29669,6.310005
58.19669,8.130005
59.79669,10.17
61.84669,12.46
62.79669,15.28
63.19669,18.72001
64.29668,21.62
65.54668,23.01
9.496687,21.33
8.876687,22.22001
8.646687,23.01
8.806686,22.45
8.596686,20.45
8.236687,16.81001
8.396687,12.26
9.506687,7.520005
11.04669,3.230005
12.15669,-0.3399951
12.34669,-4.029995
12.03669,-9.709995
11.64669,-16.77999
10.15669,-21.09999
7.346687,-20.97
4.346687,-18.73999
2.296687,-17.97
0.476687,-18.92999
-1.603313,-19.62
-3.423313,-19.72
-5.503313,-19.51999
-7.673313,-18.90999
-9.353312,-17.26999
-9.333313,-14.22999
-7.353313,-11.06999
-4.833313,-8.309995
-2.303313,-4.709995
1.446687,-0.3399951
6.346687,3.160005
12.46669,6.400005
19.04669,10.11
26.96669,13.31
35.54669,15.04
43.42669,15
50.29669,13.97001
56.30669,12.13
61.59669,9.660005
65.80669,6.730005
69.04668,3.720005
70.90668,0.9100049
72.04668,-1.599995
72.70669,-3.649995
72.89669,-5.329995
72.84669,-6.579995
72.79668,-7.629995
71.82669,-8.339995
70.14669,-8.499995
69.14669,-7.889995
68.89669,-6.869995
68.62669,-5.819995
68.09669,-4.889995
67.89669,-3.999995
68.19669,-3.109995
68.77669,-2.509995
68.79668,-2.229995
67.72668,-1.789995
66.69669,-0.8999951
66.24669,0.3300049
66.29668,1.870005
67.06669,3.820005
67.99669,5.700005
68.11669,7.190005
67.94669,8.760005
67.31669,11.05
65.89669,13.92
64.41669,16.37
63.39669,17.77
61.12669,18.44
9.696687,22.33
10.04669,23.37
10.19669,23.92
10.05669,22.78
9.896687,20.38
9.806686,16.79
9.796687,12.47001
10.35669,7.530005
11.69669,2.550005
13.30669,-1.579995
13.99669,-4.849995
13.45669,-9.099995
12.69669,-15.56999
11.95669,-21.48999
10.29669,-23.25999
7.896687,-21.45
5.996687,-20.47999
4.206687,-21.59999
1.996687,-22.62
0.04668701,-22.7
-2.203313,-22.68999
-4.353313,-22.14
-5.203313,-19.07999
-4.163313,-13.30999
-2.103313,-8.319995
0.346687,-4.559995
2.996687,0.09000488
7.036687,5.210005
12.99669,9.570004
20.38669,14.31
28.49669,19.49
37.44669,22.71
45.79669,23.2
51.70669,21.13
56.29669,18.33
60.35669,15.28
63.99669,12.02
66.80669,8.920005
68.99669,6.320005
70.70669,4.440005
72.09669,2.820005
73.35669,1.250005
74.29668,-0.3699951
75.05669,-2.059995
75.59669,-3.729995
75.49669,-5.079995
74.69669,-5.899995
74.14669,-6.109995
74.29668,-6.019995
74.74669,-5.689995
74.99669,-5.329995
75.19669,-5.059995
75.69669,-4.879995
76.19669,-4.709995
75.99669,-4.459995
74.59669,-3.749995
73.49669,-2.649995
72.94669,-1.539995
72.09669,-0.4799951
71.64669,0.7400048
71.49669,1.890005
69.94669,2.900005
67.29668,4.300005
63.84669,6.400005
60.09669,8.740005
57.14669,11.06
54.39669,13.26
50.24669,15
7.596687,22.1
8.246687,23.61
8.746687,23.98001
9.076687,22.51
9.796687,20.08
11.05669,16.73001
11.89669,12.68001
12.18669,7.910005
12.74669,2.720005
14.25669,-2.109995
15.59669,-5.749995
15.55669,-8.899995
14.39669,-13.92999
13.13669,-20.17999
11.99669,-23.56999
10.34669,-22.88
8.646687,-22.18999
7.376687,-23.07999
5.796687,-23.83999
3.106687,-24.72
0.246687,-25.74999
-1.353313,-24.15999
-2.103313,-17.60999
-0.863313,-9.339995
1.296687,-4.489995
4.396687,-0.6499951
8.696687,4.640005
14.86669,11.08
22.74669,17.24
30.81669,22.93
37.49669,26.49
43.64669,26.61
49.24669,24.84
53.05669,21.69
55.99669,18.15001
58.60669,14.36
60.84669,10.53
62.35669,7.210005
63.54669,4.400005
64.77669,2.010005
65.69669,0.1400049
66.04668,-0.6099951
66.19669,-0.6199951
66.84669,-0.3399951
67.89669,-0.1299951
68.92669,-0.1099951
69.49669,-0.4299951
69.89669,-1.319995
70.59669,-2.459995
71.29668,-3.359995
71.79668,-3.899995
72.22668,-4.269995
72.49669,-4.539995
72.47668,-4.399995
71.89669,-4.039995
70.44669,-3.589995
69.09669,-3.089995
68.27669,-2.759995
67.14669,-2.779995
65.79668,-2.969995
64.24669,-2.729995
61.46669,-1.299995
58.09669,0.9400049
54.54669,3.110005
50.59669,5.210005
47.11669,8.130005
44.39669,11.2
41.57669,12.53
4.996687,19.93
5.596687,21.54
6.496687,21.93
7.456687,20.86
8.896687,19.24
11.35669,16.77
13.69669,13.27
14.60669,8.630005
14.79669,3.320005
15.40669,-2.179995
16.89669,-6.669995
17.70669,-9.449995
16.69669,-12.88999
14.75669,-18.50999
13.39669,-23.10999
12.49669,-23.88999
11.39669,-23.47999
10.54669,-23.97
9.196687,-25.07999
5.656687,-27.33999
2.196687,-28.57999
1.486687,-24.07999
1.896687,-14.08
3.536687,-5.649995
6.096687,-1.109995
10.88669,3.750005
16.89669,9.920005
23.58669,17.32001
30.99669,24.88
37.44669,29.5
41.89669,30.13
45.80669,28
49.89669,25.46
53.25669,22.67
55.89669,19.48001
57.75669,15.8
58.69669,12.09
58.60669,8.710005
58.59669,5.290005
58.85669,1.580005
58.59669,-1.389995
57.79669,-2.089995
57.69669,-1.389995
58.94669,-0.2599951
60.69669,0.5300049
62.29669,0.7900048
63.69669,0.4600049
64.84669,-0.6199951
65.59669,-1.979995
65.69669,-3.019995
65.79668,-3.689995
66.09669,-4.049995
65.69669,-3.999995
64.89669,-3.399995
64.09669,-2.829995
62.79669,-2.909995
61.29669,-3.439995
60.29669,-4.249995
59.19669,-5.149995
57.39669,-5.629995
54.89669,-4.989995
51.69669,-2.799995
48.99669,-0.3899951
46.49669,1.450005
43.19669,3.640005
39.84669,6.690005
37.69669,8.870005
36.84669,8.820004
3.446687,17.86
4.326687,19.19
6.046687,19.81001
7.826687,19.62
9.546687,19.04
11.95669,17.52
14.99669,14.67
17.50669,10.08
18.44669,4.460005
18.35669,-1.699995
18.79669,-7.309995
19.72669,-10.76999
19.44669,-13.25
17.35669,-17.23999
15.39669,-22.14999
14.75669,-24.84999
14.44669,-25.34999
13.97669,-25.39999
11.94669,-26.04
7.896687,-27.09999
5.546687,-26.3
7.506687,-19.91999
10.14669,-10.67
11.76669,-3.029995
14.29669,3.920005
19.91669,11.32
26.39669,17.43
31.86669,22.86
36.09669,27.63
39.89669,29.86
43.94669,30.8
48.07669,31.36
52.34669,31.17
55.77669,28.91
58.14669,24.86
59.28669,19.53
58.89669,14.43
57.42669,10.77
56.39669,7.980005
56.40669,5.430005
56.54669,3.010005
56.97669,1.480005
58.14669,0.7300048
59.64669,0.4100049
60.84669,0.06000488
61.37669,-0.5699951
61.74669,-1.489995
62.19669,-2.579995
62.34669,-3.649995
62.19669,-4.569995
62.29669,-5.329995
61.99669,-5.669995
60.69669,-5.459995
59.27669,-4.859995
58.29669,-4.459995
57.32669,-4.749995
56.09669,-5.529995
54.92669,-6.479995
53.29669,-7.139995
50.92669,-6.929995
48.19669,-5.819995
45.59669,-4.219995
43.29669,-2.789995
40.74669,-0.8899951
37.59669,2.030005
34.94669,4.640005
33.74669,5.470005
33.82669,5.090005
3.196687,16.2
4.796687,18.17
7.496687,19.68
10.39669,20.5
12.59669,20.45
14.45669,18.95
16.99669,16.2
20.50669,11.78
22.89669,6.100005
23.05669,-0.5699951
22.49669,-7.279995
22.60669,-12.13999
22.49669,-14.70999
20.60669,-16.79
18.29669,-20.52999
17.35669,-24.71
17.59669,-27.01999
17.14669,-26.93999
14.99669,-25.40999
12.19669,-22.46
12.39669,-18.72
16.88669,-13.39999
20.99669,-7.509995
22.13669,-0.2299951
23.79669,9.280005
28.93669,17.69
35.19669,23.11
38.89669,26.73
40.39669,29.53
42.34669,32.23
45.19669,35.39
48.19669,37.51001
51.09669,37.42001
53.80669,34.34
56.29669,29.27
57.70669,22.82
57.39669,17.03
55.85669,13.42
55.29669,11.41
56.75669,10.11
58.79669,8.260005
60.65669,5.860005
61.99669,3.470005
62.20669,1.540005
61.49669,0.02000488
60.49669,-1.329995
59.69669,-2.609995
59.59669,-3.749995
59.49669,-4.909995
59.44669,-6.089995
59.39669,-7.109995
58.39669,-7.449995
56.29669,-7.239995
54.54669,-6.969995
53.39669,-6.899995
52.29669,-7.099995
51.29669,-7.659995
50.14669,-8.619995
48.49669,-9.409995
46.14669,-9.489995
43.59669,-8.979995
40.99669,-8.039995
38.09669,-6.469995
34.89669,-3.489995
32.19669,-0.1199951
31.09669,1.710005
30.89669,2.070005
30.79669,2.550005
5.796687,15.81
7.566687,18.95
10.14669,21.56001
13.37669,23.31001
16.64669,23.49
19.12669,21.1
21.24669,17.2
24.23669,12.46
27.19669,7.220005
28.40669,1.010005
27.99669,-5.979995
27.15669,-12.37999
26.39669,-16.52999
24.72669,-17.93999
22.14669,-19.38
20.62669,-22.50999
20.64669,-25.8
20.72669,-26.99999
19.74669,-25.13999
19.21669,-20.04
21.34669,-14.46
26.16669,-8.699995
30.14669,-2.569995
31.68669,5.280005
32.69669,14.24
36.18669,22.23001
39.74669,28.54
41.46669,32.99001
42.14669,36.24001
42.36669,38.84
42.94669,41.36
43.67669,41.09
44.29669,37.95
45.65669,32.76001
48.14669,27.48
50.22669,23.13
50.29669,19.96
49.27669,17.47001
49.54669,14.85
51.60669,12.17
54.04669,9.490005
55.85669,6.990005
56.49669,4.680005
55.72669,2.540005
54.64669,0.4200049
54.05669,-1.569995
53.89669,-3.269995
54.29669,-4.679995
54.64669,-6.149995
54.52669,-7.539995
53.99669,-8.449995
52.34669,-8.579995
50.29669,-8.439995
48.82669,-8.489995
47.49669,-8.649995
46.27669,-9.069995
45.59669,-10.06999
45.02669,-11.68999
43.89669,-13.14999
41.77669,-13.75
38.99669,-13.42999
35.44669,-11.80999
31.84669,-8.949995
29.31669,-5.409995
27.99669,-2.519995
27.84669,-0.9199951
27.79669,0.1200049
26.84669,0.9000049
10.79669,16.21
12.29669,19.62
13.59669,22.28
16.04669,24.32
20.19669,24.83
24.55669,22.28
27.59669,17.67
29.65669,12.21
31.69669,7.030005
33.25669,1.740005
33.49669,-4.469995
32.20669,-11.42999
30.89669,-17.37
29.44669,-19.85999
26.99669,-20.07999
24.54669,-20.59999
23.79669,-22.62
24.29669,-24.72999
24.49669,-24.16999
25.33669,-18.89
28.09669,-11.47999
32.28669,-3.529995
35.29669,4.000005
35.93669,11.77
35.79669,19.8
36.53669,27.54
37.69669,34.40001
39.59669,39.37
41.19669,41.75
39.89669,42.22001
37.59669,42.43
37.20669,39.64
37.69669,34.44
38.70669,28.22001
40.59669,23.08
42.14669,20.72001
42.29669,19.89001
42.15669,18.31001
42.69669,15.49
43.90669,12.22001
45.79669,9.340005
47.50669,7.170005
48.09669,5.370005
47.90669,3.310005
47.89669,0.7500049
48.10669,-1.899995
48.49669,-4.149995
49.20669,-5.959995
49.49669,-7.589995
48.79669,-8.719995
47.39669,-9.329995
45.44669,-9.659995
43.69669,-10.04999
42.44669,-10.30999
40.99669,-10.47999
39.85669,-11.41
39.29668,-13.2
38.85669,-15.24
37.79668,-16.79
35.74669,-17.14999
32.69669,-16.18999
29.29669,-13.52999
26.49669,-10.12
25.19669,-7.059995
24.69669,-4.569995
24.49669,-2.599995
23.99669,-1.389995
22.59669,-1.709995
18.09669,16.25
19.92669,18.89001
19.99669,20.64001
20.97669,21.95
24.79669,22.23001
29.87669,20.55
33.99669,17.28
36.23669,12.24
36.99669,6.660005
37.38668,1.340005
37.49669,-4.139995
36.38668,-10.26999
34.64669,-16.45
33.47668,-20.87
31.94669,-22.38999
29.44669,-21.23999
27.34669,-20.35999
26.74669,-20.87
26.79669,-20.29
27.66669,-15.70999
29.14669,-8.539995
30.36669,-0.2599951
30.59669,7.660005
29.91669,15.55
29.84669,23.71
31.78669,31.75
34.04669,38.52
36.29669,41.81001
37.69669,42.77
34.64669,42.13
30.84669,40.31001
32.10669,34.93
34.69669,29.04
35.78669,23.14001
36.39669,18.84
36.82669,17.99
37.04669,18.06001
37.37669,16.96
37.64669,15.15
38.70669,13
40.64669,10.67
42.35669,8.590005
43.39669,6.810005
44.45669,4.660005
45.59669,1.980005
46.17669,-0.8499951
46.44669,-3.499995
46.85669,-5.859995
46.59669,-7.869995
45.14669,-9.289995
43.24669,-10.46999
41.02669,-11.74
38.64669,-12.76999
36.39669,-12.72999
34.19669,-12.33999
32.64669,-12.99
31.64669,-14.62999
30.67669,-16.52999
29.64669,-17.89
28.12669,-17.64999
26.39669,-15.81999
24.86669,-13.00999
23.49669,-10.51999
22.19669,-8.309995
21.09669,-5.769995
20.37669,-3.949995
19.89669,-3.889995
18.75669,-5.539995
27.29669,15.54
29.14669,17.62
28.69669,19.2
28.54669,20.02
31.19669,19.64001
35.00669,18.13
38.59669,16.06001
41.05669,12.32
41.29669,6.980005
40.35669,1.110005
39.89669,-4.489995
38.95669,-9.699995
37.29669,-14.79999
36.05669,-20.09999
35.39669,-24.01999
33.79669,-23.55999
31.29669,-20.72999
28.94669,-18.80999
27.19669,-17.56999
25.69669,-14.16999
23.59669,-7.639995
21.93669,1.700005
21.69669,10.91
23.33669,18.76
26.19669,26.25
29.43669,33.88
30.79669,40.16
31.14669,42.11
31.29669,41.51
28.75669,40.32
26.29669,35.8
29.20669,29.26
33.09669,24.02
33.60669,19.11
32.89669,16.23001
32.34669,17.06001
32.09669,17.63
31.79669,16.73001
32.39669,15.62
35.00669,13.96
37.79668,11.58
39.15668,9.230004
39.99669,7.090005
41.35669,4.790005
42.79669,2.470005
43.40669,0.2000049
43.79669,-2.309995
44.30669,-5.079995
43.89669,-7.789995
42.30669,-10.16
40.39669,-12.27999
37.90668,-14.17999
34.59669,-15.35999
31.04669,-14.79
27.89669,-13.5
25.64669,-13.17999
23.89669,-14.24
22.75669,-16.08999
22.09669,-17.24999
21.84669,-16.45
21.69669,-14.5
21.19669,-12.67
19.89669,-11.13999
18.04669,-8.759995
16.49669,-6.039995
16.14669,-5.419995
16.19669,-7.029995
15.15669,-9.379995
35.84669,15.17
36.26669,17.99
36.29669,20.34
36.54669,20.64001
37.99669,19.36
39.80669,17.19
41.64669,14.67
43.35669,11.22001
43.34669,6.570005
41.58669,1.050005
40.34669,-4.409995
39.47668,-9.069995
38.24669,-12.76999
37.37669,-17.02999
37.04669,-22.38
36.49669,-25.25999
34.89669,-23.81999
32.59669,-20.04
30.09669,-17.40999
26.26669,-14.54
22.04669,-7.939995
20.13669,2.710005
20.84669,12.64
23.56669,20.59
26.54669,28.47001
27.39669,35.66
26.14669,40.35
25.44669,40.78
25.89669,39.25
25.57669,35.89
25.29669,28.95
27.37669,22.63
29.99669,18.88
29.32669,16.38
27.99669,15.88
27.14669,17.36
26.94669,17.6
27.69669,17.34
30.14669,17.18
33.50669,15.56
35.74669,12.77
35.85669,9.800005
35.64669,6.770005
36.00669,3.660005
36.59669,0.9100049
37.00669,-1.499995
37.44669,-4.009995
38.00669,-6.509995
37.69669,-8.829995
36.45669,-10.92999
35.09669,-12.95
33.12669,-15
30.39669,-16.75999
27.29669,-16.84999
24.24669,-15.47999
21.32669,-14.45
18.74669,-14.91999
17.22669,-16.09999
16.69669,-16.41999
16.77669,-15.54
16.59669,-14.27999
15.79669,-12.58
14.54669,-10.2
13.44669,-7.479995
12.79669,-6.199995
12.95669,-8.069995
12.79669,-11.09999
11.04669,-12.93999
40.09669,16.15001
39.39669,20.22001
40.79668,22.61
41.95669,21.57
42.59669,19.19
43.10669,16.63
43.79669,13.59
44.50669,9.630005
43.89669,5.150005
41.95669,0.5700049
40.29668,-3.749995
39.15668,-7.649995
38.29668,-10.71999
38.10669,-13.58
38.19669,-18.29
38.00669,-24.05999
36.99669,-26.15999
35.74669,-22.25999
34.69669,-17.64
32.49669,-14.39999
29.69669,-8.939995
27.83669,0.5900049
26.79669,10.86
26.33669,20.53
26.09669,29.29
24.49669,35.31001
22.59669,38.24001
22.05669,37.48
22.49669,35
23.50669,30.34
24.89669,23.13
25.85669,17.27
26.09669,14.84
24.69669,14.77
22.89669,16.82001
22.14669,17.5
23.19669,17.8
25.69669,19.51
28.49669,20.31001
30.30669,17.73001
30.89669,13.93
30.30669,10.14001
29.89669,6.270005
29.75669,2.480005
29.79669,-0.8999951
29.95669,-3.769995
30.09669,-6.239995
29.99669,-8.019995
29.39669,-9.319995
28.49669,-10.54
27.69669,-12.02999
26.80669,-14.42999
25.69669,-17.48999
24.29669,-19.22999
22.09669,-18.80999
18.74669,-17.66999
15.39669,-17.3
13.14669,-16.91999
11.99669,-15.85999
11.39669,-14.55999
10.79669,-12.92999
10.39669,-10.30999
10.29669,-7.629995
10.44669,-6.809995
10.49669,-8.569995
10.15669,-12.34999
8.796687,-15.10999
6.246687,-15.16
40.09669,17.85
40.92669,21.51
43.29669,22.19
43.95669,20.08
43.54669,17.42
43.25669,14.72
43.44669,11.67
43.47669,7.950005
42.59669,3.910005
40.72668,0.2100049
39.14669,-3.019995
38.17669,-6.279995
37.69669,-9.559995
37.85669,-12.26999
38.14669,-15.45
38.07669,-20.95
37.19669,-25.65999
36.14669,-23.83999
36.14669,-18.39
37.06668,-13.87
37.84669,-9.789995
37.03669,-3.279995
34.09669,5.790005
29.93669,15.85
26.04669,24.41
22.51669,30.58
20.79669,33.76001
20.50669,32.59
20.54669,29.28
21.77669,24.77
23.19669,18.83
22.92669,14.59
21.54669,13.86
20.12669,15.89
18.89669,17.95
18.72669,17.43
20.94669,19.69
23.24669,22.45
23.84669,21.24
23.95669,16.21
24.54669,11.76
25.05669,8.100005
25.29669,4.390005
25.30669,0.7400048
25.24669,-2.599995
25.05669,-5.199995
24.34669,-7.109995
23.44669,-8.159995
22.64669,-8.909995
21.97669,-9.879995
21.14669,-11.25
20.40669,-13.87999
20.09669,-17.7
19.70669,-21.06999
18.59669,-22.54
16.09669,-21.79
13.14669,-20.31999
10.44669,-18.07999
8.296687,-15.01999
7.296687,-12.21
7.146687,-9.999995
7.346687,-8.379995
7.796687,-8.029995
8.276687,-10.08
7.796687,-13.55999
6.096687,-16.02999
3.846687,-16.01999
1.926687,-14.35999
41.39669,18.96
43.44669,20.21
44.89669,18.88
43.95669,16.88
42.49669,14.8
41.45669,11.91
40.99669,8.810004
40.70669,5.920005
39.59669,3.020005
37.90668,0.2400049
36.79669,-2.469995
36.65668,-5.479995
36.99669,-8.709995
37.45669,-11.58
37.79668,-14.05999
37.75669,-18.16999
36.79669,-23.45
35.64669,-23.89999
35.59669,-18.97999
37.44669,-13.41999
40.19669,-9.709995
41.64669,-5.919995
39.49669,0.3100049
34.08669,8.400004
27.59669,16.37
21.64669,24.03
19.79669,27.68
19.65669,25.8
18.69669,23.22001
19.70669,19.72001
20.39669,15.08
19.14669,13.57
17.49669,15.02
16.39669,16.43
15.79669,17.69
16.59669,18.68
18.89669,22.73001
19.50669,23.63
18.59669,19.05
18.95669,13.32
20.59669,9.690004
21.85669,6.710005
22.29669,3.340005
22.65669,-0.02999512
22.99669,-2.999995
22.30669,-5.319995
20.79669,-7.319995
19.49669,-8.659995
18.89669,-9.419995
18.09669,-10.14999
16.69669,-11.21999
15.15669,-13.01999
14.09669,-15.50999
13.45669,-18.91999
12.99669,-22.63999
12.54669,-24.10999
11.29669,-22.93999
8.496687,-19.15999
5.596687,-14.01999
4.846687,-10.50999
5.096687,-9.319995
4.896687,-9.799994
5.196687,-11.51999
5.056687,-14.60999
3.196687,-17.12
1.146687,-16.39
0.09668701,-13.96
-0.05331299,-12.64999
43.54669,16.73001
44.34669,16.08
43.64669,14.51
41.87669,13.21
40.24669,11.39
38.67669,8.500005
37.59669,5.820005
36.64669,4.060005
35.19669,2.550005
34.19669,0.9200048
34.29669,-1.129995
35.12669,-3.759995
35.84669,-6.529995
36.62669,-9.259995
37.44669,-11.89999
37.47668,-15.33
36.54669,-19.83999
35.94669,-21.42999
36.24669,-18.33999
37.06668,-13.41999
38.79668,-9.599995
40.97669,-6.769995
41.14669,-3.369995
37.16669,1.180005
29.99669,7.570005
22.39669,16.41
20.24669,20.74
19.75669,18.84
16.99669,17.54
16.92669,15.41
17.24669,12.21
16.22669,12.76
15.24669,15.23
14.14669,15.23
13.09669,18.09
13.82669,21.78
15.24669,24.76
15.20669,22.53
14.94669,16.38
15.77669,12.11
17.14669,9.270004
18.27669,6.780005
18.99669,4.210005
19.72669,1.720005
20.19669,-0.2899951
19.32669,-2.369995
18.04669,-5.159995
17.67669,-7.689995
17.84669,-9.219995
17.29669,-10.50999
15.79669,-12.06999
14.14669,-13.12
12.44669,-13.22999
11.07669,-14.16999
10.04669,-16.77999
9.876687,-20.65999
9.446687,-22.66999
6.546687,-19.40999
3.746687,-13.50999
3.826687,-10.62
3.746687,-10.63
2.706687,-12.01999
2.146687,-14.2
0.476687,-16.08999
-1.703313,-15.87
-1.323313,-13.12
0.446687,-11.02999
0.426687,-11.56999
43.59669,11.76
42.89669,11.29
41.09669,10.59
39.39669,9.450005
37.59669,7.450005
35.44669,5.300005
33.79669,3.980005
32.39669,3.470005
31.09669,2.980005
31.24669,1.980005
32.79669,0.3200049
34.05669,-2.029995
34.49669,-4.769995
34.95669,-7.819995
35.79669,-10.81999
36.10669,-13.75
35.69669,-16.7
36.34669,-17.85999
37.59669,-16.38
37.44669,-13.2
36.89669,-9.789995
38.44669,-7.399995
40.19669,-5.999995
38.09669,-4.679995
31.69669,-0.2999951
24.09669,8.920005
21.59669,14.12
20.34669,12.76
16.69669,12.08
15.70669,10.95
15.29669,9.270004
14.19669,10.99
13.29669,13.7
12.09669,13.69
10.39669,17.39001
9.896687,23.56001
10.79669,24.13
11.80669,19.72001
12.59669,14.39
12.55669,11.35
12.79669,8.550005
13.89669,6.420005
14.89669,5.030005
15.34669,3.730005
15.29669,2.600005
14.60669,1.040005
14.49669,-1.609995
15.75669,-4.269995
17.29669,-6.309995
17.80669,-8.909995
17.09669,-12.16
15.99669,-14.45
14.19669,-14.67999
12.39669,-14.05999
10.89669,-13.71999
9.506687,-16.37
8.096686,-20.37
4.946687,-18.87
2.896687,-13.37999
3.596687,-10.72999
3.196687,-10.71
1.306687,-12.47999
-0.403313,-14.88999
-2.203313,-14.87
-2.403313,-12.12999
0.796687,-9.169995
3.296687,-8.409995
1.796687,-9.989995
41.69669,7.850005
40.22668,8.050005
38.54668,7.790005
37.14669,6.440005
34.94669,4.600005
32.22668,3.630005
30.44669,3.420005
29.32669,3.340005
28.84669,3.050005
30.02669,1.930005
31.84669,0.02000488
32.47668,-2.019995
32.19669,-4.459995
32.17669,-7.819995
32.54669,-11.02999
33.07669,-13.55999
33.59669,-15.58
35.02669,-15.76999
36.54669,-14.33999
36.24669,-12.24
35.09669,-10.30999
35.64669,-9.419995
37.19669,-9.239995
35.97668,-9.179995
31.29669,-6.289995
25.41669,2.000005
22.74669,7.560005
21.14669,7.120005
18.44669,6.840005
17.24669,6.620005
15.59669,6.030005
13.42669,7.830005
11.94669,10.4
10.37669,11.52
7.796687,16
5.846687,22.33
7.096687,20.84
9.926687,16.2
10.84669,13.41
10.12669,11.6
9.346686,8.580005
10.44669,6.440005
11.64669,5.110005
11.77669,4.070005
11.64669,3.310005
12.17669,2.240005
13.39669,0.2600049
15.14669,-1.899995
17.09669,-3.809995
18.50669,-6.519995
18.64669,-10.24
17.67669,-14.09999
16.19669,-17.21
14.67669,-18.04
12.74669,-16.38
10.12669,-16.07999
7.496687,-19.02999
4.576687,-18.18999
3.146687,-13.39999
3.896687,-10.59999
3.546687,-9.839994
1.976687,-11.46
0.846687,-13.51999
1.276687,-11.62999
3.696687,-7.229995
7.096687,-4.439995
8.746687,-4.339995
8.176687,-6.139995
38.59669,6.440005
36.99669,6.680005
35.99669,6.230005
34.99669,4.660005
32.59669,3.160005
29.89669,2.550005
28.19669,2.080005
27.64669,1.740005
27.99669,1.780005
29.29669,1.020005
29.89669,-0.4499951
28.89669,-1.349995
28.09669,-2.729995
28.55669,-6.209995
29.19669,-9.989995
29.90669,-12.93999
30.89669,-15.38999
32.09669,-15.76999
32.99669,-14.26999
33.34669,-12.51999
33.19669,-11.67
33.49669,-11.79999
34.09669,-11.96
33.09669,-12.56999
29.99669,-11.47999
25.79669,-4.799995
23.29669,1.260005
22.14669,2.320005
20.79669,2.670005
19.44669,3.150005
16.59669,2.910005
13.24669,4.210005
10.89669,6.580005
8.746687,8.820004
4.896687,14.56
2.246687,20.19
4.696687,18.05
8.546687,14.72
8.896687,14.08
7.646687,12.99
7.096687,9.980004
7.906687,6.860005
8.996687,4.780005
9.696687,4.050005
10.49669,3.860005
12.24669,2.990005
14.39669,1.090005
15.79669,-1.209995
17.69669,-2.909995
19.55669,-5.139995
20.09669,-8.469995
18.60669,-12.54
16.29669,-17.18999
14.94669,-19.71
13.19669,-18.21
9.746687,-16.92999
6.896687,-18.74999
4.596687,-17.24999
3.296687,-13.00999
4.046687,-10.95
4.596687,-10.02999
4.646687,-10.62
5.196687,-11.08
7.046687,-7.669995
9.696687,-2.829995
11.99669,-0.4799951
13.49669,-0.5999951
16.09669,-1.909995
34.29669,6.310005
33.57669,5.920005
33.14669,5.210005
31.39669,4.500005
28.84669,3.750005
27.37669,2.310005
26.69669,0.5500049
26.42669,-0.08999512
26.64669,0.2900049
26.59669,0.4400049
25.29669,0.4300049
23.59669,0.7200049
23.24669,-0.1099951
24.37669,-3.579995
25.54669,-7.849995
26.37669,-11.13999
27.04669,-13.34999
27.87669,-13.83
28.89669,-13.29999
30.12669,-12.54
30.99669,-11.71999
31.14669,-11.17
31.34669,-11.54999
30.77669,-13.85999
28.64669,-14.71999
25.51669,-9.039995
23.69669,-2.499995
23.29669,-0.6099951
22.44669,-0.1099951
20.34669,0.5600049
16.94669,-0.08999512
13.14669,0.2600049
10.29669,2.470005
7.776687,5.230005
3.196687,11.63
1.026687,17.04
4.146687,16.01
6.776687,15.42
6.396687,16.65001
5.576687,15.11
5.396687,11.56
5.356687,8.130005
6.046687,6.110005
7.626687,5.460005
8.846686,4.630005
10.67669,3.170005
13.19669,1.590005
14.82669,-0.2099951
16.59669,-1.729995
19.32669,-4.089995
21.49669,-6.869995
20.97669,-10.21999
18.24669,-15.08
15.32669,-18.32999
11.54669,-17.92999
6.876687,-17.63
4.996687,-18.57999
4.326687,-15.80999
3.546687,-12.49
4.426687,-11.93999
6.296687,-11.14999
8.276687,-9.709995
9.846686,-7.299995
11.42669,-2.939995
13.64669,0.8000048
16.32669,2.030005
18.79669,1.970005
22.64669,2.680005
28.89669,5.920005
28.19669,5.550005
26.69669,5.610005
24.34669,6.120005
23.29669,5.480005
23.80669,2.750005
24.19669,-0.02999512
23.89669,-0.7499951
23.39669,-0.2899951
22.04669,0.3000049
20.59669,1.100005
20.34669,1.400005
21.09669,0.4100049
22.15669,-2.129995
23.09669,-5.259995
23.74669,-7.699995
24.19669,-8.999995
24.79669,-9.589994
26.09669,-10.52999
27.64669,-11.13999
28.19669,-10.35999
27.59669,-9.509995
27.49669,-10.79
27.55669,-14.24
26.69669,-15.26999
25.29669,-10.08999
24.59669,-4.609995
24.14669,-3.169995
22.69669,-2.599995
20.24669,-1.999995
16.79669,-3.019995
12.94669,-3.319995
10.29669,-1.209995
8.046687,1.810005
3.196687,7.940005
1.246687,13.9
4.196687,14.8
4.846687,15.46
3.296687,16.76
3.556687,15.17
3.896687,11.83
3.146687,8.840005
3.096687,7.220005
4.496687,6.140005
5.696687,4.040005
7.196687,2.110005
10.49669,1.590005
13.44669,1.270005
15.69669,0.5600049
18.79669,-1.439995
22.09669,-3.979995
23.15669,-7.629995
22.09669,-12.13999
18.50669,-16.45
12.49669,-18.25999
6.546687,-18.76999
4.896687,-18.29
5.096687,-15.04
4.796687,-13.17999
6.096687,-13.55999
8.696687,-12.24
11.49669,-8.379995
13.39669,-2.989995
15.09669,2.050005
17.79669,5.040005
21.44669,6.360005
24.69669,7.580005
27.54669,10.15
18.14669,5.750005
16.14669,6.780005
14.39669,7.440005
14.17669,7.010005
15.79669,5.820005
18.14669,3.440005
19.69669,0.1800049
19.62669,-1.369995
18.84669,-1.019995
17.92669,-0.1899951
18.04669,0.5100049
19.54669,0.4300049
20.89669,-0.3799951
21.54669,-1.409995
22.04669,-2.649995
23.07669,-4.209995
24.14669,-5.799995
24.67669,-7.459995
25.09669,-9.399995
25.62669,-10.64999
25.19669,-10.56999
23.92669,-10.67999
23.39669,-12.54999
23.97669,-14.79999
24.79669,-14.31999
25.19669,-10.45
24.69669,-7.379995
22.92669,-5.989995
20.89669,-4.429995
18.94669,-3.899995
15.44669,-4.879995
11.79669,-5.129995
10.44669,-3.579995
9.076687,-0.7199951
4.846687,4.740005
2.676687,10.61
4.746687,12.67
4.676687,13.29
2.446687,13.88
2.376687,12.79
2.696687,10.47001
1.946687,7.820005
2.096687,6.400005
4.096687,7.130005
6.096687,8.290005
7.996687,8.870005
11.09669,8.430005
14.42669,7.090005
16.64669,6.600005
19.09669,5.050005
21.64669,0.5500049
22.90669,-5.279995
23.54669,-9.599995
21.95669,-14.62999
17.99669,-18.43999
12.79669,-19.58999
10.19669,-18.25999
8.296687,-15.41999
6.596687,-14.62
8.626687,-15.35999
11.99669,-13.75999
14.49669,-8.619995
15.84669,-1.519995
16.97669,4.420005
18.79669,8.230004
21.67669,10.96
24.74669,13.64
27.99669,16.41
7.396687,5.120005
6.496687,5.810005
6.596687,5.550005
7.196687,3.830005
8.196687,3.240005
11.29669,2.960005
14.99669,-0.04999512
15.64669,-2.759995
15.09669,-2.589995
14.99669,-1.479995
15.99669,-0.9099951
17.74669,-0.7499951
18.79669,-0.7299951
18.99669,-0.7299951
19.29669,-1.109995
21.09669,-2.409995
23.39669,-4.169995
24.39669,-5.929995
24.39669,-7.709995
24.19669,-9.289995
23.49669,-10.26999
22.34669,-11.54999
21.59669,-13.63999
22.24669,-14.64999
23.49669,-13.41
23.99669,-11.2
22.89669,-9.589994
20.79669,-7.569995
18.99669,-5.509995
17.14669,-5.339995
13.69669,-5.879995
10.74669,-5.699995
10.89669,-5.199995
11.19669,-3.449995
8.296687,1.610005
5.446687,7.530005
5.896687,9.780005
5.596687,10.12
3.396687,11.01
2.946687,11.71
3.196687,11.21
2.746687,9.140005
3.596687,7.970005
6.446687,10.26
8.596686,13.97001
9.446687,16.66
10.69669,16.03
13.24669,12.7
15.59669,12.57
17.74669,11.46
20.49669,6.760005
22.10669,0.1600049
22.79669,-6.219995
23.15669,-12.41
22.89669,-17.49999
20.24669,-20.39
17.89669,-20.05999
14.04669,-17.24999
9.296687,-15.39999
10.14669,-15.04999
13.69669,-12.75999
15.94669,-7.119995
16.79669,-0.2899951
17.29669,5.300005
18.29669,9.590005
20.44669,13.14
23.99669,16.49
28.59669,19.14001
5.446687,5.270005
6.376687,4.470005
7.596687,2.790005
7.826687,0.05000488
7.096687,-1.119995
9.396687,-0.3399951
13.24669,-1.349995
14.02669,-3.119995
13.89669,-3.209995
14.59669,-2.629995
15.79669,-2.179995
17.04669,-1.359995
17.59669,-0.4999951
17.34669,-0.3499951
17.54669,-1.029995
19.07669,-2.279995
21.29669,-3.329995
23.17669,-3.999995
24.29669,-4.929995
24.64669,-6.329995
24.54669,-7.609995
24.22669,-8.879995
23.79669,-10.54999
23.64669,-11.56999
23.49669,-11.31999
22.29669,-10.33
19.64669,-8.829995
18.27669,-7.139995
18.44669,-6.639995
16.79669,-6.789995
13.29669,-6.029995
10.59669,-5.069995
11.14669,-5.499995
12.42669,-4.549995
11.04669,0.4200049
8.176687,5.440005
6.796687,6.660005
6.026687,6.700005
4.396687,8.110004
4.076687,10.36
4.696687,11.97001
4.726687,11.89
5.546687,11.39
8.226686,12.14
10.14669,14.37
9.096686,17.24
8.546687,17.39001
11.44669,15.63
14.49669,16.45
16.05669,13.81
19.29669,9.950005
21.47669,4.840005
22.24669,-1.939995
22.65669,-7.789995
23.64669,-13.85999
23.52669,-18.55
23.54669,-20.97999
21.17669,-20.31999
14.99669,-17.83999
13.22669,-14.52999
15.09669,-10.05999
16.39669,-3.899995
17.04669,1.280005
18.12669,4.710005
19.29669,8.480004
21.44669,13.42
25.14669,18.05
29.07669,20.22001
5.696687,6.930005
6.146687,5.540005
7.496687,3.120005
9.296687,0.2700049
10.29669,-1.639995
12.04669,-1.229995
14.59669,-0.6399951
15.54669,-0.7499951
16.19669,-0.7699951
17.44669,-0.4599951
18.59669,0.08000488
19.49669,0.6800049
19.79669,0.7400048
19.64669,-0.2199951
19.69669,-1.689995
20.09669,-2.989995
20.99669,-3.759995
22.94669,-4.169995
24.99669,-4.769995
25.99669,-5.749995
26.39669,-6.789995
26.79669,-7.559995
26.99669,-8.219995
26.79669,-8.959995
25.89669,-9.599995
23.54669,-9.719995
19.19669,-8.769995
17.34669,-7.969995
18.49669,-8.469995
17.04669,-7.939995
13.79669,-6.079995
10.79669,-5.239995
9.596686,-5.879995
8.446687,-3.769995
7.096687,1.330005
6.896687,3.690005
6.396687,3.260005
5.646687,3.860005
5.096687,5.930005
5.446687,8.420005
6.296687,10.73
6.446687,12.35
6.496687,12.88
8.546687,12.58
10.69669,13.56
9.446687,17.01
7.996687,19.14001
10.59669,19.39001
13.59669,20.32
14.80669,15.68
16.59669,9.410005
18.79669,4.800005
20.29669,0.6700048
20.15669,-4.439995
20.69669,-11.10999
21.09669,-15.71999
22.69669,-19.22
23.89669,-21.05
20.29669,-21.17999
17.69669,-16.59999
17.79669,-10.13
18.19669,-3.919995
18.49669,0.1700049
19.74669,2.180005
20.89669,5.960005
22.69669,12.9
25.79669,18.29
28.39669,19.3
4.596687,7.170005
4.296687,5.320005
5.346687,2.910005
7.776687,1.790005
10.14669,1.440005
12.39669,1.500005
14.84669,1.720005
16.59669,1.990005
17.99669,2.260005
19.32669,2.590005
20.44669,2.640005
21.14669,1.790005
21.64669,0.1400049
21.99669,-1.949995
22.29669,-3.789995
22.27669,-4.929995
22.49669,-5.629995
23.77669,-6.219995
25.49669,-6.939995
26.42669,-7.759995
26.84669,-8.729995
27.32669,-9.609995
27.69669,-9.939995
28.04669,-9.979995
27.94669,-10.46
26.59669,-11.14999
23.84669,-11.35999
21.74669,-11.33
20.89669,-11.24
18.67669,-9.639995
15.99669,-7.899995
13.54669,-8.569995
11.04669,-10.02999
6.826687,-7.339995
3.896687,-1.959995
5.176687,0.4000049
6.646687,0.7400048
6.576687,2.400005
6.796687,4.750005
7.596687,6.760005
8.396687,8.840005
8.426687,11.22001
7.696687,12.6
8.846686,12.21
10.89669,13.08
9.196687,17.28
6.696687,20.43
8.176687,20.89001
10.39669,20.97001
11.79669,15.95
13.49669,9.020004
15.47669,4.550005
16.89669,1.540005
16.87669,-3.339995
17.59669,-9.529995
17.37669,-13.06999
18.14669,-14.85999
21.37669,-16.55
22.19669,-19.33999
20.87669,-17.62
19.89669,-11.72999
19.97669,-5.609995
20.24669,-2.149995
20.92669,-0.7299951
21.69669,3.350005
23.57669,10.79
26.69669,15.49
28.84669,17.04
2.796687,4.990005
2.896687,3.210005
3.996687,1.590005
5.896687,1.730005
7.996687,2.490005
10.34669,2.560005
12.89669,2.150005
15.19669,1.770005
16.99669,1.480005
18.39669,1.130005
19.49669,0.4700049
20.34669,-0.8099951
21.09669,-2.599995
21.74669,-4.619995
22.49669,-6.339995
22.69669,-7.269995
22.79669,-7.749995
23.79669,-8.259995
25.09669,-9.049994
25.79669,-9.849995
26.39669,-10.74
26.89669,-11.89999
27.09669,-12.76999
27.69669,-12.84999
28.29669,-12.88999
27.79669,-13.12999
26.59669,-13.29
24.94669,-13.39999
23.09669,-13.27999
20.59669,-11.92999
18.59669,-10.66
17.14669,-11.74
14.89669,-13.43999
11.39669,-11.97999
8.696687,-7.829995
8.846686,-3.999995
9.996687,-1.259995
10.19669,1.450005
10.29669,3.790005
10.59669,5.230005
10.59669,6.760005
10.24669,9.180005
9.296687,11.06
9.796687,10.99
11.09669,12.17
8.646687,17.05
5.196687,20.29
5.696687,19.89001
7.196687,18.33
8.846686,13.77
10.79669,9.100005
12.74669,5.300005
13.29669,1.800005
13.19669,-1.519995
14.19669,-6.519995
14.39669,-10.21999
14.39669,-10.41
16.99669,-10.88
20.59669,-13.95
21.44669,-15.33999
20.39669,-12.16
20.44669,-6.989995
20.89669,-4.189995
20.99669,-2.329995
21.39669,2.540005
23.94669,9.410005
27.49669,13.44
28.29669,16.01
0.596687,2.150005
1.626687,1.610005
3.346687,1.550005
5.376687,2.040005
7.446687,2.390005
9.146687,2.180005
10.59669,1.700005
12.02669,1.270005
13.39669,0.8800049
14.87669,0.3200049
16.39669,-0.4899951
17.82669,-1.579995
19.24669,-3.009995
20.37669,-4.939995
21.14669,-6.999995
21.57669,-8.389995
21.94669,-8.989995
22.97669,-9.269995
24.14669,-9.779995
24.89669,-10.38
25.84669,-11.21
26.99669,-12.59999
27.44669,-14.33999
27.94669,-15.43999
28.34669,-15.63999
27.94669,-15.41
26.64669,-14.88999
24.64669,-14.37999
22.64669,-14.39999
20.74669,-13.88999
19.74669,-13.08
19.39669,-13.66
17.64669,-14.39999
15.22669,-13.17999
14.04669,-10.63999
14.14669,-7.329995
14.74669,-3.799995
15.02669,-0.4299951
14.74669,2.290005
14.12669,3.860005
13.14669,5.100005
11.99669,6.920005
11.29669,8.620005
11.79669,9.250005
11.94669,11.24
8.896687,16.13
5.446687,18.92
4.096687,18.2
4.746687,15.18
6.846687,12.84
9.146687,10.58
10.32669,5.240005
9.846686,1.880005
8.876687,1.060005
8.946687,-2.079995
10.14669,-6.719995
11.29669,-8.389995
13.84669,-8.489995
17.44669,-10.31999
19.89669,-12.71
20.49669,-11.89999
21.17669,-8.259995
21.59669,-5.369995
21.32669,-0.9999951
22.19669,5.430005
24.67669,10.97001
26.44669,13.52
24.19669,15.09
-1.003313,1.700005
0.596687,2.160005
2.496687,2.730005
4.596687,3.000005
6.196687,3.050005
6.046687,3.350005
5.196687,3.940005
5.146687,4.550005
5.896687,4.900005
7.796687,4.500005
10.49669,3.450005
13.44669,1.800005
16.19669,-0.1799951
18.09669,-2.649995
19.19669,-5.409995
19.74669,-7.559995
20.19669,-8.519995
20.94669,-8.529995
21.59669,-8.529995
22.09669,-8.889995
23.29669,-9.789995
25.14669,-11.42
26.59669,-13.64999
27.34669,-15.88999
27.59669,-16.99999
26.99669,-16.95
25.59669,-16.3
23.54669,-15.49
21.79669,-15.45999
20.59669,-15.30999
20.59669,-14.58999
21.29669,-14.85999
20.49669,-15.35999
18.04669,-14.14999
16.99669,-12.16
17.44669,-9.839994
18.09669,-6.849995
18.29669,-3.469995
17.99669,-0.4299951
17.09669,2.000005
15.59669,3.940005
13.94669,5.330005
13.39669,6.460005
14.14669,7.530005
13.09669,9.980004
9.696687,14.02
7.396687,16.69
4.096687,17.61
2.896687,14.42
4.496687,14.23
6.996687,11.39
8.396687,4.510005
8.296687,1.170005
6.796687,1.300005
5.596687,0.2100049
6.646687,-2.739995
8.696687,-4.699995
11.24669,-5.349995
14.39669,-6.659995
17.84669,-8.979995
20.59669,-9.709995
22.39669,-7.819995
22.79669,-4.639995
22.99669,1.310005
24.29669,7.380005
24.09669,10.49
22.19669,11.62
18.19669,14.05
-1.603313,2.960005
-1.003313,3.150005
-0.203313,3.060005
1.196687,3.320005
1.596687,4.290005
0.196687,5.840005
-1.003313,7.170005
-0.853313,8.200005
-0.05331299,9.090005
2.076687,9.370005
5.146687,8.820004
8.676687,7.000005
11.99669,4.420005
14.22669,1.620005
15.64669,-0.9899951
16.34669,-3.089995
16.84669,-4.479995
17.32669,-5.169995
17.64669,-5.789995
17.79669,-6.639995
18.49669,-7.799995
20.07669,-9.429995
21.89669,-11.46
23.74669,-13.97999
25.19669,-16.02999
25.54669,-16.8
24.49669,-16.67999
23.17669,-16.05
22.64669,-15.96999
22.19669,-16.01999
21.99669,-15.37
22.32669,-14.77999
21.99669,-14.7
20.32669,-13.92999
18.99669,-12.43999
19.14669,-10.92999
19.74669,-9.169995
19.99669,-6.619995
19.94669,-3.809995
18.92669,-0.5999951
17.29669,2.520005
16.07669,4.240005
15.99669,4.990005
16.37669,6.020005
13.99669,8.460005
10.74669,11.65
10.49669,14.23
6.176687,17.41
3.096687,15.82
3.296687,13.98
5.546687,9.850004
7.946687,4.740005
8.596686,1.290005
6.676687,-0.04999512
5.046687,-0.5799951
5.876687,-0.9699951
7.596687,-1.669995
9.676687,-2.969995
12.14669,-4.609995
14.72669,-6.249995
17.49669,-6.939995
19.97669,-5.459995
21.49669,-2.319995
22.39669,2.070005
20.89669,5.700005
15.97669,8.730004
12.64669,12.23
11.49669,16.66
-1.703313,2.870005
-2.803313,2.580005
-3.703313,2.550005
-3.153313,3.880005
-2.903313,6.170005
-3.003313,8.210005
-2.303313,9.440004
-1.403313,10.7
-0.403313,12.02
1.196687,12.7
2.996687,12.65
4.946687,10.97001
6.796687,8.190004
8.146687,5.600005
9.796687,3.500005
11.89669,1.340005
13.69669,-0.7899951
14.74669,-2.599995
15.29669,-4.089995
15.44669,-5.319995
15.59669,-6.479995
16.09669,-7.819995
17.19669,-9.459995
19.24669,-11.83999
21.59669,-14.41
23.34669,-16.24999
23.59669,-17.02999
23.29669,-16.47999
23.59669,-15.71999
23.59669,-15.62999
23.19669,-15.66
22.64669,-15.02999
21.99669,-14.18999
21.34669,-13.37
20.69669,-12.14999
20.79669,-11.01999
21.29669,-10.17
21.59669,-8.519995
21.59669,-6.239995
20.24669,-3.049995
18.79669,0.7100049
18.64669,3.260005
18.69669,4.140005
17.49669,4.620005
14.49669,6.660005
12.29669,9.680005
12.69669,12.39
8.646687,16.46
5.796687,16.6
3.896687,12.47001
4.796687,7.480005
7.496687,5.310005
8.196687,2.460005
6.146687,0.09000488
4.496687,-0.8499951
6.146687,-0.07999512
8.396687,0.2000049
10.19669,-1.359995
11.79669,-3.259995
12.59669,-4.339995
13.89669,-4.769995
16.19669,-3.589995
17.89669,-1.079995
16.09669,1.970005
10.39669,5.480005
5.546687,10.78
4.996687,16.84
5.846687,20.40001
-0.803313,1.830005
-2.253313,1.610005
-4.303313,2.790005
-4.453313,5.730005
-3.703313,8.770004
-2.773313,10.74
-1.753313,12.32
-1.073313,14.24
-0.05331299,15.38
0.796687,15.08
0.396687,14.68
-0.323313,14.11
-0.703313,13.2
-0.703313,11.93001
0.746687,9.170005
4.776687,4.630005
8.996687,0.4300049
11.37669,-2.189995
12.34669,-3.659995
12.92669,-4.529995
13.64669,-5.549995
14.24669,-6.879995
14.79669,-8.249995
15.84669,-10.09999
17.64669,-12.59999
19.97669,-15.33
21.94669,-17.32999
22.89669,-17.14999
23.29669,-15.58
23.49669,-14.50999
23.64669,-14.62
23.42669,-14.93999
22.94669,-14.52999
22.54669,-13.46999
22.29669,-12.10999
22.82669,-10.96
23.29669,-10.16
23.39669,-8.569995
23.59669,-6.659995
22.12669,-4.489995
20.64669,-1.129995
21.14669,2.190005
20.74669,3.600005
18.49669,3.620005
16.49669,5.080005
15.54669,8.250005
13.99669,10.81
10.44669,15.09
8.946687,16.93
5.626687,11.07
4.396687,4.890005
6.346687,3.840005
7.096687,1.850005
5.696687,0.2100049
4.796687,-0.2099951
5.896687,1.110005
6.746687,1.920005
7.346687,0.8900049
8.246687,-0.5299951
8.976686,-1.879995
10.19669,-3.009995
12.24669,-2.699995
11.79669,-0.5999951
6.926687,3.390005
2.846687,8.060004
2.426687,13.04
1.246687,19.04
-0.673313,22.37
0.796687,1.780005
0.846687,1.820005
-0.903313,3.550005
-2.403313,7.180005
-3.003313,10.42
-2.703313,12.19
-2.303313,13.95
-2.203313,16.21
-1.603313,17.28
-1.453313,16.55
-3.103313,16.01
-4.653313,16.67
-4.603313,18.11
-4.753313,18.54
-5.103313,15.41
-2.253313,8.780005
2.896687,2.680005
6.796687,-0.9899951
8.596686,-2.649995
9.296687,-2.789995
10.49669,-3.269995
12.09669,-4.959995
13.39669,-6.739995
14.29669,-8.189995
15.39669,-10.00999
17.24669,-12.85999
19.79669,-15.84999
22.24669,-16.90999
23.49669,-15.79
23.89669,-13.85999
24.39669,-12.88999
24.99669,-13.21
25.39669,-13.55999
24.89669,-12.91999
24.39669,-11.67999
25.14669,-10.81999
25.49669,-10.2
25.14669,-8.299994
25.69669,-6.069995
24.69669,-4.789995
23.19669,-2.569995
23.44669,0.7600049
22.89669,2.850005
21.14669,3.400005
20.59669,4.720005
19.29669,7.560005
16.09669,9.630005
12.29669,14.12
9.696687,15.46
7.046687,9.400004
4.396687,2.920005
5.396687,1.560005
6.096687,-0.3499951
5.596687,-1.339995
5.696687,-0.4499951
5.346687,1.490005
2.996687,1.790005
1.496687,0.2300049
1.996687,-0.8799951
3.246687,-1.509995
4.996687,-1.619995
6.396687,-0.5799951
4.096687,1.930005
0.396687,6.160005
0.696687,9.730004
0.696687,12.93
-4.203313,19.33
-7.353313,23.48001
2.096687,2.510005
3.696687,3.160005
3.946687,4.340005
1.596687,7.040005
-1.653313,9.920005
-2.703313,11.39
-2.603313,12.81
-3.423313,15.37
-3.753313,17.39001
-3.523313,17.86
-4.803313,17.65001
-5.823313,17.41
-4.703313,18.37
-4.753313,19.6
-7.653313,17.69
-8.023313,12.31
-4.003313,7.150005
0.826687,3.480005
3.846687,1.720005
4.876687,2.460005
6.046687,3.030005
8.546687,1.170005
11.29669,-1.789995
13.64669,-4.299995
15.49669,-6.269995
16.89669,-8.459995
18.59669,-10.96999
21.02669,-12.67999
23.14669,-12.99
24.14669,-12.2
24.79669,-11.46
25.82669,-11.54
26.94669,-12.16
26.62669,-12.08999
26.04669,-11.06999
27.29669,-10.2
27.64669,-9.799994
26.34669,-8.049994
26.74669,-5.369995
26.89669,-3.789995
25.89669,-2.279995
25.74669,0.2600049
25.64669,2.440005
24.77669,3.800005
24.09669,5.010005
21.14669,6.920005
17.69669,8.910005
15.47669,13.44
10.04669,13.01
7.576687,6.670005
5.246687,0.9600049
5.626687,-0.5799951
5.946687,-2.479995
5.476687,-3.499995
5.546687,-2.179995
4.546687,-0.4799951
0.896687,-1.689995
-1.203313,-3.399995
-0.303313,-2.279995
0.646687,0.2200049
1.196687,2.000005
0.776687,2.660005
-2.053313,3.840005
-3.023313,6.690005
-1.253313,8.930005
-3.143313,11.95
-9.003313,19.17
-11.35331,23.57
3.596687,2.430005
4.746687,3.850005
5.996687,4.780005
4.146687,6.420005
-0.403313,8.740005
-2.603313,10.08
-2.803313,11.36
-4.053313,13.91
-5.103313,16.27
-4.953313,18.06001
-6.003313,19.02
-7.253313,17.77
-6.803313,17.07001
-7.653313,18.43
-11.50331,17.92
-13.30331,14.47001
-10.60331,11.13
-6.053313,8.320004
-2.503313,6.590005
-0.553313,7.080005
1.396687,7.730005
4.496687,6.320005
7.996687,3.480005
11.34669,0.3200049
14.09669,-2.209995
15.94669,-3.929995
17.09669,-5.189995
18.39669,-6.119995
19.99669,-7.089995
21.34669,-8.249995
22.69669,-9.489995
24.74669,-10.67
26.89669,-11.63999
27.24669,-11.88999
26.99669,-11.17
28.19669,-9.719995
28.29669,-8.409995
26.59669,-6.709995
26.69669,-4.179995
27.34669,-2.029995
26.69669,-0.4799951
26.19669,1.210005
26.39669,2.700005
25.69669,3.880005
24.39669,4.660005
21.59669,5.810005
19.59669,8.370005
19.60669,12.86
12.19669,11.19
7.746687,3.630005
6.696687,-0.9999951
6.996687,-2.549995
6.896687,-4.239995
5.496687,-5.269995
4.596687,-4.419995
3.996687,-3.949995
1.296687,-6.339995
-0.05331299,-6.289995
1.196687,-1.609995
1.496687,3.050005
-0.003312988,4.380005
-2.653313,3.130005
-5.703313,3.110005
-5.603313,5.650005
-4.303313,7.710005
-6.843313,10.89001
-11.80331,18.22001
-14.35331,23.05
5.696687,1.190005
5.276687,2.470005
5.596687,3.690005
4.046687,5.220005
0.296687,7.380005
-1.823313,9.210005
-2.203313,11.04
-3.723313,13.08
-5.403313,14.43
-5.503313,16.29
-6.253313,18.6
-8.023313,18.04
-8.753313,16.02
-9.823313,16.18
-13.05331,16.44
-14.95331,14.53
-13.35331,12.34
-9.873313,10.58
-6.603313,9.190004
-4.023313,8.510005
-1.503313,8.000005
1.496687,6.990005
4.796687,5.220005
8.296687,2.720005
11.44669,0.2200049
13.59669,-1.619995
14.74669,-2.789995
15.47669,-3.379995
16.49669,-4.039995
17.97669,-5.109995
19.84669,-6.389995
22.34669,-7.529995
24.84669,-8.209995
25.97669,-8.859995
26.44669,-9.239995
27.39669,-7.919995
27.49669,-5.829995
26.72669,-4.269995
27.04669,-2.719995
27.14669,-0.9199951
25.99669,0.5800049
25.17669,1.860005
25.14669,2.840005
24.42669,3.480005
23.19669,4.370005
22.62669,5.950005
22.19669,8.930005
22.14669,12.13
15.44669,10.13
7.596687,0.8700049
7.696687,-2.279995
8.696687,-4.429995
8.496687,-6.059995
6.676687,-7.109995
4.896687,-6.859995
4.676687,-6.969995
3.896687,-8.619995
3.356687,-6.989995
4.046687,-1.639995
3.476687,2.240005
0.346687,2.440005
-4.453313,1.090005
-7.953313,2.370005
-8.173313,5.670005
-7.953313,7.440005
-9.573313,9.840005
-12.90331,15.94
-16.22331,20.89001
