U,V
2.01,-0.86
1.98,-0.92
1.96,-0.97
1.93,-1.02
1.9,-1.07
1.88,-1.12
1.85,-1.17
1.82,-1.21
1.78,-1.26
1.75,-1.31
1.71,-1.35
1.68,-1.4
1.64,-1.44
1.6,-1.48
1.56,-1.52
1.52,-1.57
1.48,-1.6
1.44,-1.64
1.4,-1.68
1.35,-1.72
1.31,-1.75
1.26,-1.78
1.21,-1.82
1.16,-1.85
1.12,-1.88
1.07,-1.91
1.02,-1.93
0.96,-1.96
0.91,-1.98
0.86,-2.01
0.81,-2.03
0.75,-2.05
0.7,-2.07
0.65,-2.09
0.59,-2.1
0.54,-2.12
0.48,-2.13
0.42,-2.14
0.37,-2.15
0.31,-2.16
0.26,-2.17
0.2,-2.17
0.14,-2.18
0.08,-2.18
0.03,-2.18
-0.03,-2.18
-0.09,-2.18
-0.14,-2.18
-0.2,-2.17
-0.26,-2.17
-0.31,-2.16
-0.37,-2.15
-0.43,-2.14
-0.48,-2.13
-0.54,-2.12
-0.59,-2.1
-0.65,-2.09
-0.7,-2.07
-0.76,-2.05
-0.81,-2.03
-0.86,-2.01
-0.92,-1.98
-0.97,-1.96
-1.02,-1.93
-1.07,-1.9
-1.12,-1.88
-1.17,-1.85
-1.21,-1.82
6,-3.22
5.83,-3.35
5.65,-3.47
5.43,-3.59
5.3,-3.69
5.08,-3.79
4.85,-3.88
4.63,-3.96
4.45,-4.02
4.27,-4.08
4.05,-4.13
3.82,-4.17
3.6,-4.2
3.42,-4.23
3.25,-4.24
3.02,-4.25
2.8,-4.25
2.62,-4.24
2.4,-4.23
2.25,-4.21
2.05,-4.18
1.87,-4.15
1.65,-4.1
1.5,-4.06
1.35,-4.01
1.17,-3.96
1,-3.9
0.85,-3.84
0.7,-3.77
0.55,-3.7
0.4,-3.63
0.25,-3.55
0.15,-3.47
0,-3.39
-0.09999999,-3.3
-0.23,-3.22
-0.35,-3.12
-0.48,-3.03
-0.6,-2.93
-0.65,-2.84
-0.75,-2.74
-0.85,-2.64
-0.95,-2.53
-1,-2.43
-1.05,-2.33
-1.13,-2.23
-1.2,-2.11
-1.25,-2.01
-1.3,-1.9
-1.33,-1.79
-1.35,-1.67
-1.4,-1.57
-1.45,-1.46
-1.45,-1.35
-1.45,-1.23
-1.45,-1.13
-1.5,-1.02
-1.45,-0.91
-1.45,-0.8
-1.45,-0.7
-1.4,-0.59
-1.38,-0.5
-1.35,-0.4
-1.33,-0.3
-1.3,-0.21
-1.25,-0.12
-1.2,-0.03
-1.13,0.05
11.1,-6.44
10.65,-6.68
10.3,-6.89
9.849999,-7.08
9.4,-7.25
8.95,-7.4
8.5,-7.51
8.05,-7.61
7.6,-7.68
7.15,-7.73
6.7,-7.75
6.25,-7.75
5.8,-7.73
5.35,-7.69
4.9,-7.63
4.45,-7.55
4,-7.45
3.6,-7.34
3.2,-7.22
2.8,-7.08
2.4,-6.93
2.05,-6.78
1.7,-6.61
1.4,-6.45
1,-6.27
0.7,-6.09
0.4,-5.91
0.09999999,-5.73
-0.09999999,-5.54
-0.4,-5.35
-0.6,-5.16
-0.85,-4.98
-1.1,-4.79
-1.3,-4.6
-1.5,-4.4
-1.7,-4.21
-1.9,-4.01
-2.05,-3.81
-2.2,-3.61
-2.35,-3.4
-2.4,-3.19
-2.55,-2.98
-2.6,-2.77
-2.7,-2.55
-2.8,-2.33
-2.8,-2.1
-2.9,-1.88
-2.9,-1.65
-2.9,-1.43
-2.9,-1.2
-2.9,-0.98
-2.8,-0.75
-2.8,-0.54
-2.7,-0.32
-2.6,-0.09999999
-2.55,0.11
-2.4,0.31
-2.35,0.51
-2.2,0.7
-2.05,0.88
-1.9,1.06
-1.85,1.23
-1.7,1.39
-1.45,1.54
-1.3,1.67
-1.15,1.8
-1,1.92
-0.85,2.03
14.2,-10.43
13.63,-10.75
13,-11.04
12.38,-11.28
11.8,-11.48
11.13,-11.65
10.45,-11.77
9.82,-11.86
9.15,-11.9
8.42,-11.91
7.75,-11.87
7.07,-11.79
6.4,-11.68
5.77,-11.52
5.1,-11.34
4.47,-11.12
3.85,-10.88
3.3,-10.63
2.75,-10.35
2.17,-10.07
1.7,-9.77
1.22,-9.49
0.75,-9.19
0.32,-8.91
-0.05,-8.63
-0.45,-8.36
-0.8,-8.09
-1.15,-7.83
-1.5,-7.57
-1.8,-7.31
-2.1,-7.04
-2.38,-6.77
-2.65,-6.48
-2.9,-6.19
-3.15,-5.87
-3.38,-5.55
-3.55,-5.2
-3.75,-4.83
-3.9,-4.44
-4,-4.03
-4.1,-3.61
-4.18,-3.17
-4.15,-2.72
-4.15,-2.27
-4.1,-1.81
-4.03,-1.35
-3.95,-0.89
-3.78,-0.44
-3.6,0
-3.38,0.42
-3.15,0.83
-2.93,1.21
-2.7,1.58
-2.45,1.92
-2.15,2.23
-1.9,2.51
-1.65,2.78
-1.38,3
-1.1,3.21
-0.85,3.39
-0.55,3.55
-0.35,3.67
-0.09999999,3.78
0.12,3.87
0.35,3.93
0.57,3.98
0.75,4.01
1,4.02
16.2,-14.23
15.35,-14.58
14.5,-14.88
13.7,-15.11
12.9,-15.3
12.05,-15.44
11.2,-15.52
10.4,-15.57
9.599999,-15.55
8.75,-15.49
7.9,-15.38
7.15,-15.22
6.3,-15.01
5.55,-14.76
4.8,-14.46
4.05,-14.12
3.3,-13.76
2.6,-13.38
2,-12.98
1.4,-12.59
0.8,-12.21
0.25,-11.84
-0.3,-11.48
-0.75,-11.14
-1.2,-10.81
-1.65,-10.49
-2,-10.17
-2.45,-9.84
-2.8,-9.5
-3.15,-9.139999
-3.5,-8.74
-3.8,-8.309999
-4.1,-7.83
-4.3,-7.31
-4.5,-6.75
-4.65,-6.14
-4.8,-5.49
-4.85,-4.82
-4.9,-4.11
-4.85,-3.39
-4.8,-2.66
-4.65,-1.91
-4.5,-1.19
-4.35,-0.47
-4.1,0.22
-3.85,0.89
-3.5,1.52
-3.2,2.1
-2.9,2.64
-2.5,3.13
-2.1,3.56
-1.75,3.94
-1.3,4.25
-0.95,4.51
-0.6,4.72
-0.25,4.88
0.09999999,4.99
0.4,5.05
0.7,5.09
0.95,5.09
1.2,5.07
1.4,5.04
1.6,5
1.75,4.96
1.9,4.92
2.15,4.88
2.3,4.84
2.45,4.81
17.9,-17.63
16.88,-18.09
15.85,-18.44
14.82,-18.68
13.85,-18.83
12.85,-18.9
11.95,-18.92
11.05,-18.89
10.15,-18.83
9.25,-18.73
8.349999,-18.58
7.47,-18.4
6.6,-18.16
5.65,-17.86
4.7,-17.5
3.82,-17.09
2.95,-16.63
2.12,-16.13
1.35,-15.6
0.62,-15.07
-0.09999999,-14.55
-0.7,-14.05
-1.3,-13.57
-1.83,-13.12
-2.35,-12.69
-2.85,-12.26
-3.3,-11.82
-3.73,-11.36
-4.15,-10.84
-4.5,-10.26
-4.85,-9.62
-5.13,-8.889999
-5.3,-8.09
-5.45,-7.22
-5.55,-6.3
-5.58,-5.34
-5.55,-4.36
-5.43,-3.37
-5.25,-2.39
-5.08,-1.43
-4.85,-0.49
-4.6,0.41
-4.3,1.26
-3.95,2.05
-3.6,2.78
-3.25,3.44
-2.85,4.03
-2.5,4.53
-2.15,4.96
-1.78,5.3
-1.45,5.56
-1.08,5.75
-0.8,5.87
-0.48,5.92
-0.2,5.93
0,5.89
0.25,5.84
0.45,5.76
0.65,5.69
0.8,5.63
0.95,5.59
1.15,5.59
1.3,5.62
1.42,5.69
1.55,5.8
1.77,5.95
1.95,6.12
2.27,6.3
18.5,-20.09
17.45,-20.72
16.3,-21.17
15.3,-21.41
14.3,-21.5
13.4,-21.49
12.6,-21.41
11.75,-21.31
11,-21.2
10.2,-21.1
9.4,-20.98
8.45,-20.84
7.4,-20.66
6.4,-20.4
5.3,-20.06
4.25,-19.61
3.2,-19.08
2.2,-18.46
1.3,-17.79
0.45,-17.1
-0.2,-16.41
-0.8,-15.75
-1.4,-15.12
-1.9,-14.56
-2.4,-14.02
-2.9,-13.51
-3.4,-12.98
-3.85,-12.4
-4.4,-11.74
-4.85,-10.98
-5.3,-10.1
-5.65,-9.09
-6,-7.98
-6.25,-6.78
-6.4,-5.54
-6.55,-4.29
-6.6,-3.05
-6.65,-1.86
-6.6,-0.74
-6.45,0.31
-6.3,1.3
-6.1,2.22
-5.8,3.08
-5.5,3.88
-5.2,4.62
-4.8,5.29
-4.5,5.86
-4.1,6.32
-3.7,6.65
-3.4,6.85
-3,6.93
-2.7,6.9
-2.4,6.79
-2.1,6.64
-1.9,6.46
-1.6,6.3
-1.4,6.15
-1.2,6.05
-1,5.99
-0.85,6.01
-0.7,6.08
-0.45,6.25
-0.2,6.48
0.05,6.78
0.4,7.13
0.95,7.51
1.5,7.9
2.15,8.28
19.45,-20.08
18.4,-21.12
17.3,-21.91
16.3,-22.42
15.35,-22.76
14.55,-22.95
13.8,-23.07
13.17,-23.15
12.5,-23.23
11.75,-23.3
10.85,-23.33
9.849999,-23.29
8.65,-23.15
7.47,-22.89
6.25,-22.49
5.02,-21.96
3.9,-21.32
2.92,-20.59
2.05,-19.8
1.27,-19.01
0.6,-18.21
-0.03,-17.45
-0.65,-16.73
-1.33,-16.07
-2,-15.45
-2.7,-14.87
-3.4,-14.28
-4.13,-13.65
-4.8,-12.94
-5.4,-12.09
-5.95,-11.1
-6.4,-9.929999
-6.75,-8.62
-6.98,-7.2
-7.15,-5.74
-7.2,-4.29
-7.25,-2.92
-7.25,-1.67
-7.25,-0.54
-7.23,0.46
-7.1,1.39
-7.03,2.26
-6.85,3.11
-6.68,3.96
-6.45,4.82
-6.15,5.62
-5.95,6.35
-5.63,6.95
-5.25,7.4
-4.95,7.66
-4.55,7.79
-4.2,7.76
-3.8,7.64
-3.4,7.44
-3,7.22
-2.52,7
-2.1,6.8
-1.7,6.67
-1.35,6.62
-1,6.69
-0.65,6.87
-0.2,7.19
0.3,7.61
0.92,8.13
1.7,8.69
2.52,9.26
3.4,9.8
4.25,10.25
20.8,-19.34
19.9,-20.87
18.9,-22.15
17.9,-23.1
17,-23.81
16.2,-24.29
15.5,-24.63
14.95,-24.87
14.3,-25.05
13.6,-25.19
12.7,-25.26
11.65,-25.24
10.4,-25.09
9.2,-24.79
8,-24.35
6.85,-23.77
5.8,-23.09
4.9,-22.34
4,-21.56
3.25,-20.77
2.5,-20
1.7,-19.25
0.9,-18.52
0,-17.82
-0.8,-17.13
-1.7,-16.45
-2.6,-15.73
-3.5,-14.95
-4.3,-14.07
-5.1,-13.05
-5.8,-11.91
-6.4,-10.6
-6.9,-9.17
-7.2,-7.64
-7.5,-6.06
-7.6,-4.49
-7.7,-2.98
-7.7,-1.58
-7.7,-0.29
-7.65,0.87
-7.6,1.92
-7.45,2.9
-7.2,3.82
-7,4.72
-6.8,5.58
-6.45,6.39
-6.1,7.12
-5.75,7.74
-5.3,8.25
-4.95,8.61
-4.6,8.82
-4.2,8.88
-3.8,8.84
-3.4,8.72
-3,8.559999
-2.65,8.4
-2.3,8.26
-1.95,8.2
-1.6,8.24
-1.15,8.47
-0.7,8.86
-0.2,9.429999
0.5,10.09
1.25,10.78
2.1,11.41
3.05,11.91
4,12.24
4.85,12.39
19.2,-17.18
18.65,-18.96
18.05,-20.56
17.33,-21.88
16.75,-22.96
16.33,-23.77
16,-24.41
15.73,-24.88
15.45,-25.25
14.98,-25.53
14.35,-25.71
13.62,-25.77
12.8,-25.75
11.97,-25.63
11.1,-25.42
10.22,-25.11
9.3,-24.69
8.27,-24.12
7.15,-23.42
5.95,-22.6
4.75,-21.7
3.65,-20.83
2.55,-20.03
1.57,-19.38
0.65,-18.83
-0.13,-18.36
-0.95,-17.85
-1.7,-17.18
-2.5,-16.3
-3.25,-15.12
-4,-13.71
-4.73,-12.09
-5.4,-10.36
-5.95,-8.61
-6.4,-6.85
-6.8,-5.12
-7.1,-3.41
-7.25,-1.73
-7.35,-0.09999999
-7.33,1.41
-7.25,2.77
-7.13,3.91
-6.9,4.86
-6.73,5.61
-6.5,6.24
-6.28,6.81
-6,7.35
-5.73,7.86
-5.5,8.309999
-5.28,8.65
-5.05,8.92
-4.88,9.09
-4.65,9.21
-4.47,9.25
-4.3,9.25
-3.95,9.24
-3.55,9.28
-3.08,9.48
-2.4,9.83
-1.7,10.4
-0.9,11.06
-0.08,11.78
0.7,12.45
1.35,12.94
1.95,13.23
2.48,13.27
2.9,13.16
3.33,12.94
17.2,-15.32
16.9,-16.76
16.5,-18.03
16.25,-19.08
16.2,-19.97
16.45,-20.75
16.8,-21.52
17.05,-22.3
17.1,-23.08
16.9,-23.77
16.5,-24.33
15.9,-24.71
15.4,-24.97
14.9,-25.2
14.4,-25.47
13.65,-25.8
12.7,-26.09
11.4,-26.17
9.9,-25.95
8.349999,-25.32
6.9,-24.38
5.6,-23.24
4.4,-22.1
3.4,-21.11
2.4,-20.31
1.5,-19.73
0.6,-19.21
-0.3,-18.61
-1.1,-17.81
-1.85,-16.64
-2.5,-15.17
-3.11,-13.39
-3.7,-11.45
-4.21,-9.48
-4.7,-7.53
-5.16,-5.64
-5.6,-3.79
-5.95,-1.99
-6.3,-0.25
-6.5,1.3
-6.7,2.62
-6.75,3.6
-6.8,4.34
-6.9,4.9
-6.9,5.46
-6.9,6.11
-6.8,6.84
-6.65,7.58
-6.5,8.25
-6.45,8.78
-6.3,9.179999
-6.2,9.46
-6.1,9.71
-5.9,9.929999
-5.5,10.16
-5,10.49
-4.4,10.92
-3.6,11.47
-2.8,12.03
-2.1,12.58
-1.5,13.07
-0.95,13.44
-0.6,13.62
-0.2,13.49
0.09999999,13.16
0.35,12.75
0.5,12.43
0.6,12.32
17.6,-11.69
17.88,-13.18
17.9,-14.53
17.83,-15.62
17.85,-16.47
18.18,-17.13
18.75,-17.77
19.43,-18.58
20,-19.62
20.2,-20.86
20.1,-22.17
19.8,-23.35
19.45,-24.37
19.03,-25.16
18.5,-25.83
17.73,-26.38
16.55,-26.81
15.05,-27.02
13.55,-27.01
12.2,-26.78
11.1,-26.45
10.22,-26.03
9.3,-25.52
8.05,-24.79
6.55,-23.79
4.75,-22.44
3.1,-20.92
1.65,-19.37
0.55,-17.9
-0.23,-16.54
-0.9,-15.18
-1.45,-13.71
-2,-12.11
-2.68,-10.41
-3.35,-8.679999
-4.03,-6.98
-4.65,-5.28
-5.28,-3.58
-5.8,-1.87
-6.08,-0.26
-6.25,1.2
-6.3,2.35
-6.35,3.27
-6.38,3.99
-6.45,4.67
-6.55,5.4
-6.7,6.21
-6.8,7.06
-6.9,7.89
-6.93,8.65
-6.8,9.33
-6.58,9.9
-6.25,10.37
-6,10.71
-5.7,11
-5.38,11.32
-4.95,11.71
-4.43,12.14
-3.85,12.53
-3.33,12.73
-2.95,12.74
-2.72,12.56
-2.4,12.32
-1.97,12.13
-1.55,12.1
-1.25,12.29
-1.25,12.51
-1.52,12.51
17.9,-6.78
19.2,-8.28
20.1,-9.929999
20.6,-11.56
20.8,-13.02
21,-14.09
21.4,-14.89
22.15,-15.56
22.9,-16.34
23.45,-17.44
23.7,-18.83
23.65,-20.44
23.5,-22.1
23.2,-23.66
22.9,-25.06
22.2,-26.21
21.2,-27.1
20.1,-27.67
19,-28.05
18.15,-28.38
17.5,-28.78
16.8,-29.23
15.7,-29.46
14.05,-29
11.9,-27.72
9.54,-25.52
7.4,-22.88
5.79,-20.36
4.5,-18.27
3.45,-16.86
2.5,-15.79
1.6,-14.79
0.7,-13.62
-0.25,-12.17
-1.2,-10.54
-2.25,-8.82
-3.2,-7.06
-4.05,-5.27
-4.8,-3.44
-5.2,-1.66
-5.6,0.01
-5.8,1.49
-6.1,2.79
-6.25,3.83
-6.3,4.68
-6.25,5.31
-6.2,5.83
-6.2,6.36
-6.3,7.04
-6.35,7.99
-6.2,9.09
-5.9,10.15
-5.5,10.94
-5.4,11.25
-5.5,11.25
-5.75,11.16
-5.9,11.23
-5.75,11.57
-5.2,11.98
-4.6,12.23
-4,12.2
-3.6,11.99
-3.2,11.88
-2.65,12.19
-2.1,12.82
-1.95,13.48
-2.3,13.74
-2.9,13.14
15.95,-1.64
17.43,-2.86
18.9,-4.33
20.08,-5.99
21.15,-7.75
22.03,-9.429999
23,-10.95
24,-12.19
25.1,-13.31
26.18,-14.47
27.05,-15.81
27.63,-17.35
27.95,-19.04
27.98,-20.79
27.75,-22.56
27.2,-24.3
26.5,-25.94
25.73,-27.36
24.95,-28.55
24.3,-29.47
23.6,-30.21
22.6,-30.69
21.25,-30.85
19.47,-30.39
17.55,-29.32
15.67,-27.63
14,-25.67
12.37,-23.8
10.75,-22.17
9.02,-20.83
7.25,-19.57
5.52,-18.28
3.95,-16.89
2.55,-15.37
1.2,-13.71
-0.26,-11.84
-1.55,-9.73
-2.61,-7.46
-3.4,-5.24
-3.85,-3.32
-4.3,-1.71
-4.93,-0.34
-5.75,1.03
-6.5,2.48
-6.9,3.94
-6.68,5.13
-6.1,5.98
-5.45,6.51
-5,7
-4.9,7.7
-4.9,8.679999
-4.78,9.74
-4.65,10.53
-4.67,10.74
-5.05,10.58
-5.57,10.36
-6.05,10.39
-5.93,10.86
-5.4,11.58
-4.7,12.25
-4.25,12.65
-4.2,12.69
-4.25,12.66
-4,12.75
-3.65,12.95
-3.55,12.93
-3.85,12.44
-4.4,11.34
13,0.3
13.95,0.26
15.2,0.17
16.85,-0.08
18.7,-0.64
20.55,-1.67
22.5,-3.13
24.4,-4.97
26,-7.07
27.46,-9.37
28.7,-11.83
29.71,-14.35
30.5,-16.85
30.86,-19.16
30.9,-21.28
30.7,-23.19
30.3,-24.95
30,-26.53
29.8,-27.9
29.45,-28.93
28.9,-29.64
27.9,-30.01
26.6,-30.15
25.1,-30.09
23.5,-29.87
22,-29.5
20.4,-29
18.8,-28.31
16.9,-27.31
14.74,-25.85
12.5,-24
10.29,-21.94
8.2,-19.95
6.35,-18.2
4.5,-16.54
2.74,-14.69
1.2,-12.48
-0.21,-9.929999
-1.3,-7.41
-2,-5.36
-2.5,-3.78
-3,-2.47
-3.8,-0.9899999
-4.71,0.96
-5.5,3.17
-5.8,5.12
-5.6,6.51
-5,7.22
-4.5,7.61
-4.4,7.89
-4.4,8.28
-4.35,8.82
-4.1,9.32
-3.95,9.51
-4.1,9.45
-4.6,9.42
-5.1,9.63
-5.3,10.25
-5,11.16
-4.45,12.09
-4.2,12.72
-4.4,12.82
-4.7,12.67
-4.8,12.5
-4.8,12.44
-5.15,12.32
-6,11.89
-6.9,10.92
15.05,1.28
16.15,1.7
17.55,2.18
19.27,2.54
21.15,2.6
23.18,2.16
25.15,1.2
26.98,-0.32
28.55,-2.26
29.83,-4.64
30.75,-7.32
31.26,-10.21
31.45,-13.12
31.33,-15.86
31.15,-18.42
31,-20.74
30.95,-22.85
31,-24.62
31.15,-26.07
31.28,-27.14
31.25,-27.98
30.78,-28.69
30.1,-29.39
29.2,-30.12
28.1,-30.81
26.9,-31.45
25.5,-31.97
23.75,-32.24
21.8,-32.08
19.45,-31.16
16.95,-29.54
14.34,-27.28
11.7,-24.77
9.32,-22.3
7.2,-19.89
5.57,-17.45
4.15,-14.85
2.94,-12.11
1.8,-9.46
0.8,-7.35
0.15,-5.79
-0.2,-4.56
-0.55,-3.11
-1.16,-0.96
-2.05,1.68
-3.06,4.25
-3.75,6.28
-4.1,7.44
-4.15,8.08
-4.23,8.29
-4.4,8.3
-4.57,8.25
-4.55,8.33
-4.4,8.59
-4.25,8.87
-4.23,9.05
-4.35,9.29
-4.4,9.78
-4.4,10.47
-4.43,11.14
-4.55,11.58
-4.95,11.48
-5.4,11.04
-5.55,10.69
-5.4,10.77
-5.58,11.16
-6.45,11.32
-7.5,10.68
17.2,3.94
18.85,4.29
20.6,4.67
22.35,4.79
24,4.51
25.3,3.68
26.5,2.49
27.8,0.92
29.3,-0.9899999
30.91,-3.31
32.2,-5.85
32.76,-8.42
33,-10.87
33.15,-13.1
33.4,-15.23
33.8,-17.32
34.1,-19.39
34.2,-21.29
34.3,-22.99
34.55,-24.51
34.6,-26.02
34.35,-27.6
33.8,-29.22
32.9,-30.79
31.9,-32.21
30.85,-33.37
29.7,-34.27
28.25,-34.75
26.3,-34.7
23.75,-33.76
20.8,-32.07
17.79,-29.75
14.9,-27.18
12.29,-24.58
10.1,-22.03
8.34,-19.51
6.8,-16.97
5.54,-14.35
4.4,-11.72
3.29,-9.34
2.5,-7.39
1.9,-5.94
1.3,-4.56
0.64,-2.77
-0.2,-0.49
-1.31,2.01
-2.5,4.35
-3.5,6.15
-4.2,7.41
-4.35,7.83
-4.4,7.63
-4.75,7.08
-5.3,6.83
-5.8,7.43
-5.8,8.559999
-5.25,9.58
-4.7,10.14
-4.3,10.31
-4.2,10.47
-4.45,10.71
-4.8,10.92
-5.15,10.79
-5.4,10.31
-5.1,9.65
-4.4,9.309999
-3.65,9.45
-3.5,9.61
-4.1,9.26
20.15,7.65
21.1,7
21.8,6.42
22.75,5.89
24.05,5.28
25.58,4.57
27.2,3.74
29.1,2.54
31.3,0.81
33.51,-1.56
35.3,-4.22
36.41,-6.74
37.05,-9
37.48,-10.98
38,-12.93
38.3,-14.93
38.5,-16.96
38.55,-18.83
38.75,-20.49
39.03,-22.07
39.15,-23.92
38.93,-26.45
38.3,-29.49
37.11,-32.61
35.65,-35.24
33.88,-36.85
32.15,-37.6
30.55,-37.51
28.9,-36.94
26.87,-35.96
24.35,-34.66
21.47,-32.99
18.65,-30.96
16.17,-28.45
13.95,-25.59
11.82,-22.52
9.8,-19.51
7.84,-16.78
6.1,-14.24
4.77,-11.89
3.8,-9.69
3,-7.83
2.2,-6.19
1.4,-4.57
0.65,-2.71
-0.06,-0.5
-0.8,1.85
-1.78,4.03
-2.6,5.81
-3.03,6.65
-3.1,6.61
-3.3,5.92
-3.8,5.46
-4.5,6.02
-5,7.46
-5.03,9.09
-4.85,10.14
-4.6,10.31
-4.35,10.13
-4.25,9.98
-4.2,10.12
-4.15,10.52
-4,10.88
-3.72,10.95
-3.2,10.83
-2.5,10.55
-1.75,10.08
-1.47,9.26
17.5,11.37
18.35,10.45
19.3,9.969999
21.2,9.69
23.9,9.12
26.9,8.11
29.7,6.77
32.3,5.06
35,2.98
37.81,0.56
40.4,-1.99
42.66,-4.5
44.5,-6.96
45.56,-9.42
46,-11.95
45.81,-14.57
45.3,-17.15
44.7,-19.35
44.1,-20.97
43.55,-21.91
42.7,-22.79
41.75,-24.59
40.7,-27.66
39.46,-32
37.9,-36.4
35.66,-39.56
33,-41.14
30.4,-40.98
28.3,-40.06
26.85,-39.07
25.5,-38.27
23.7,-37.29
21.4,-35.65
18.94,-33.02
16.5,-29.79
14.39,-26.35
12.3,-22.94
10.09,-19.7
8.099999,-16.7
6.44,-14.04
5.4,-11.58
4.69,-9.4
4,-7.48
3.25,-5.82
2.5,-4.08
1.79,-1.94
1.2,0.44
0.59,2.65
0,4.35
-0.4,5.2
-0.6,5.43
-0.6,5.22
-0.5,5.03
-0.5,5.35
-1,6.3
-2.2,7.75
-3.4,9
-4,9.469999
-4,9.37
-3.7,9.099999
-3.4,9.26
-2.9,10.15
-2.2,11.12
-1.7,11.63
-1.5,11.67
-1.55,11.32
-1.5,10.69
-1.2,9.65
15.4,13.95
17.72,14.45
20.15,15.19
23.32,15.55
26.75,15.03
29.38,13.46
30.9,11.32
32.03,8.84
33.6,6.15
35.51,3.2
37.5,0.17
39.61,-2.69
41.7,-5.3
43.1,-7.5
43.85,-9.61
44.63,-11.94
46.05,-14.61
47.81,-17.54
48.8,-20.64
48.36,-23.67
46.95,-26.26
45.05,-28.43
42.85,-30.83
40.76,-34.02
38.8,-37.47
36.9,-40.19
34.85,-41.69
32.57,-41.76
30.3,-41.22
28.65,-40.81
27.45,-40.81
26.25,-40.84
24.55,-40.08
22.14,-37.82
19.4,-34.62
16.71,-30.93
14.3,-27.07
12.06,-23.11
10.1,-19.33
8.72,-16.12
7.65,-13.26
6.77,-10.61
6.05,-8.28
5.57,-6.66
5.2,-5.33
4.62,-3.62
3.8,-1.33
3.17,1.09
2.75,3.03
2.45,4.14
2.2,4.74
1.87,4.95
1.75,5.02
1.8,5.03
1.6,5.17
0.65,5.92
-0.65,7.26
-1.55,8.45
-1.8,8.79
-1.7,8.34
-1.55,8.309999
-1.3,9.34
-0.75,10.54
-0.4,10.91
-0.55,10.7
-0.85,10.59
-0.85,10.81
-0.32,10.89
18,19.63
20.6,21.37
22.5,21.88
24,21
25.5,19.6
27.25,18.24
29.4,16.68
32.26,14.56
35.6,11.91
38.31,8.58
40.2,4.81
41.51,0.87
42.6,-2.9
43.16,-6.2
43.1,-9.309999
43.16,-12.4
44.1,-15.38
46,-17.89
47.6,-20.22
47.46,-22.95
46.4,-26.11
45.41,-29.57
44.4,-33.29
42.61,-37.2
40.2,-40.41
37.95,-41.9
36.4,-42.29
35.4,-42.3
34.3,-42.38
32.5,-42.57
30.3,-42.77
28.15,-42.91
26.3,-42.7
24.24,-41.49
21.8,-39.18
19.09,-35.6
16.4,-31.19
13.89,-26.29
11.9,-21.67
10.69,-18.1
9.9,-15.14
8.74,-12.25
7.4,-9.42
6.4,-7.31
6,-5.88
5.85,-4.48
5.8,-2.54
5.74,-0.26
5.8,1.74
5.65,3.03
5.3,3.8
4.65,4.16
3.9,4.35
3.45,4.27
3.3,3.98
2.95,4.2
2.3,5.57
1.45,7.6
1,8.69
0.85,8.059999
0.6,7.24
0.5,7.64
0.7,8.599999
0.75,8.96
0.4,8.809999
-0.15,9.04
-0.3,10
0.2,11.23
16.9,23.86
19.55,25.06
21.95,24.07
23.06,21.56
23.35,19.41
24.58,18.5
27.6,17.78
31.28,16.16
34.15,13.92
36.21,11.5
38.2,8.72
39.73,5.06
40.35,1.11
40.71,-2.29
41.65,-5.53
42.36,-9.45
42.45,-13.7
43.26,-17.3
44.95,-20.03
45.35,-22.1
44.1,-23.83
42.95,-25.53
43.15,-27.94
43.48,-31.44
42.35,-35.01
39.65,-37.49
36.5,-39.11
34.03,-40.4
32.35,-41.6
31.2,-42.53
29.6,-43.16
27.57,-43.22
25.85,-42.82
24.57,-41.94
23.15,-40.56
21.32,-38.04
19.3,-34.28
17.04,-29.35
14.95,-24.28
13.47,-20.16
12.5,-17.05
11.29,-14.47
9.849999,-11.68
8.67,-8.849999
7.95,-6.4
7.79,-4.4
8,-2.44
8.55,-0.51
8.7,1.18
8.37,2.36
8,3.04
7.9,3.12
7.45,3
6.47,2.97
5.8,3.12
5.65,3.61
5.55,4.7
5.07,6.2
4.4,7.06
3.55,6.82
2.7,6.68
2.32,7.46
2.75,8.349999
3.3,8.25
3.35,7.56
2.8,7.41
2.25,8.28
2.15,10.01
14.6,24.19
17.35,24.84
20.3,24.03
21.65,22.23
22.5,20.59
24.55,19.44
27.5,18.15
29.35,16.36
29.5,14.63
30.25,13.21
32.4,11.1
33.31,7.09
32.2,2.46
31.86,-1.04
34.1,-3.82
36.66,-7.7
36.7,-12.84
36.41,-17.91
38.2,-21.94
40.11,-25.25
39.5,-28.14
38.45,-29.7
39.2,-30.42
41,-31.18
42,-32.59
41.51,-34.92
39.3,-37.54
35.3,-39.49
31.5,-40.45
29.7,-41.05
28.6,-42.18
27.2,-43.31
26,-43.35
25.45,-42.03
25,-40.43
24.24,-38.77
23.2,-36.5
21.74,-32.86
19.8,-28.27
17.74,-23.55
16,-19.61
14.54,-16.68
13.3,-13.74
12.54,-10.35
11.9,-7.08
11.24,-4.46
11,-2.2
11.05,-0.42
11,0.82
10.7,1.59
10.5,2.21
10.65,2.41
10.6,2.14
9.9,1.9
9,2.28
8.599999,3.24
8.2,4.14
7.7,4.65
7.1,4.86
6.3,5.16
5.5,6.08
5.35,7.45
5.8,8.32
6.05,8.12
6,7.59
6.45,7.58
7.4,8.29
7.95,9.94
15.9,27.2
17.75,27.25
18.95,25.6
18.98,23.55
19.45,21.67
21.21,19.23
22.95,16.56
23.73,14.45
24,12.88
24.58,11.55
25.45,9.66
24.79,5.9
22.65,0.89
22.38,-3.7
25.15,-7.17
27.61,-10.22
27.3,-13.59
27.18,-17.27
29.7,-21.2
32.16,-25.95
31.9,-31.05
30.53,-34.77
30.45,-36.45
31.55,-36.37
33.2,-36.21
35.75,-37.01
37.7,-38.97
36.68,-41.49
33.55,-42.89
30.32,-42.19
28,-41.12
26.7,-41.25
26.2,-41.67
26.3,-41.06
26.35,-40.07
26,-39.5
25.5,-38.7
24.89,-36.33
23.7,-32.42
21.81,-27.33
19.75,-22.35
18.02,-18.48
16.75,-15.19
16.04,-11.93
15.65,-8.74
15.29,-5.9
14.7,-3.22
13.97,-1.06
13.2,0.3
12.6,1.12
12.2,2.05
12.1,2.8
12.3,2.86
12.53,2.38
12.65,2.18
12.47,2.34
12,2.42
11.17,2.64
10.45,3.34
10.15,4.43
9.95,5.75
9.87,7.15
9.95,8.16
9.37,8.37
8.65,8.66
9.42,9.62
11.35,10.69
12.87,11.8
16.4,30.23
18.26,28.07
18,24.54
16.45,22.75
16.4,21.97
17.21,19.76
17.1,16.74
17.85,14.38
19.7,12.06
20.06,9.099999
18.5,6.21
16.51,3.34
15.1,-0.18
15.81,-4.12
18.1,-7.39
19.25,-9.65
18.8,-12.04
19.41,-15.57
22.8,-19.89
25.86,-24.07
25.6,-27.48
22.75,-29.27
21.2,-30.1
22.45,-31.37
25.3,-33.59
29.06,-36.16
32.4,-38.75
34.01,-42.07
33.5,-44.83
31.34,-44.04
29.1,-41.07
27.95,-39.28
27.4,-39.36
26.7,-39.67
25.8,-39.81
25.25,-40.3
25.3,-40.15
25.59,-38.06
25.4,-34.7
24.34,-30.2
22.7,-25.16
20.84,-20.5
19.1,-16.6
18.19,-13.24
17.9,-9.929999
18.09,-6.63
18.4,-3.76
18.05,-2.16
17.1,-1.35
15.95,-0.25
15,1.48
14.65,3.02
15.3,3.5
16.15,2.71
16.5,1.81
16.6,1.42
16.8,1.18
16.15,1.26
14.9,2.07
14.15,3.41
13.6,4.78
13.3,6.49
13.8,8.12
14.4,8.58
13.8,8.87
13.44,10.47
14.7,12.5
16.9,13.84
16.95,29.72
17.98,26.63
16.2,22.84
14.07,21.92
14.8,21.56
15.36,18.57
13.85,15.04
14.38,12.74
17.15,9.969999
17.76,6.26
15.7,3.25
13.35,1.08
11.4,-1.38
10.68,-4.49
11.45,-7.5
12.5,-9.34
13.3,-10.89
14.76,-14.05
16.7,-18.52
18.33,-22.22
18.7,-23.57
18.05,-22.68
18.25,-22.55
20.53,-25.37
23.5,-29.31
25.46,-32.76
26.55,-35.93
27.71,-39.61
29.05,-43.03
30.1,-43.61
30.3,-41.6
29.32,-38.85
27.55,-37
25.7,-36.53
24.4,-37.19
24.1,-38.37
24.9,-38.39
26.27,-36.54
26.9,-34.03
26.39,-30.69
25.4,-26.44
24.16,-21.98
23.15,-17.99
22.37,-14.27
21.45,-10.32
21.07,-6.35
21.9,-3.58
22.72,-3.14
22.25,-3.16
20.94,-1.7
19.9,0.7
19.3,2.82
19.85,3.92
21.1,3.12
21.4,1.68
21.3,1.21
22,1.18
22.03,0.66
20.8,0.7
19.85,2.18
19.15,3.96
18.22,5.68
18.45,7.4
19.77,8.349999
19.7,9.02
18.32,10.73
18.3,13.05
20.09,15.19
17.2,28.1
16.66,24.16
13.6,19.8
12,19.31
13.5,19.47
13.66,16.79
11.6,13.76
12.71,11.15
15.7,6.92
15.46,2.41
13.3,0
11.4,-1.14
9.3,-2.2
8.349999,-3.23
9.2,-5.14
10.05,-7.6
10.9,-9.63
11.86,-12.59
11.6,-17.2
10.06,-21.31
9.599999,-23.08
11.4,-23.12
13.2,-23.89
14.31,-26.45
15.6,-28.25
17.05,-29.1
18.4,-31.2
19.26,-34.73
20.1,-38.05
21.8,-39.94
23.8,-39.84
24.69,-37.62
24.6,-35.03
24.35,-33.42
24.2,-32.9
24.7,-33.04
26.5,-33.22
29.25,-33.35
30.8,-32.86
30.39,-30.2
29.3,-26.2
28.19,-22.33
27.5,-18.77
26.99,-14.66
25.8,-9.969999
25.14,-5.97
26.1,-4.02
26.65,-4.1
25.8,-3.45
25.59,-1.24
26.2,0.33
25.6,0.78
25,1.35
25.55,1.42
25.3,0.92
24.8,1.16
25.9,1.55
27.1,0.72
26.5,-0.01
25.15,1.11
24.4,3.11
23.9,4.85
23.6,6.17
23.95,7.27
24,8.87
23.84,11.43
24.4,13.97
25.4,15.93
16.1,25.25
15.03,22.49
12.4,18.62
10.92,17.64
11.55,17.39
10.93,15.23
9.3,13.19
11.63,10.78
15.3,5.59
14.43,-0.08
11.9,-2.85
10.88,-3.58
9.8,-3.72
9.27,-3.3
10.05,-4.29
9.58,-7.53
8.05,-11.35
7.58,-15.31
7.05,-18.96
5.18,-21.69
3.9,-23.47
4.83,-25.47
6.15,-28.61
6.06,-32.07
6.2,-33.58
7.42,-32.64
8.7,-32.24
9.38,-33.16
10.4,-34.48
12.78,-35.62
16.05,-35.6
19.27,-34.16
21.3,-32.66
21.97,-31.34
22.35,-29.75
23.45,-28.26
25.8,-27.84
28.88,-28.88
31.35,-29.67
32.34,-28.14
32.3,-25.08
31.34,-21.85
30.8,-18.72
30.54,-14.72
29.85,-9.88
29.67,-6.01
30.1,-4.47
28.9,-4.26
27.25,-2.7
28.32,-0.23
30,0.7
29.2,0.15
28.05,0.17
28.47,0.79
28.45,1.21
27.92,1.39
28.55,1.44
29.8,1.31
30.15,1.13
29.45,1.09
28.65,2.04
28.52,4.06
28.55,5.29
27.92,5.69
27.8,7.53
29.09,11.35
30.6,15.1
31.47,17.47
14.1,22.08
13.05,21.17
12.1,18.75
11.8,17.13
11.9,15.8
10.9,13.98
9.599999,12.71
11.51,10.6
15.1,5.39
14.66,-1.24
11.7,-5.62
10.55,-7.43
9.7,-7.92
8,-7.4
7.5,-8.23
7.11,-11.82
5.4,-16.16
4.55,-19.34
4.6,-20.97
2.95,-22.61
-0.09999999,-24.47
-1.45,-25.82
-0.6,-26.8
0.15,-27.88
0.3,-29.07
0.95,-29.2
1.6,-28.64
2.35,-28.45
4.2,-29.02
7.4,-29.41
11.5,-28.86
15.7,-28.06
18.5,-27.51
19.9,-26.86
21,-26.2
22.45,-25.27
24.9,-24.21
28.3,-24.05
31.5,-24.7
34.1,-24.81
35.4,-23.59
35.34,-20.96
35.5,-17.97
35.29,-14.33
34.6,-9.7
34.54,-5.65
34.1,-3.75
32,-3.18
31.1,-1.93
33.05,-0.28
34.3,0.75
33.1,0.95
32.1,0.83
32.65,0.78
33.3,1.01
33.5,0.92
32.8,0.57
31.35,1.4
31.5,2.49
32.55,1.68
31.5,1.14
30.49,3.31
31.7,5.49
33.05,6.22
33.9,7.55
35.29,10.32
36.1,13.63
36.94,17.25
14.5,21.65
13.2,20.83
13.35,20.07
14.55,19.23
13.75,16.64
11.41,13.47
9.55,11.22
10.28,8.88
13.2,4.74
14.04,-1.41
11.25,-7.14
8.929999,-11.1
7.6,-12.79
4.72,-11.35
2.65,-10.75
2.56,-14.6
1.25,-19.41
-0.85,-21.36
-0.9,-22.09
-1.3,-23.75
-4.75,-24.4
-7.5,-22.74
-7.7,-21.49
-7.4,-22.25
-6.4,-22.71
-4.32,-22.73
-2.35,-23.25
-0.75,-23.32
1.35,-23.06
4.35,-22.63
8.45,-22.39
12.68,-22.74
15.5,-22.29
17.82,-20.52
20.2,-19.61
22.4,-20.01
25.9,-20.15
30.47,-20.13
34.25,-20.88
36.98,-22.21
38.9,-22.58
40.32,-20.57
42.05,-17.74
42.12,-14.63
41.05,-10.74
40.42,-7.16
38.9,-4.97
36.87,-3.52
37.15,-1.78
38.85,0.15
39.4,2.04
39.37,3.07
39.85,2.7
39.95,1.38
39.4,0.59
38.75,0.77
37.45,1.48
35.42,2.81
35.65,3.72
37.25,2.96
35.7,2.7
33.84,4.96
35.7,7.25
38.1,7.92
38.9,8.91
40.42,11.56
42,15.07
42.79,19.05
14.6,20.58
13.2,19.25
12.7,20.19
13.8,20.53
13.4,17.21
10.96,12.82
9.2,9.49
8.65,7.13
10.3,4.51
13.36,-0.41
13,-6.63
9.61,-12.65
6.8,-16.15
3.44,-14.2
0.3,-12.31
-0.44,-15.94
-1.9,-19.9
-5.7,-19.86
-7.4,-20.21
-7.04,-23.05
-8.3,-24.57
-9.5,-23.83
-9.8,-23.58
-9.65,-23.22
-7.6,-20.79
-5.1,-19
-4.2,-19.6
-3.4,-19.02
-1.6,-17.01
0.9,-15.31
4.8,-13.98
10.1,-13.1
14.8,-12.12
19.15,-10.67
23.4,-10.11
27.25,-11.4
31.4,-13.23
34.95,-14.71
38.1,-16.63
41.3,-19.44
43.2,-21.14
44.34,-19.68
46.1,-16.87
46.54,-13.92
46.6,-10.99
47.05,-9.139999
45,-8.12
42.49,-6.13
42.6,-2.79
43.39,0.94
43.7,3.91
45,4.86
46.3,3.82
46.45,1.86
45.3,0.81
43.2,1.25
42,2.19
42.05,2.2
42.6,1.26
42.3,1.35
40.5,3.28
40.1,5.3
42.2,6.18
43.1,7.32
42.8,9.73
44.24,12.92
46.5,16.15
48.14,19.85
10.9,16.91
10.6,16.59
10.2,18.01
10.78,17.89
11.35,15.94
11.13,13.18
10.8,9.45
9.63,6.07
9.15,3.66
11.71,0.04
13.65,-5.24
11.41,-12.39
7.65,-18.2
3.82,-17.34
-0.25,-14.83
-2.97,-17.1
-4.05,-19.59
-5.53,-17.71
-8.05,-15.86
-10.87,-16.57
-13.1,-17.67
-12.48,-17.89
-10.95,-17.53
-11.25,-16.09
-10.75,-13.41
-8.679999,-11.59
-7.9,-11.36
-7.23,-10.2
-4.6,-8
-0.2,-6.55
5.65,-5.4
12.62,-4.09
19.15,-3.1
25.18,-2.96
30.8,-3.56
36.28,-4.94
40.9,-7.06
43.38,-9.38
45.7,-11.31
48.53,-12.88
50.35,-14.01
51.37,-14.2
51.8,-13.31
50.92,-11.07
51.3,-8.679999
53.27,-7.74
52.6,-7.72
50.14,-6.29
48.95,-2.6
48.97,1.68
50.25,4.4
52.5,4.75
53.85,3.17
54.23,1.09
53.55,0.57
51.27,1.23
49.75,1.6
50.1,1.56
50.1,1.2
48.45,1.78
47.8,3.75
49.45,5.06
49.85,6.45
49.11,10.52
50.3,14.31
52.1,15.64
53.8,17.68
57.26,22.19
7.1,14.48
8.5,15.87
10.4,17.6
10.7,17.6
11,17.25
12.16,14.73
12.5,9.929999
11.71,5.79
10.8,2.69
10.61,-0.9
11.6,-5.12
11.76,-11.48
9.8,-18.81
6.6,-21.16
2.2,-19.55
-2.35,-19.84
-3.8,-21.47
-3.25,-20.3
-4.1,-18.2
-6.1,-16.73
-8.5,-14.94
-8.5,-12.58
-7.7,-11.68
-9.55,-12.6
-11.3,-12.94
-10.35,-11.34
-8.4,-9
-6.11,-5.87
-2,-2.51
4.99,0.25
13,3.31
20.59,6.66
28.2,8.88
35.45,8.09
42.2,5.19
48.36,2
53.4,-1.09
56.55,-3.91
58.7,-5.72
60.3,-7.12
61.7,-9.2
62.7,-11.45
61.8,-12.47
58.8,-11.47
57,-9.929999
57.49,-7.83
57.5,-5.18
57.39,-2.3
57.9,0.88
58.5,2.94
60,3.19
61.6,2.26
61.9,0.9899999
61.6,0.13
60.8,0.37
58.85,0.63
57.3,0.21
57.1,0.83
57.1,2.22
55.9,3.14
56.1,4.42
58.44,6.72
58.6,10.08
59.69,14
64,15.89
65.5,16.48
65.6,18.69
67.18999,21.44
11.15,15.57
13.55,16.26
15.25,17.91
13.45,19.6
12.25,20.17
14.24,16.21
14.55,10.29
13.31,5.43
13.2,1.45
12.36,-2.36
11.55,-6.22
11.76,-10.55
10.85,-16.49
9.309999,-21.46
6.9,-22.64
2.93,-23.15
1.25,-24.24
0.6,-22.82
-1.3,-21.51
-1.33,-21.56
-1.4,-20.12
-4.06,-17.06
-7.4,-15.02
-9.75,-13.54
-9.4,-10.7
-6.53,-7.36
-3.2,-3.46
2.19,1.71
8.75,5.88
15.49,8.65
21.6,12.31
29.64,16.94
39.45,19.39
47.36,17.48
53.35,13.68
58.06,10.02
61.45,6.25
64.11,2.57
66.25,-0.09999999
67.93,-2.41
69.7,-4.56
70.9,-6.32
71.3,-8.42
70.13,-9.9
68.55,-10.59
67.27,-10.51
65.5,-9.12
64.74,-6.19
65.85,-2.99
66.95,-1.16
67.2,-0.32
66.97,0.34
67.1,0.94
69.18,0.76
70.55,-0.22
68.72,-0.54
66.65,0.28
66.75,1.44
67.1,2.67
66,4.08
65.85,5.89
67.97,8.65
69.2,11.61
70.05,13.25
71.2,13.69
69.05,14.14
66.35,14.46
63.6,14.2
14.9,19.48
17.65,19.13
18.2,18.65
15.25,19.18
13.5,19.37
15.56,15.84
16.5,10.27
15.41,4.03
14.9,-0.86
14.16,-3.93
13.6,-7.43
13.71,-10.82
12,-15.19
10.36,-21.32
10.2,-25.32
8.05,-26.39
6,-26.58
5.45,-24.94
3.3,-23.37
1.3,-22.88
-1,-22.67
-5.4,-21.26
-8.5,-18.13
-6.91,-12.4
-2.6,-6.14
0.94,-1.12
3.7,3.15
9.24,6.9
16.4,10.71
23.79,15.16
30.9,18.62
39.39,21.49
49.4,23.34
56.65,21.81
61.9,18.97
65.21,15.6
67,11.67
67.91,7.11
68.2,2.8
68.9,-0.55
69.5,-2.2
69.65,-3.03
70.4,-4.54
71,-5.1
71.6,-5.03
72.65,-5.81
72.4,-6.75
71.95,-6.3
73.2,-5.09
74.75,-4.08
75.1,-2.16
74.8,-0.12
75.7,-0.26
78.85,-2.05
80.8,-4.07
77.35,-4.31
73.8,-2.32
74.2,-0.69
74,0.11
71.35,1.42
69.3,2.75
69.45,4.2
69.9,6.01
68,7.35
64.4,8.47
60.4,9.45
56.9,10.14
52.8,11.47
11.45,21.06
14.53,19.81
15.3,18.39
14.12,18.28
13.65,17.89
14.68,14.79
16.05,9.78
16.54,3.58
16.35,-1.53
16.08,-5.39
15.55,-9.059999
15.98,-11.87
15.45,-15.11
13.54,-21.44
14,-27.37
13.55,-26.87
10.45,-24.72
8.25,-25.47
6.45,-25.87
4.1,-25.41
-0.15,-25.45
-5.28,-24.3
-4.9,-19.78
-0.41,-12.64
2.35,-5.23
4.69,0.92
7.95,6.46
14.51,12.5
23.45,20.09
33.24,26.19
42.45,29.53
50.82,30.79
57.85,28.76
61.48,24.06
63.7,18.75
64.71,12.72
65.15,7.69
65.68,4.3
65.7,0.93
65.73,-1.73
65.55,-2.51
65.13,-2.82
65.35,-3.21
66.55,-2.73
68.5,-2.47
69.75,-1.93
70.3,-1.21
71.07,-0.52
71.8,0.27
73.1,0.24
74.2,0.92
74.33,1.16
74.4,-1.5
74.5,-3.52
74.55,-3.17
72.17,-2.51
69.15,-1.69
68.6,-0.72
67.55,0.07
64.87,0.81
62.5,1.18
61.2,2.13
61,3.79
58.4,5.15
53.15,7
48.85,9.2
45.2,10.55
40.97,11.28
6.4,20.67
9.15,19.46
10.6,17.41
11.65,16.64
13.4,15.88
14.8,13.68
16.8,9.54
17.91,4.24
17.8,-0.36
18.51,-5.22
18.4,-9.73
18.45,-13.26
19.2,-15.78
18.31,-20.28
17.8,-26.37
16.99,-25.85
13.7,-23.55
10.55,-24.85
8.599999,-25.12
6.45,-25.95
4.2,-24.75
2.19,-19.73
5.1,-14.99
7.34,-9.49
6.4,-2.42
10.64,3
16.6,9.28
22.18,19.53
30.3,30.1
39.49,34.55
47.4,37.16
54.5,37.05
58.6,31.2
58.66,23.57
58.9,17.23
58.56,11.08
57.3,6.22
57.2,4.17
57.6,2.38
58.3,0.46
59.1,0.23
60.9,0.28
62.6,-0.04
63.85,0.23
66.2,0.36
66.95,-0.09
66.7,-1.58
67.8,-3.17
68,-3.82
68.55,-4.09
69.4,-3.16
69.5,-2.36
68.8,-3.55
66.5,-3.85
65.2,-2.94
64.15,-3.06
60.8,-2.93
58.25,-1.36
57.4,-0.09
56.35,0.24
54.4,0.84
52.2,2.36
51.2,3.62
48.4,3.51
43.3,4.15
39.8,6.07
36.7,7.45
33.45,8.29
2.45,22.32
5.95,21.09
9.55,17.41
12.1,15.2
14.4,14.55
15.5,13.97
17.5,11.73
20.58,7.77
22.25,3.09
22.74,-3.23
22.9,-9.22
22.78,-13.98
22.55,-16.83
21.68,-20.22
20.05,-25.36
18.6,-25.93
16,-24.6
14.22,-24.05
14.5,-22.35
13.45,-23.65
12.85,-22.49
13.16,-14.78
13.45,-10.21
14.19,-7.54
16.75,-0.45
23.96,9.86
29.75,16.54
30.56,20.81
34.15,28.1
40.94,33.48
45.7,35.66
49.68,33.93
53.5,28.23
54.48,21.87
53.65,16.47
52.38,11.97
52.05,8.16
52.67,6.92
52.9,6.52
54.55,5.48
57.85,5.36
61.98,5.08
64.65,4.14
64.68,3.51
66.45,2.82
68.45,1.02
67.8,-1.3
67.4,-2.76
67.2,-4.58
66.62,-5.91
66.6,-5.51
65.83,-5.86
63.8,-7.39
61.13,-8.38
59.35,-8.74
58.12,-8.45
55.65,-7.78
53.25,-6.37
52.7,-4.58
52.3,-3.47
50.45,-2.74
47.7,-2.22
45.4,-2.03
42.65,-2.81
38.5,-2.57
35.34,1.08
33.4,4.87
32.43,5.57
2,21.86
6.7,21.82
12,19.79
15.1,17.16
17.3,15.4
18.5,14.45
19.8,13.38
23.05,11.47
26.8,7.58
27.51,0.4
27.4,-7.71
27.41,-14.48
26.4,-18.34
24.7,-20.68
21.8,-24.19
20.9,-26.9
20.7,-26.88
20.64,-24.51
22.7,-21.25
21.51,-22.32
20,-24.53
20.04,-18.54
17.1,-9.02
19.73,-0.31
29.5,10.83
36.69,21.41
39,22.54
37.5,20.86
39.6,27.42
44.39,33.92
44.2,36.85
44.06,34.55
49.3,28.76
53.41,24.27
53.4,20.51
52.76,15.21
52.9,8.98
52.65,7.49
51.9,8.94
54.3,10.28
59.4,11.27
63.9,9.9
65.6,7.72
63.45,6.11
62.9,4.22
65.1,2.09
65.1,0.9
64.2,0.19
63.2,-2.43
62.4,-4.37
63.1,-4.31
62.05,-5.79
59,-8.44
56.65,-10.86
54.6,-12.4
53.3,-12.03
52.4,-11.33
49.9,-9.84
48.1,-7.23
47.45,-5.94
45.6,-6.6
42,-8.02
38.4,-8.38
35.85,-7.18
33.1,-4.67
31.79,-0.83
32.6,1.35
32.4,0.85
5.25,24.77
9.95,25.84
14.3,24.27
17.33,19.71
20.1,15.57
23.85,14.45
26.75,14.07
27.65,12.26
29.85,8.309999
30.34,2.07
29.6,-5.76
29.14,-14.01
28.35,-19.76
27.83,-21.57
25.15,-22.24
22.85,-24.7
22.4,-26.3
23.32,-25.56
25.7,-22.79
25.1,-21.25
23.55,-19.98
25.71,-12.4
26.5,-3.35
28.61,6.46
35.4,17.79
40.72,25.85
43,29.15
42.77,32.45
43.05,35.24
42.62,34.77
40.75,39.33
41.81,39.37
46.25,32.98
49.63,29.66
51.85,27.88
53.79,21.35
52.8,12.18
51.75,9.7
52.85,11.76
55.5,12.99
58.65,12.45
60.43,10.14
60.15,8.21
56.95,6.73
54.15,4.96
54.78,3.08
56.05,1.32
56.33,-0.37
55.2,-3.85
55.05,-6.5
55.85,-6.67
54.45,-8.34
52.45,-11.23
50.18,-12.81
47.5,-13.04
46.55,-13.07
46.6,-13.74
44.87,-13.77
42.8,-12.41
41.02,-11.12
38.4,-10.98
35.5,-11.21
32.8,-10.83
30.54,-8.4
28.85,-4.42
29.07,-2.24
29.5,-2.1
27.62,-1.33
7.6,26.51
12.85,26.69
16,24.52
19.41,19.9
22.6,14.93
25.9,14.1
30,14.64
30.6,12.78
31.8,8.23
32.06,1.56
31.1,-5.64
30.31,-12.29
29.6,-17.44
31.2,-20.84
31.4,-22.06
27.4,-22.22
24.2,-22.61
24.45,-23.11
25.9,-21.77
27,-19.24
26.4,-14.46
28.44,-5.38
32.3,3.85
34.34,13.31
36.1,21.08
39.99,29.03
43.9,38.54
44.25,42.75
42.7,37.43
39.19,35.21
37.6,41.98
38.56,39.49
38.7,32.28
38.75,29.06
42.1,26.35
47.01,21.66
47.3,16.04
46.3,13.94
47.1,15.08
49.45,15.31
52,13.66
53.45,12.53
54.9,12.03
54.65,9.719999
52.6,6.66
52.11,3.2
53.1,-0.88
52.35,-3.02
48.9,-5.06
47.45,-7.53
47.5,-8.87
46.6,-10.75
45.9,-13.33
44.05,-15.55
41.7,-15.54
40.8,-13.91
40.7,-13.94
39.45,-15.65
36.7,-16.06
34.2,-14.73
32.1,-14.27
30.15,-14.31
28,-13.35
25.54,-9.87
24.2,-5.35
24.1,-3.19
23.1,-2.78
21.8,-2.85
11.8,20.78
16.8,22.61
17.95,23.04
21.58,20.99
25.7,16.42
27.55,14.95
32.75,15.56
33.91,12.12
33.7,6.44
33.51,-0.47
32.7,-6.97
33.03,-10.64
32.95,-12.33
33.61,-16.13
35.45,-21.02
34.35,-23.17
30,-22.62
26.6,-20
23.95,-17.18
23.47,-13.37
24.3,-7.49
26.89,0.22
30.2,10.47
32.24,19.62
32.9,25.82
35.66,34.37
39.45,41.63
40.05,41.74
40.2,39.66
36.32,43.58
32.2,44.45
31.16,35.08
32,26.79
33.83,20.99
36.3,18.36
39.45,18.72
40.3,17.88
39.7,17.12
40.2,18.75
43.78,19.31
47.7,17.48
49.58,15.61
51.3,13.87
52.85,11.11
52.95,7.63
53.46,3.13
53.65,-2.17
51.33,-4.6
48.45,-5.84
47.91,-9.24
47.6,-12.86
45.9,-14.91
43.9,-16.47
40.1,-17.99
35.95,-16.53
33.75,-13.6
33.15,-13.77
31.35,-15.78
28.55,-16.56
27.27,-16.17
27,-15.86
25.6,-15.87
23.2,-14.61
21.67,-9.7
21.15,-4.78
20.15,-3.52
19.05,-4.53
17.83,-6.39
18.2,14.4
22.35,17.04
22.7,19.4
23.75,20.05
29,17.64
32.7,15.77
38.4,15.87
39.56,11.3
38.5,4.85
37.86,-2.51
36.9,-8.55
37.05,-10.75
37.7,-10.99
35.76,-13.91
34.3,-19.29
36.5,-23.29
36.3,-24.17
31.04,-20.08
23.8,-14.56
20.49,-8.77
21.3,-2.46
24.49,5.08
26.6,13.27
28.59,20.43
31.1,29.05
32.74,36.48
32.7,39.16
33.6,39.51
36,40.91
32,42.09
27.5,35.95
29.11,26.99
33,19.16
34.65,13.98
33.1,16
33.5,19.32
35.4,19.65
36.6,20.13
38.6,21.44
42.46,18.77
44.9,13.91
44.45,11.4
43.9,10.55
44.75,8.87
45.3,5.59
46.61,1.09
46.5,-3.6
43.9,-5.67
43,-7.17
44.86,-11.59
45.9,-16.05
46.05,-18.37
45.5,-21.03
40.85,-22.96
33.5,-19.12
27.64,-12.71
24.8,-12.17
22.45,-15.52
21.4,-16.79
21.55,-16
22.1,-14.7
21.7,-14.24
19.6,-13.2
18.14,-9.12
16.8,-5.57
15.85,-5.56
16.2,-7.56
14.35,-9.69
28.55,10.56
33.07,15.87
35.75,18.94
31.2,18.74
33.55,18.9
38.27,18.71
41.8,17.4
42.91,11.56
42.3,4.72
41.48,-3.26
40.8,-8.559999
40.45,-10.46
41,-11.91
40.53,-14.76
37.5,-18.74
36.05,-22.3
37.4,-24.28
36.22,-22.95
29.3,-17.67
22.94,-10.27
20.15,-3.45
20.39,5.57
22.2,14.15
26.16,23.59
28.8,31.28
27.42,34.39
25.6,37.17
27.95,36.16
31.6,35.6
29.11,33.03
27.5,25.73
30.26,19.24
30.7,14.2
29.42,13.7
28.4,18.35
29.6,21.5
32.05,22.47
33.25,21.34
35.05,19.39
38.25,16.08
39.35,13.34
37.1,12.77
35.3,11.92
36.3,8.48
36.9,4.52
36.6,1.06
35.4,-1.57
33.75,-2.87
34.1,-5
35.98,-10.33
36.5,-15.77
36.88,-17.62
38.15,-19.77
37.13,-25.58
31.5,-25.87
23.74,-16.86
19.65,-12.58
18.25,-15.84
18.15,-17.75
18,-16.79
18,-15.47
17.62,-15.15
15.4,-13.48
12.92,-9.99
10.85,-7.67
10.95,-8.16
11.55,-10.46
9.429999,-12.53
41.2,13.62
42.84,20.39
44.7,19.82
39.35,15.73
39.4,16.62
42.45,19.72
45,18.77
45.46,11.34
43.5,3.57
41.21,-3.49
40.5,-7.19
41.4,-8.92
41.9,-11.64
41.75,-15.23
41.4,-18.2
39.4,-20.71
38.1,-22.11
39,-22.93
37.2,-21
30.89,-14.22
24.6,-5.34
21.99,4.31
21.8,13.59
25.09,23.52
25.6,26.06
23.84,29.88
25.2,33.08
26.6,28.59
29,29.52
28.46,27.05
26,20.82
25.51,15.32
23.5,12.37
23.14,14.52
24.6,19.77
26.4,21.75
27.2,21.4
27.45,20.03
28.4,19.57
29.4,18.73
30.1,17.45
30.1,14.21
30.1,9.12
30.76,3.42
30.4,-0.94
29.1,-3.38
27.7,-3.52
27.3,-2.77
28.2,-3.22
29.46,-7.04
29.3,-11.53
28.9,-13.52
29.4,-16.05
28.41,-23.58
24.7,-27.65
19.74,-21.59
16.5,-17.11
13.95,-17.46
13.5,-17.46
14.1,-17.57
13.5,-17.96
11.6,-16.89
8.9,-13.56
7,-10.47
6.4,-9.719999
6,-10.92
4.5,-11.97
2.95,-12.35
43.35,22.8
43.83,25.84
45.1,20.69
43.98,14.6
43.4,14.68
43.5,17.54
44.75,16.26
43.76,9.849999
41.3,3.37
39.8,-1.5
39.3,-4.43
40.63,-6.26
41.75,-8.309999
40.58,-12.21
39.25,-15.82
39.58,-19.21
39.7,-21.57
38.1,-21.88
38.2,-20.05
38.77,-16.13
37.25,-9.42
35.89,-1.69
32.7,6.38
28.8,13.27
24.25,17.02
25.54,24.75
29.5,22.8
26.89,21.32
26.75,26.06
25.56,22.72
22.3,18.19
20.25,13.79
17.65,14.31
18.12,18.85
20.15,21.73
22.17,21.22
22.05,21.63
20.23,20.49
18.55,18.82
19.38,17.24
23,15.24
25.98,10.37
27.65,3.82
29.48,-1.39
30.1,-4.26
28.75,-5.53
27.05,-6.2
25.2,-6.66
23.6,-6.29
22.43,-8.32
21.1,-11.28
20.43,-14.02
20.9,-17.71
19.56,-24.18
16.6,-28.33
15.3,-26.19
13.55,-21.95
10.37,-18.45
9.8,-16.58
9.48,-17.24
7.25,-18.42
5.05,-16
4.05,-12.24
4.18,-11.78
3.2,-13.15
0.52,-12.22
-1.45,-10.41
-2.47,-10.82
40.8,26.56
39.65,27.34
41.1,22.84
42.85,16.36
43.7,14.84
43.55,14.79
42.6,11.73
40.55,6.97
38.4,2.29
37.55,-0.75
38.2,-2.84
38.75,-5.07
39.2,-6.87
39.3,-9.04
38.2,-12.2
37.45,-16.49
39.5,-20.24
38.1,-21.67
35.5,-18.82
38.09,-13.63
42.3,-8.47
45.3,-4.51
45.1,-1.03
39.4,0.42
29.9,7.55
28.95,17.7
30.7,14.96
26.54,19.15
23.9,22.17
20.45,18.39
20,14.37
18.4,11.44
14.2,16.86
14.3,21.89
16.5,22.15
18.75,20.93
17.8,23.25
14.2,20.73
11.3,16.39
14.55,14.5
18.8,12.7
20.8,9.41
23.3,3.71
26.1,-0.94
27.5,-3.02
24.95,-3.78
21,-4.66
19.2,-7.02
18.9,-9.48
17.65,-11.41
15.8,-13.11
13.8,-15.88
13.5,-19.2
12.9,-23.94
10.3,-26.3
9.65,-27.03
9.4,-24.65
8.9,-19.62
8,-17.06
5.15,-17.05
3,-17.28
1.8,-15.6
1,-14.52
0.65,-15.73
-1.1,-15.78
-2.75,-11.85
-3.8,-10.24
-5.25,-10.52
39.45,22.36
37.68,22.02
39.4,18.99
40.95,15.48
42.3,13.93
42.25,11.99
41.05,8.79
39.38,5.23
37.45,1.87
35.2,-1.4
34.55,-3.71
35.28,-4.58
35.9,-5.59
36.28,-7.41
37.35,-10.12
36.4,-13.45
36.6,-16.21
37.95,-18.69
36.15,-18.76
36.17,-14.06
40.5,-8.679999
43.8,-5.55
45.3,-3.44
43.58,-4.68
36.35,-0.55
31.17,8.27
28.15,11.78
24.4,15.32
20.35,15.19
17.9,13.15
17.75,8.75
14.47,11.29
11.95,18.21
12.4,20.53
11.95,23.27
12.63,23.06
11.65,23.94
9.63,20.37
9.3,15.61
14.08,11.36
15.7,9.48
15.78,9.21
18.75,5.96
20.38,3.31
21.4,-0.21
20.73,-4.38
17.95,-6.66
16.65,-8.309999
17.35,-10.67
17.08,-11.52
16.85,-12.64
14.98,-15.07
12.5,-16.28
10.73,-19.38
8.4,-22.9
7.05,-25.47
6.65,-24.06
6.87,-19.96
5.15,-17.23
2.23,-17.71
0.9,-18.87
-0.43,-17.74
-1.35,-17.21
-1.98,-16.68
-3.2,-14.82
-2.63,-12.74
-2,-12.24
-2.45,-9.57
39.5,17.07
37.45,17.29
37.6,15.61
38.25,14.39
39.3,12.16
39,9.33
38.5,6.23
36.6,3.23
34.3,1.11
31.8,-1.32
30.5,-3.47
31.35,-4.31
32.7,-5.09
33.6,-7.69
34.7,-10.7
34.7,-13.1
34.2,-15.14
35.4,-15.97
36,-17.9
36.5,-18.25
38.5,-14.24
40.25,-8.66
41.7,-5.7
41,-7.41
37.9,-7.52
33.04,-0.9899999
28.2,7.51
23.8,8.4
17.4,8.88
16.8,9.469999
16.3,6.82
13.54,11.48
13.3,15.61
11.9,17.96
9,20.87
7.75,22.69
6.5,22.96
7.1,19.46
8.599999,15.67
12.5,10.65
14.4,10.32
14.25,10.38
14.7,7.86
14.85,6.86
15.5,2.86
15.95,-1.42
15.7,-5.19
15.8,-8.849999
17.4,-10.52
17.55,-10.63
17.1,-12.72
16,-16.21
13.9,-16.61
11.2,-15.6
7.2,-18.67
5.75,-23.44
6.5,-23.9
5.3,-20.86
1.2,-16.57
-1.15,-15.84
-1.3,-16.82
-1.1,-17.28
-1,-18.15
-1.65,-14.49
-1.7,-10.75
0.8,-10.93
2.8,-9.38
0.75,-6.53
36.6,12.29
35.02,13.15
33.65,13.6
33.25,12.6
34,10.8
34.18,8.59
33.65,5.39
32.6,1.73
30.45,-1.25
28.48,-2.26
28.7,-3.2
29.38,-5.15
29.45,-6.8
30.28,-8.99
30.9,-11.83
31.5,-13.95
32.35,-16.25
32.35,-17.27
32.95,-17.67
34.7,-18.35
35.85,-17.14
35.75,-13.35
37.35,-9.98
37.62,-8.54
36.95,-8.94
34.79,-5.53
31.85,3.24
26.93,3.42
18.65,3.5
16.63,4.56
14.2,5.01
12.6,8.63
12.45,12.26
10.62,14.65
7.7,16.25
3.8,20.23
1.95,19.36
4.38,17.16
6.15,14.84
8.33,10.92
9.099999,10.42
8.33,9.41
7.15,7.91
7.85,6.93
9.8,3.22
11.3,-0.04
12.65,-2.55
14.38,-5.26
16.7,-7.31
16.78,-8.33
16.1,-9.11
16.28,-11.71
16.8,-16.91
15.17,-17.79
9.9,-17.65
7.58,-20.98
6.7,-23.51
3.62,-18.28
-0.6,-12.53
-1.2,-11.6
-0.45,-12.53
-0.07,-16.82
0.55,-18.73
1.49,-12.05
3.45,-6.61
5.3,-5.32
6.3,-4.78
5.68,-6.09
32.3,7.57
28.85,10.78
26,14.33
26,13.05
26.7,10.62
27.15,7.7
26.5,4.05
26.6,0.79
25.6,-0.24
26.9,-0.48
28.7,-3.06
27.7,-4.65
26.7,-5.6
27.25,-7.58
28.1,-10.7
28.9,-12.87
29.9,-14.29
30.3,-17.15
30.1,-18.25
30.7,-16.41
32.4,-15.4
31.9,-15.81
31.4,-14.65
31.95,-11.46
32.8,-10.33
32.25,-7.86
31.3,-1.52
26.95,-2.52
19.3,-2.64
16.6,-0.06
12.9,2.82
11.4,5.44
10.6,9.12
9.4,10.21
5.2,13.32
0.25,18.87
0.5,16
3.7,14.29
3.6,12.41
4.8,10.05
5.1,9.61
4.3,6.97
3.6,4.34
5.1,2.81
7.2,1.07
9.849999,-1.09
11.9,-3.23
13.45,-4
15.4,-5.44
16.15,-6.48
16.3,-6.77
16.3,-7.65
16.7,-13.24
17.4,-19.04
14.2,-19.99
8.3,-20.2
4.1,-20.84
4.8,-14.84
3.6,-11.83
1.75,-11.4
1.7,-11.74
1.85,-15.31
3,-14.59
4.8,-9.889999
6.5,-6.36
8.5,-2.86
11.1,-2.99
13.6,-5.07
21.85,10.96
19.5,15.89
21.1,17.08
22.65,13.79
21.55,10.38
21.43,7.54
21.25,4.05
22.15,1.84
23.35,1.96
26.15,1.34
27.9,-0.97
26.2,-1.81
24.65,-2.65
24.55,-5
25.45,-8.099999
25.83,-11.15
25.95,-12.69
26.45,-14.79
27.25,-17.15
28.05,-17.07
29,-15.6
29.43,-15.69
28.7,-16.51
28.12,-15.49
28.35,-13.68
27.72,-10.8
27.2,-5.94
24.37,-3.53
20.55,-1.44
19.8,-2.48
15.55,-1.9
12.35,1.4
10.25,5.01
7.75,6.17
2.4,9.599999
-1.6,15.7
-0.65,15.44
-1.3,15.99
-1.45,15.05
3.9,9.21
5.15,7
5.43,4.51
6.35,2.92
7.58,2.54
7.6,0.56
9.78,-0.61
10.9,-3.76
11.57,-3.9
14.3,-1.79
17.75,-1.23
19.6,-2.8
20.83,-6.34
20.15,-11.1
19.93,-16.4
19.9,-19.37
14,-20.67
7.4,-20.57
9.62,-15.19
10.3,-13.18
6.47,-12.66
5,-12.06
5.87,-12.41
7.85,-10.15
9.45,-7.1
10.8,-4.08
14.3,-1.72
18.95,-0.3
22.1,1.41
12.5,14.12
14.1,16.41
19,12.18
18.1,10.71
16.1,9.32
17.8,6.42
18.3,3.34
19.4,3.09
22,2.68
24,1.65
26.5,0.71
26.55,-1.72
25.4,-3.59
24.3,-5.35
23.6,-7.16
23.45,-9.49
23,-11.22
23,-12.36
23.6,-14.03
25,-14.87
25.6,-14.43
26.9,-14.74
28.3,-17.32
28.05,-19.04
25.4,-17.24
23.7,-12.19
23.3,-5.34
19.9,-1.05
17.6,-0.07
19.7,-4.49
16.5,-6.12
13,-2.39
11.6,0.82
8.349999,2.23
2.8,4.31
-1.66,12.39
-2.6,17.55
-4.4,17.36
-2.7,14.45
4.9,8.49
7,8.309999
7.9,7.26
8.9,6.09
9.099999,4.35
7.8,-0.08
8.25,-1.32
9,-4
10.65,-2.89
13.7,0.95
18.1,1.53
21,-0.16
23.85,-4.77
25.2,-9.04
24.55,-14.14
25.4,-18.63
23.9,-21.68
17,-23.25
13.2,-18.39
12.9,-13.49
11.9,-11.62
10.7,-11.81
10.1,-11.31
11.3,-6.81
13.2,-2.1
16.8,0.74
20.6,2.65
24.1,6.06
28.35,10.65
6.95,10.55
9.099999,11.04
17,9.19
16.63,10.16
15.2,8.05
15.8,4.47
15.65,2.44
17.07,2.78
19.4,2.03
20.65,1.04
22.9,0.08
23.3,-1.89
23.4,-4.2
23.45,-5.17
23.5,-5.29
23.7,-7.46
23.45,-10.4
22.85,-12.07
22.05,-13.54
22.38,-15.14
22.2,-15.88
22.05,-16.3
23.9,-18.34
25.75,-20.5
24.5,-19.34
23.07,-13.45
21.95,-6.4
18.65,-4.23
16.05,-4.33
17.9,-6.19
16.6,-7.68
14.7,-4.85
13.75,-2.49
10.67,-0.9
6.25,0.86
1.22,7.03
-2.7,14.55
-3.25,14.68
-1.45,11.08
2.57,9.469999
5.35,9.75
7.63,8.11
9.3,8.57
10.18,8.54
9.4,3.82
8.05,-0.49
8.5,-1.48
11.65,1.97
14.4,6.73
18.47,8.53
21.55,6.04
23.63,-0.47
25.9,-4.64
27.13,-9.849999
27.35,-15.71
27.7,-20.89
23.9,-24.66
18.92,-23.39
15.75,-19.04
14.12,-14.13
15,-13.01
15.05,-12.13
15.5,-7.4
16.6,-1.21
19.55,4.64
22.35,9.44
25.2,13.7
28.95,17.39
8.3,3.53
8.7,3.73
14.3,7.23
13,8.47
12.4,5.15
13.15,2.13
14.1,0.79
15.05,0.89
15.4,1.6
14.65,1.3
14.9,-0.26
16.3,-0.78
18.3,-2.69
18.35,-3.34
19.8,-3.42
21.75,-4.98
23.3,-7.64
22.8,-9.98
21.9,-12.26
21.3,-15.13
19.7,-16.62
18.25,-17.57
19.4,-19.45
20.75,-21.75
21.7,-21.36
22.1,-14.96
20.9,-7.61
19.15,-5.04
17.9,-4.84
18.35,-6.42
17.2,-8.12
16.8,-6.02
16.9,-4.15
15.05,-3.65
11.1,-1.92
6.85,3.44
1.2,10.48
-1.25,12.48
-0.9,11.21
-0.05,10.27
2,9.69
5.3,9.04
8.2,9.87
8.7,12.07
7.7,8.7
7.5,5.04
9.099999,5.85
12.35,7.89
14,11.34
16.2,13.18
18.5,11.83
20.2,5.97
22,-0.88
24.15,-7.84
26.2,-12.5
28.1,-18.27
26.9,-24.14
23.4,-25.86
20.3,-23.34
17.05,-16.73
16.8,-13.12
17.7,-10.52
18.5,-7.27
19.5,-2.05
20.2,4.96
21.35,11.41
25.8,16.75
29.7,19.5
12.15,6.79
10.17,7.6
8.95,9.12
7.25,6.91
8.15,2.27
8.8,0.75
11.05,1.57
13,1.33
13.05,1.39
12.3,1.23
12.4,0.01
13.63,-0.7
15.35,-1.39
15.7,-1.84
17.7,-3.36
19.18,-4.57
20.3,-5.47
21.15,-7.08
22.25,-9.05
21.33,-10.94
20.2,-12.6
18.65,-15.55
19.05,-18.78
19.3,-20.22
20,-18.97
20.12,-14.08
19.85,-8.94
19.52,-6.9
18.5,-6.4
18.08,-7.07
17.85,-8.46
16.87,-6.66
17.75,-2.99
17.9,-3.6
15.5,-3.17
11.65,2.76
5.25,8.16
0.55,10.83
-1.1,11.66
-1.27,10.62
-0.7,10.95
2.68,11.28
5.05,10.53
4.98,10.71
5,8.599999
6.22,8.46
9.3,10.99
12.15,12.61
12.6,13.72
14.07,14.08
16.7,13.42
17.18,8.74
18.9,1.32
21.13,-6.09
22.45,-11.69
23.95,-15.44
25.85,-20.62
24.28,-25.51
21.7,-25.98
19.1,-18.49
17.9,-12.64
19.35,-9.969999
20.7,-5.15
20.75,0.98
20.75,6.35
23.9,13.72
28.45,18.74
31,21.03
8.599999,9.139999
7.3,9.09
5.1,7.57
4,5.58
5,1.44
5.95,-1.12
8.599999,-0.65
11.4,0.23
12.6,1.55
14.45,3.4
17.5,4.76
18.4,3.37
18.1,0.72
17.35,-1.59
18.5,-2.82
19.65,-3.86
20.5,-5.06
21.5,-6.86
23,-8.67
22.65,-9.5
23.5,-10.27
24.25,-12.15
24.7,-15.06
22.65,-16
21.7,-14
20.95,-11.28
20,-8.87
19.95,-7.62
18.7,-7.26
17.25,-7.46
16.6,-7.67
12.25,-1.59
16.8,5.17
20.45,0.9
18.7,-2.38
13.7,1.76
5.9,6.51
1.6,10.8
-0.9,12.27
0.3,11.29
1.1,11.02
1.45,11.49
1,10.73
2.75,9.49
5.1,9.23
5.8,9.71
7.9,11.49
10.7,14.38
12.9,14.82
13.4,13.37
13.9,11.11
13.8,7.65
14.7,3.35
15.55,-1.47
18.5,-9.86
19.25,-14.79
20.8,-17.75
22.6,-22.1
22.8,-26.57
21.85,-22.61
21.3,-14.66
21.25,-8.96
21.7,-3.21
23.05,3.05
24.1,9.2
27.85,16.53
30.8,19.98
32.15,21.89
5.15,8.3
4.1,6.8
3,5.41
3.08,5.12
4.55,2.69
7.83,-0.3
10.85,-1.39
13.77,0.62
16.35,4.07
19.25,6.61
21.85,7.67
22.85,5.36
22.55,1.7
21.4,-2.29
21.4,-5.16
22.4,-6.46
23.5,-6.84
24.7,-7.7
25.85,-8.79
25.25,-10.14
24.75,-11.41
25.65,-12.03
27.55,-12.06
26.55,-11.64
25.4,-10.95
24.45,-10.2
22.8,-9.58
21.9,-9.38
21.15,-9.87
19.05,-9.21
15.75,-8.58
7.12,-6.41
10.95,-1.78
13.25,-1.87
10.25,-3.11
8.7,-0.54
6.3,2.81
5.27,7.35
2.55,9.599999
2.88,9.63
3.65,9.7
2.73,10.29
1.65,9.01
3.25,8.51
5.4,11.57
5.78,11.68
7.55,11.6
10.05,14.41
11.85,14.18
10.3,10.83
9.7,8.61
10.03,5.93
9.95,0.75
9.8,-1.42
14,-6.58
16.3,-12.93
16.55,-15.62
18.73,-17.32
20.45,-20.37
22.7,-22.09
24.8,-18
24.62,-9.19
23.45,-0.98
24.62,5.36
27.6,10.47
30.12,15.05
31.6,18.1
31.8,19.07
0.2,7.48
0.65,5.44
0.7,4.22
2.1,4.43
4.5,3.97
8.15,2.98
11.5,2.32
14.35,3.03
16.3,4.22
18.8,4.6
20.8,3.58
21.5,0.71
21.4,-2.48
21.8,-5.04
22,-6.98
22.4,-8.11
23.1,-8.87
24.3,-9.57
25.6,-9.969999
26.1,-10.31
26.5,-10.93
25.95,-12.33
25,-12.83
24.4,-11.76
24.4,-11.1
24.7,-11.04
24.5,-11.32
23.9,-11.38
23.6,-12.27
21,-11.62
18.6,-10.42
14.25,-14.77
12.9,-15.04
10.25,-9.16
8.9,-6.24
11,-3.07
12.8,0.27
12.85,4.41
10.6,6.61
8.2,6.85
6.6,6.78
5.55,7.68
5.1,8.3
5,8.75
5.5,12.21
6.05,13.78
7.9,14.67
8.95,15.79
8.099999,11.87
9.2,10.2
11.5,9.84
10.4,4.46
9.4,-1.4
9.75,-1.98
11.2,-4.98
14.1,-11.22
14.7,-13.25
15.2,-15.35
17.4,-16.26
21.55,-17.74
24.6,-15.48
26.9,-7.03
28,0.86
26.95,7.01
28.5,8.95
29.65,9.94
30,14.27
29.35,17.6
-1,5.13
-0.3,4.46
0.3,3.97
2.02,3.97
4.8,3.61
7.88,2.63
9.8,2.23
11.45,2.54
13.45,2.51
15.25,2.95
16.65,1.74
18.48,-0.88
19.85,-3.39
20.43,-5.34
19.95,-6.94
19.68,-8.08
20.3,-8.639999
22.2,-9.15
23.85,-10.14
24.5,-11.13
25.25,-12.27
25.98,-12.98
25.9,-14.12
25.2,-14.89
25.3,-14.93
25.22,-14.79
23.9,-14.38
22.4,-13.68
22.35,-13.58
22.05,-14.55
20.8,-13.75
20.78,-14.04
20,-15.13
18.7,-13.16
18.3,-9.78
18.12,-6.2
18.5,-2.5
17.8,2.22
15.7,4.56
12.37,5.43
10.65,5.51
9.349999,5.88
9.05,7.09
8.72,7.59
7.05,10.11
5.67,13.55
5.8,16.02
6.45,16.36
7.4,13.42
10.6,13.21
11.85,10.23
10.43,3.79
10.85,0.15
9.23,-1.94
8.05,-4.52
10.93,-9.42
14.7,-11.68
16.13,-14.45
17,-14.29
19.75,-15.24
23.35,-14.2
25.45,-6.76
27.6,-0.53
28.87,5.02
30.1,8.48
29.32,9.62
28.3,14.22
26.15,18.56
-1.1,3.43
-0.6,4.16
0.7,4.17
3.1,3.51
5.2,3.98
6.85,4.89
6.1,6.01
5,6.82
5.7,6.28
6.3,6.87
6.9,5.61
10.15,2.06
14,-1.34
16.15,-3.87
17.3,-6.05
17.8,-7.08
18.1,-7.37
19.8,-7.22
21.6,-7.27
22.35,-8.25
23.5,-10.6
24.35,-12.34
25.4,-14.56
27.05,-16.67
28,-17.19
27.45,-17.15
25.8,-16.53
23,-15.38
20.9,-14.02
21.8,-14.32
22,-15.96
22.1,-15.8
22.9,-15.39
22.6,-14.87
21,-11.29
20.45,-8.29
19.7,-5.31
20.05,-1.6
19,1.1
16.15,3.18
15.3,4.55
13.5,5.27
12.7,6.22
12.7,6.85
10.6,8.58
7.45,12.39
6.4,15.22
6.25,16.28
7.3,16.96
9.099999,13.73
9.099999,8.53
8,3.95
7.2,0.74
5.3,-2.04
6,-2.35
7.2,-4.55
12.2,-7.79
15.8,-11.11
17.2,-11.52
17.7,-11.01
19.2,-8.889999
21.25,-1.6
23.5,4.74
25.35,8.44
26.4,11.46
25.75,11.82
23.5,13.24
19.6,15.62
-1.55,3.82
-0.12,5.14
1.35,5.51
2.17,4.87
2.75,5.01
2.2,5.55
-0.75,6.93
-2.3,8.46
-1.9,9.42
0.75,9.36
3.7,8.34
7.27,6.7
11.2,2.74
13.8,-0.8
14.15,-2.17
14.48,-1.43
15.3,-1.88
16.1,-3
17.2,-4.07
17.67,-5.44
18.45,-7.41
19.27,-8.76
21.5,-11.05
24.85,-15.06
26.65,-17.06
27.07,-17.39
27.2,-17.75
26.05,-16.83
24.05,-15.38
23.15,-13.87
23.15,-13.42
22.55,-14.06
23.2,-13.69
24,-13.84
22.9,-12.27
22.83,-9.349999
21.6,-6.69
22.23,-4.26
22.65,-1.23
21.18,0.86
20.2,3.13
17.88,4.15
16.9,4.69
15.8,4.45
14.7,7.06
11.88,10.91
11.15,13.23
8.7,16.4
6.6,17.12
6.1,11.68
7.15,7.26
6.85,2.21
5.9,-0.81
5.25,-1.7
6.6,-1.99
6.85,-2.27
8.9,-3.45
9.12,-5.5
10,-6.55
10.55,-3.37
10.25,1.13
12.85,4.83
14.5,8.02
15.75,8.86
16.85,8
16.83,7.61
15.75,10.37
14.93,15.38
-1.2,4.1
1.15,5.65
2,6.31
1.2,6.23
0.6,5.79
-0.9,6.23
-2.5,7.67
-2.8,8.78
-3,11.66
-1.2,13.59
0.7,14.51
4.2,14.27
7.7,10.1
10.3,4.81
11,0.81
11.45,0.7
13.5,0.44
14.45,-0.74
14.5,-2.53
15.2,-4.21
15.8,-6.7
16.25,-7.85
18,-8.44
20.65,-11.49
22.8,-15.01
23.65,-16.18
24,-16.81
24.5,-17.09
25.1,-15.77
25.55,-14.88
25.7,-14.3
23.95,-13.92
22.5,-12.94
24,-12.49
24.6,-11.48
24.5,-8.429999
24.2,-6.51
24,-5.47
24.6,-2.74
23.85,-0.96
22.8,2.02
21.45,3.14
21.2,3.27
18.85,2.55
16.9,5.59
14.85,9.08
16,11.98
12.35,16.12
8.099999,15.49
5.2,8.38
5.1,4.73
5.55,0.22
5.6,-2.16
6.7,-2.04
6.3,-2.1
6.25,-2.11
7,-2.03
6.5,-2.39
5.6,-1.74
5.7,1.56
6.4,4.41
7.95,5.29
8.599999,6.02
10.7,7.21
11.7,6.83
11.25,7.72
10.7,11.11
11.25,16.08
0.2,4.36
2.53,5.32
1.55,5.56
-0.65,6.48
-1.5,7
-1.75,7.66
-2.45,8.73
-3.37,11.04
-3.35,14.34
-3.07,17.04
-3.2,18.36
-1.78,17.98
-1,16.7
-1.88,12.64
0.5,5.57
5.35,1.08
9.3,-1.77
11.12,-2.24
11.45,-3.07
12.1,-3.56
13.75,-4.74
16.22,-6.21
18.25,-7.84
19.27,-9.76
19.55,-13.02
20.17,-16.08
20.8,-17.71
22.13,-18.12
23.2,-16.12
24.7,-14.75
26.55,-14.59
26.53,-13.87
24.6,-12.67
24.4,-11.22
25.55,-10.67
25.6,-9.09
26.05,-6.09
25.75,-4.81
26.2,-2.7
25.9,-1.9
24.1,-0.07
23.83,2.02
23.95,2.57
21,2.36
18.45,3.84
17.2,7.19
17.35,11.46
12.38,15.18
8.349999,14.53
4.57,6.04
3.75,3.92
5,0.52
4.75,-2.69
6.8,-1.9
6.65,-1.82
6.13,-2.11
5.95,-1.15
5.35,-0.43
2.65,1.27
2.58,3.94
3.55,6.08
5,6.27
6.5,5.6
5.88,7.23
5.4,8.49
6.03,10.36
5.3,12.16
4.33,15.06
0.9,4.5
1.1,6.07
1.7,6.57
0.4,6.98
-1.3,7.27
-0.9,8.34
-1.9,9.15
-1.85,12.59
-1.7,15.81
-4.45,19.79
-5.2,20.21
-5.45,18.25
-3.9,18.81
-6.15,17.85
-7,12.3
-0.6,5.82
4.2,-0.44
5.15,-1.81
5.8,-1.53
7.65,0.02
9.8,0.19
13.3,-1.99
16,-5.24
17.5,-7.78
17.1,-9.84
17.85,-13.78
19.7,-18.73
22.15,-19.81
24.1,-17.45
25.45,-14.73
25.8,-13.3
25.7,-12.17
26.3,-11.92
26.4,-11.11
26.7,-9.5
26.9,-9.55
27.6,-8.03
27.95,-5.88
27.5,-2.88
28.35,-1.15
26.9,-0.42
27.25,1.29
26.7,2.59
23.45,3.15
22.2,3.3
20.65,6.88
15.8,10.91
10.3,14.05
8.099999,11.52
5.7,4.08
3.6,4.07
4.5,0.57
4.6,-3.02
6.1,-1.73
7.2,-2.54
7.55,-2.33
7,-1.48
5.05,-0.24
1.4,1.93
3.1,4.04
4.9,5.69
4.1,6.01
2.1,5.45
0.25,7.71
1.1,10.56
0.55,12.53
-0.8,13.09
-0.9,14.97
0.3,5.58
0.25,6.73
0.8,6.48
-0.5,6.29
-2.1,6.91
-0.9,7.9
-0.55,8.27
-1.12,12.72
-2.55,16.02
-6.92,20.04
-7.15,19.98
-6.9,17.89
-4,17.31
-5.27,19.14
-9.95,17.68
-6.38,12.55
-0.35,5.34
4.05,1.72
6.1,1.47
6.68,4.59
7.15,6.15
10.07,3.85
12.7,-0.32
15.02,-4.22
17.05,-7.23
18.17,-9.29
19.5,-13.3
21.9,-16.87
24.4,-17.26
27.25,-15.02
27.4,-12.82
25.65,-11.1
25.8,-10.49
25.38,-10.88
25,-9.48
27.35,-8.2
28.45,-7.45
29.25,-5.39
29.15,-2.67
30.4,-0.08
29.5,0.89
29.38,1.59
28.4,2.87
26.42,3.51
23.85,3.95
19.28,6.87
14.55,9.36
11.85,12.25
7.75,6.39
5.77,1.33
4.45,1.79
5.22,-0.22
4.9,-3.35
4.98,-3
5.9,-2.83
5.5,-1.43
5.8,-1.27
6.1,-1.35
3,-0.43
1.48,2.19
1.1,3.66
-1,3.95
-4.05,4.01
-3.87,7.83
-2.9,11.77
-4.85,13.97
-4.15,15.17
-2.17,14.55
0.9,3.87
1.3,5.43
0.8,6.97
-1.4,7.11
-2.3,7.85
-0.15,8.65
1.3,8.54
-2,12.27
-3.1,14.69
-6.65,18.67
-9.3,20.35
-7.6,18.98
-4,15.8
-5.85,18.5
-12,20.22
-11.8,18.88
-7.5,14.54
-1.85,10.26
1.4,7.95
2.9,7.5
4.1,6.54
5.4,5.79
6.8,3.42
8.4,0.44
11.7,-3.8
15.65,-6.59
18.2,-8.27
20.75,-10.28
22.2,-11.54
24.55,-11.33
27.1,-11.35
28.05,-12.14
28,-11.67
26.65,-10.48
24.7,-10.25
25.65,-7.83
26.2,-5.1
26.95,-2.56
27.4,-0.46
29.75,1.26
30.4,1.67
29.85,2.17
28.5,2.87
25.45,3.09
21,4.43
17.8,6.43
16.9,8.08
15.1,10.29
8,2.11
6.1,-0.64
5.7,-0.55
7.15,-1.93
7.1,-4.58
4.25,-4.77
3,-4.17
3.75,-1.86
5.2,-1.43
5.45,-2.9
2.8,-1.96
0,1.86
-1.6,1.87
-4.7,2.07
-6.7,3.9
-5.65,8.73
-5,12.08
-5.85,13.14
-5.1,15.81
-3.1,14.3
2.95,2.61
1.73,2.73
1.4,5.3
-0.32,6.83
-1.1,7.1
-0.02,7.94
1.35,8.82
-1.5,11.79
-3.1,12.96
-5.5,16.05
-8.45,19.43
-8.08,20.51
-6.35,17.09
-5.67,16.66
-8.9,18.01
-11.1,19.69
-9.8,18.71
-6.48,14.49
-5.25,11.12
-2.88,8.889999
2.15,5.71
5.22,4.57
6.55,2.48
7.2,0.73
7.8,-1.28
10.05,-3.69
12.05,-5.57
15.77,-5.64
18.05,-6.71
18.4,-6.86
19.7,-6.59
23.2,-7.28
25.55,-7.76
26.33,-6.86
25.95,-7
25.4,-6.29
25.3,-4.19
25.68,-1.06
26.2,0.78
27.7,2.18
28.45,2.84
27.75,2.36
25.9,1.68
23.23,2.21
20.85,4.05
19.95,6.3
19,7.86
15.5,7.36
7.35,-0.36
3.18,-3.06
5.15,0.86
7.22,0.45
7.4,-2.42
4.8,-4.37
4.05,-5.71
4.5,-3.8
4.95,-3.33
4.7,-5.21
3.1,-4.56
1.2,-0.7
-2.35,-1.07
-6.52,0.03
-6.8,3.71
-7.47,8.04
-8.349999,12.2
-7.32,12.05
-7.05,14.22
-6.65,15.07
