U,V
2.140217,-0.52
2.130217,-0.57
2.110217,-0.63
2.090217,-0.68
2.070217,-0.74
2.050217,-0.79
2.030217,-0.84
2.010217,-0.9
1.990217,-0.95
1.960217,-1
1.930217,-1.05
1.910217,-1.1
1.880217,-1.15
1.850217,-1.2
1.810217,-1.25
1.780217,-1.3
1.750217,-1.34
1.710217,-1.39
1.670217,-1.43
1.630217,-1.47
1.600217,-1.52
1.560217,-1.56
1.510217,-1.6
1.470217,-1.64
1.430217,-1.68
1.380217,-1.71
1.340217,-1.75
1.290217,-1.78
1.250217,-1.82
1.200217,-1.85
1.150217,-1.88
1.100217,-1.91
1.050217,-1.94
1.000217,-1.96
0.9502172,-1.99
0.8902172,-2.01
0.8402173,-2.03
0.7902173,-2.06
0.7302173,-2.08
0.6802173,-2.09
0.6202173,-2.11
0.5702173,-2.13
0.5102172,-2.14
0.4602173,-2.15
0.4002173,-2.17
0.3402173,-2.17
0.2902173,-2.18
0.2302173,-2.19
0.1702173,-2.2
0.1102173,-2.2
0.06021728,-2.2
0.00021728515,-2.2
-0.05978271,-2.2
-0.1197827,-2.2
-0.1697827,-2.19
-0.2297827,-2.19
-0.2897827,-2.18
-0.3497827,-2.17
-0.3997827,-2.16
-0.4597827,-2.15
-0.5197827,-2.14
-0.5697827,-2.13
-0.6297827,-2.11
-0.6797827,-2.09
-0.7397827,-2.07
-0.7897827,-2.05
-0.8397827,-2.03
-0.8997827,-2.01
6.300217,-3.02
6.100217,-3.17
5.900217,-3.3
5.750217,-3.44
5.550217,-3.55
5.350217,-3.67
5.150217,-3.77
4.920217,-3.86
4.750217,-3.94
4.570217,-4.02
4.350217,-4.07
4.120217,-4.13
3.950217,-4.17
3.720217,-4.21
3.500217,-4.23
3.300217,-4.25
3.100217,-4.25
2.870217,-4.25
2.700217,-4.24
2.470217,-4.23
2.300217,-4.2
2.100217,-4.17
1.900217,-4.13
1.720217,-4.08
1.550217,-4.02
1.400217,-3.97
1.200217,-3.9
1.050217,-3.83
0.9002173,-3.75
0.7502173,-3.67
0.6002173,-3.58
0.4202173,-3.49
0.3002173,-3.39
0.1502173,-3.3
0.05021729,-3.19
-0.07978271,-3.09
-0.1997827,-2.98
-0.2797827,-2.86
-0.3997827,-2.75
-0.4797827,-2.63
-0.5497827,-2.51
-0.6497827,-2.39
-0.7497827,-2.27
-0.7997827,-2.15
-0.8497827,-2.02
-0.9297827,-1.9
-0.9497827,-1.77
-1.029783,-1.65
-1.049783,-1.52
-1.049783,-1.4
-1.099783,-1.27
-1.149783,-1.15
-1.149783,-1.03
-1.099783,-0.91
-1.099783,-0.79
-1.099783,-0.68
-1.149783,-0.56
-1.129783,-0.45
-1.099783,-0.34
-1.029783,-0.24
-0.9997827,-0.14
-0.9497827,-0.04
-0.9497827,0.06
-0.8997827,0.15
-0.8497827,0.24
-0.7797827,0.32
-0.6997827,0.4
-0.6797827,0.47
10.40022,-6.13
10.00022,-6.35
9.600217,-6.56
9.250217,-6.74
8.800217,-6.9
8.450217,-7.04
8.000217,-7.16
7.600217,-7.25
7.200217,-7.33
6.800217,-7.39
6.400217,-7.42
5.950217,-7.44
5.600217,-7.44
5.150217,-7.42
4.800217,-7.38
4.400217,-7.33
4.000217,-7.27
3.650217,-7.19
3.300217,-7.09
2.900217,-6.99
2.600217,-6.88
2.250217,-6.75
1.900217,-6.62
1.600217,-6.47
1.300217,-6.32
1.000217,-6.17
0.7002172,-6
0.5002173,-5.83
0.2002173,-5.66
-0.04978271,-5.48
-0.2997827,-5.29
-0.4997827,-5.1
-0.6997827,-4.9
-0.9497827,-4.7
-1.099783,-4.5
-1.349783,-4.29
-1.499783,-4.07
-1.649783,-3.86
-1.799783,-3.64
-1.949783,-3.42
-2.099783,-3.18
-2.199783,-2.95
-2.299783,-2.72
-2.399783,-2.48
-2.499783,-2.24
-2.549783,-2
-2.599783,-1.76
-2.599783,-1.51
-2.699783,-1.27
-2.699783,-1.03
-2.699783,-0.79
-2.699783,-0.55
-2.599783,-0.32
-2.599783,-0.09
-2.499783,0.13
-2.499783,0.35
-2.399783,0.57
-2.349783,0.78
-2.199783,0.98
-2.149783,1.17
-1.999783,1.35
-1.849783,1.53
-1.799783,1.7
-1.649783,1.86
-1.499783,2.01
-1.349783,2.15
-1.199783,2.28
-0.9997827,2.4
13.65022,-9.73
13.08022,-10
12.45022,-10.23
11.85022,-10.42
11.25022,-10.58
10.62022,-10.71
10.00022,-10.8
9.370217,-10.86
8.800217,-10.89
8.150217,-10.88
7.550217,-10.86
6.950217,-10.8
6.350217,-10.72
5.800217,-10.62
5.200217,-10.5
4.620217,-10.37
4.150217,-10.21
3.620217,-10.04
3.100217,-9.86
2.620217,-9.67
2.150217,-9.469999
1.670217,-9.27
1.250217,-9.05
0.8202173,-8.84
0.4002173,-8.61
0.05021729,-8.38
-0.3497827,-8.139999
-0.6797827,-7.91
-0.9997827,-7.66
-1.329783,-7.4
-1.649783,-7.13
-1.949783,-6.86
-2.249783,-6.57
-2.529783,-6.28
-2.749783,-5.96
-2.979783,-5.64
-3.199783,-5.3
-3.379783,-4.96
-3.549783,-4.59
-3.699783,-4.23
-3.799783,-3.84
-3.899783,-3.46
-3.999783,-3.06
-4.049783,-2.66
-3.999783,-2.26
-4.049783,-1.86
-3.999783,-1.47
-3.949783,-1.07
-3.899783,-0.68
-3.799783,-0.3
-3.699783,0.07
-3.549783,0.43
-3.399783,0.78
-3.249783,1.1
-3.049783,1.43
-2.879783,1.72
-2.699783,2.01
-2.479783,2.27
-2.299783,2.52
-2.049783,2.75
-1.849783,2.96
-1.599783,3.16
-1.399783,3.34
-1.149783,3.49
-0.9497827,3.64
-0.6797827,3.77
-0.4997827,3.89
-0.2497827,3.98
16.30022,-13.57
15.45022,-13.86
14.60022,-14.09
13.80022,-14.26
13.00022,-14.39
12.15022,-14.47
11.30022,-14.51
10.55022,-14.5
9.700217,-14.46
8.950217,-14.38
8.100217,-14.27
7.350217,-14.13
6.600217,-13.97
5.850217,-13.79
5.100217,-13.57
4.400217,-13.35
3.700217,-13.1
3.050217,-12.84
2.400217,-12.57
1.800217,-12.3
1.200217,-12.02
0.6502173,-11.73
0.1002173,-11.44
-0.3997827,-11.14
-0.8997827,-10.84
-1.349783,-10.53
-1.799783,-10.21
-2.199783,-9.88
-2.599783,-9.53
-2.999783,-9.16
-3.299783,-8.77
-3.649783,-8.36
-3.999783,-7.91
-4.199783,-7.44
-4.499783,-6.95
-4.649783,-6.42
-4.799783,-5.87
-4.949782,-5.31
-4.999783,-4.72
-5.099782,-4.12
-5.099782,-3.52
-4.999783,-2.91
-4.899783,-2.31
-4.849782,-1.71
-4.699782,-1.13
-4.449783,-0.56
-4.299783,-0.02
-3.999783,0.5
-3.799783,1
-3.499783,1.46
-3.199783,1.89
-2.899783,2.29
-2.599783,2.66
-2.299783,3.01
-1.999783,3.32
-1.749783,3.6
-1.499783,3.85
-1.199783,4.09
-0.8997827,4.29
-0.6997827,4.48
-0.3997827,4.64
-0.1497827,4.79
0.1002173,4.92
0.3002173,5.03
0.6002173,5.13
0.8002173,5.21
1.100217,5.28
1.300217,5.34
18.25022,-16.93
17.25022,-17.32
16.30022,-17.61
15.32022,-17.81
14.35022,-17.94
13.40022,-18
12.45022,-18
11.55022,-17.95
10.60022,-17.85
9.700217,-17.72
8.750217,-17.55
7.850217,-17.35
6.900217,-17.12
6.050217,-16.85
5.100217,-16.56
4.250217,-16.25
3.400217,-15.9
2.600217,-15.55
1.800217,-15.17
1.070217,-14.78
0.3502173,-14.38
-0.3297827,-13.99
-0.9497827,-13.58
-1.529783,-13.17
-2.099783,-12.75
-2.579783,-12.33
-3.099783,-11.87
-3.579783,-11.4
-3.999783,-10.88
-4.399783,-10.33
-4.799783,-9.73
-5.129783,-9.09
-5.449782,-8.389999
-5.679782,-7.64
-5.899783,-6.86
-6.049783,-6.04
-6.099782,-5.2
-6.149783,-4.35
-6.049783,-3.49
-5.949782,-2.64
-5.799783,-1.81
-5.579782,-1.01
-5.349782,-0.23
-5.049783,0.49
-4.699782,1.17
-4.379783,1.8
-4.049783,2.38
-3.649783,2.89
-3.299783,3.34
-2.979783,3.73
-2.599783,4.08
-2.299783,4.36
-1.999783,4.6
-1.699783,4.79
-1.399783,4.96
-1.129783,5.11
-0.8497827,5.25
-0.6297827,5.38
-0.3997827,5.51
-0.1297827,5.64
0.1002173,5.79
0.3502173,5.93
0.6002173,6.08
0.8502173,6.23
1.150217,6.39
1.450217,6.54
1.750217,6.69
2.100217,6.83
19.90022,-19.17
18.85022,-19.8
17.80022,-20.3
16.75022,-20.65
15.70022,-20.87
14.75022,-20.98
13.70022,-21.01
12.75022,-20.96
11.80022,-20.85
10.80022,-20.7
9.800217,-20.5
8.850217,-20.27
7.900217,-19.99
6.850217,-19.68
5.800217,-19.32
4.850217,-18.93
3.900217,-18.49
2.900217,-18.02
2.000217,-17.53
1.100217,-17.03
0.3002173,-16.51
-0.4497827,-15.99
-1.199783,-15.47
-1.799783,-14.96
-2.499783,-14.43
-3.049783,-13.88
-3.599783,-13.3
-4.149783,-12.68
-4.699782,-12
-5.149783,-11.25
-5.599782,-10.43
-5.999783,-9.52
-6.299783,-8.559999
-6.599782,-7.53
-6.799783,-6.46
-6.949782,-5.37
-6.999783,-4.26
-6.999783,-3.16
-6.899783,-2.09
-6.749783,-1.06
-6.499783,-0.08
-6.249783,0.85
-5.999783,1.72
-5.649783,2.54
-5.299783,3.3
-4.999783,3.99
-4.599782,4.61
-4.249783,5.15
-3.899783,5.59
-3.449783,5.93
-3.099783,6.19
-2.649783,6.35
-2.299783,6.44
-1.849783,6.48
-1.499783,6.48
-1.149783,6.47
-0.7997827,6.45
-0.4497827,6.46
-0.09978271,6.48
0.2002173,6.54
0.6002173,6.62
0.9002173,6.75
1.300217,6.9
1.650217,7.1
2.000217,7.33
2.450217,7.59
2.800217,7.87
3.250217,8.17
21.55022,-19.95
20.58022,-21.03
19.55022,-21.92
18.50022,-22.57
17.40022,-23.04
16.37022,-23.31
15.35022,-23.45
14.37022,-23.45
13.40022,-23.37
12.42022,-23.23
11.50022,-23.02
10.47022,-22.79
9.500217,-22.5
8.450217,-22.18
7.400217,-21.8
6.350217,-21.37
5.300217,-20.88
4.320217,-20.34
3.300217,-19.75
2.350217,-19.14
1.450217,-18.51
0.6202173,-17.89
-0.1497827,-17.26
-0.9497827,-16.65
-1.699783,-16.03
-2.349783,-15.39
-2.999783,-14.71
-3.629783,-13.96
-4.249783,-13.13
-4.779783,-12.21
-5.249783,-11.18
-5.699782,-10.06
-6.049783,-8.849999
-6.329782,-7.58
-6.499783,-6.28
-6.599782,-4.98
-6.649783,-3.7
-6.629783,-2.48
-6.499783,-1.31
-6.349782,-0.22
-6.199782,0.82
-5.979783,1.79
-5.749783,2.72
-5.549783,3.6
-5.299783,4.45
-4.999783,5.23
-4.699782,5.96
-4.279783,6.59
-3.899783,7.12
-3.399783,7.51
-2.949783,7.8
-2.429783,7.95
-1.949783,8.01
-1.449783,7.99
-0.9997827,7.93
-0.5197827,7.86
-0.04978271,7.77
0.4002173,7.71
0.9502172,7.68
1.400217,7.69
1.850217,7.74
2.300217,7.87
2.750217,8.059999
3.250217,8.32
3.700217,8.63
4.220217,8.98
4.750217,9.349999
5.320217,9.7
22.10022,-19.62
21.35022,-21.12
20.60022,-22.42
19.70022,-23.44
18.80022,-24.21
17.80022,-24.7
16.90022,-24.99
16.00022,-25.09
15.10022,-25.05
14.20022,-24.93
13.40022,-24.75
12.50022,-24.55
11.50022,-24.32
10.55022,-24.06
9.500217,-23.76
8.450217,-23.41
7.400217,-22.99
6.350217,-22.48
5.300217,-21.91
4.300217,-21.27
3.300217,-20.57
2.400217,-19.86
1.500217,-19.12
0.6002173,-18.39
-0.1997827,-17.65
-1.049783,-16.89
-1.799783,-16.1
-2.499783,-15.24
-3.199783,-14.29
-3.749783,-13.22
-4.299783,-12.04
-4.749783,-10.73
-5.099782,-9.33
-5.399783,-7.87
-5.599782,-6.37
-5.699782,-4.88
-5.699782,-3.45
-5.649783,-2.09
-5.499783,-0.82
-5.349782,0.36
-5.199782,1.46
-5.049783,2.5
-4.899783,3.48
-4.649783,4.44
-4.399783,5.35
-4.199783,6.22
-3.899783,7.03
-3.449783,7.74
-3.099783,8.34
-2.649783,8.8
-2.199783,9.139999
-1.649783,9.33
-1.199783,9.429999
-0.8497827,9.429999
-0.3997827,9.38
0.05021729,9.29
0.4002173,9.19
0.8502173,9.12
1.200217,9.09
1.650217,9.16
2.100217,9.29
2.550217,9.53
3.100217,9.84
3.600217,10.21
4.300217,10.6
4.900217,10.99
5.600217,11.33
6.250217,11.62
20.85022,-17.78
20.63022,-19.45
20.20022,-20.96
19.70022,-22.21
19.15022,-23.24
18.55022,-23.98
17.95022,-24.51
17.37022,-24.8
16.85022,-24.96
16.27022,-25
15.65022,-24.98
15.02022,-24.95
14.25022,-24.9
13.40022,-24.85
12.45022,-24.78
11.45022,-24.66
10.40022,-24.47
9.250217,-24.18
8.150217,-23.79
6.970217,-23.28
5.900217,-22.67
4.850217,-21.97
3.800217,-21.2
2.850217,-20.39
1.900217,-19.55
0.9702173,-18.68
0.1002173,-17.77
-0.6797827,-16.8
-1.449783,-15.75
-2.179783,-14.59
-2.849783,-13.31
-3.429783,-11.89
-3.949783,-10.36
-4.349782,-8.74
-4.699782,-7.04
-4.979783,-5.35
-5.099782,-3.68
-5.199782,-2.09
-5.199782,-0.59
-5.129783,0.77
-4.999783,2.04
-4.899783,3.16
-4.699782,4.18
-4.499783,5.09
-4.299783,5.93
-4.099782,6.66
-3.849783,7.32
-3.629783,7.88
-3.349783,8.37
-3.129783,8.78
-2.899783,9.12
-2.679783,9.4
-2.399783,9.63
-2.149783,9.8
-1.849783,9.929999
-1.579783,10.05
-1.249783,10.19
-0.8297827,10.38
-0.2997827,10.61
0.2502173,10.86
0.8502173,11.14
1.470217,11.42
2.150217,11.7
2.800217,12
3.450217,12.3
4.070217,12.59
4.650217,12.85
5.170217,13.06
20.00022,-14.89
20.10022,-16.5
20.10022,-18.01
19.95022,-19.35
19.70022,-20.52
19.50022,-21.48
19.30022,-22.27
19.15022,-22.9
19.00022,-23.44
18.90022,-23.88
18.70022,-24.29
18.35022,-24.66
17.80022,-25
17.15022,-25.29
16.30022,-25.53
15.25022,-25.68
14.10022,-25.73
12.90022,-25.65
11.70022,-25.45
10.55022,-25.11
9.400217,-24.65
8.250217,-24.06
7.100217,-23.36
6.050217,-22.56
4.900217,-21.68
3.850217,-20.71
2.800217,-19.67
1.750217,-18.56
0.7002172,-17.38
-0.1497827,-16.09
-0.9997827,-14.71
-1.699783,-13.21
-2.299783,-11.59
-2.859783,-9.84
-3.399783,-8
-3.809783,-6.1
-4.199783,-4.19
-4.509783,-2.34
-4.699782,-0.58
-4.849782,1
-4.899783,2.4
-4.849782,3.57
-4.799783,4.53
-4.699782,5.28
-4.699782,5.89
-4.599782,6.36
-4.599782,6.78
-4.599782,7.16
-4.599782,7.55
-4.699782,7.98
-4.699782,8.46
-4.649783,8.98
-4.499783,9.49
-4.299783,9.969999
-4.099782,10.41
-3.649783,10.81
-3.199783,11.2
-2.599783,11.56
-1.999783,11.89
-1.299783,12.14
-0.5997827,12.32
0.05021729,12.45
0.7002172,12.58
1.300217,12.74
1.800217,12.93
2.200217,13.14
2.500217,13.31
2.650217,13.43
20.25022,-10.76
20.80022,-12.38
21.20022,-13.96
21.45022,-15.41
21.55022,-16.75
21.68022,-17.91
21.70022,-18.96
21.78022,-19.9
21.90022,-20.78
22.03022,-21.63
22.10022,-22.49
21.98022,-23.35
21.70022,-24.2
21.10022,-25
20.25022,-25.71
19.25022,-26.25
18.10022,-26.63
16.92022,-26.81
15.85022,-26.84
14.75022,-26.73
13.70022,-26.5
12.70022,-26.15
11.65022,-25.66
10.50022,-24.99
9.200217,-24.13
7.850217,-23.05
6.400217,-21.79
4.950217,-20.37
3.600217,-18.86
2.420217,-17.31
1.400217,-15.75
0.5502173,-14.18
-0.1997827,-12.59
-0.8297827,-10.93
-1.449783,-9.17
-2.059783,-7.3
-2.649783,-5.36
-3.209783,-3.41
-3.649783,-1.52
-4.079782,0.19
-4.449783,1.71
-4.679782,2.91
-4.849782,3.87
-5.029783,4.55
-5.149783,5.06
-5.279783,5.45
-5.449782,5.82
-5.599782,6.23
-5.749783,6.74
-5.899783,7.38
-5.949782,8.13
-5.949782,8.97
-5.849782,9.82
-5.649783,10.59
-5.299783,11.24
-4.899783,11.72
-4.449783,12.07
-3.929783,12.31
-3.399783,12.49
-2.829783,12.6
-2.249783,12.66
-1.699783,12.71
-1.049783,12.8
-0.5297827,12.95
-0.09978271,13.1
0.02021728,13.17
-0.04978271,13.15
-0.1497827,13
19.90022,-5.83
21.05022,-7.51
22.10022,-9.25
22.90022,-10.98
23.60022,-12.68
24.05022,-14.25
24.40022,-15.71
24.70022,-17.02
24.90022,-18.24
25.15022,-19.37
25.30022,-20.47
25.30022,-21.57
25.20022,-22.7
24.75022,-23.84
24.10022,-24.92
23.15022,-25.87
22.10022,-26.66
21.05022,-27.24
20.00022,-27.65
19.00022,-27.9
18.20022,-28.03
17.25022,-28.02
16.30022,-27.84
15.05022,-27.38
13.60022,-26.64
12.00022,-25.51
10.30022,-24.09
8.540217,-22.4
6.900217,-20.6
5.490217,-18.79
4.200217,-17.06
3.200217,-15.46
2.200217,-13.93
1.350217,-12.41
0.5002173,-10.82
-0.3597827,-9.08
-1.199783,-7.21
-2.009783,-5.23
-2.699783,-3.25
-3.409783,-1.4
-3.999783,0.28
-4.549783,1.64
-4.999783,2.75
-5.299783,3.55
-5.599782,4.16
-5.749783,4.61
-5.799783,5.02
-5.899783,5.48
-5.899783,6.05
-5.899783,6.78
-5.999783,7.65
-5.999783,8.639999
-5.999783,9.65
-5.949782,10.55
-5.699782,11.28
-5.499783,11.76
-5.199782,12.06
-4.899783,12.22
-4.599782,12.32
-4.199783,12.4
-3.699783,12.47
-3.199783,12.61
-2.499783,12.8
-1.999783,13.09
-1.599783,13.36
-1.399783,13.44
-1.399783,13.28
-1.499783,12.83
17.30022,-1.31
18.55022,-2.71
19.80022,-4.24
21.13022,-5.87
22.40022,-7.57
23.55022,-9.3
24.60022,-11.06
25.50022,-12.78
26.30022,-14.47
26.95022,-16.09
27.45022,-17.69
27.85022,-19.24
28.05022,-20.79
27.95022,-22.27
27.70022,-23.71
27.20022,-25.02
26.50022,-26.2
25.63022,-27.18
24.80022,-27.98
23.80022,-28.59
22.85022,-29.02
21.70022,-29.27
20.45022,-29.32
19.07022,-29.07
17.55022,-28.52
15.90022,-27.61
14.25022,-26.4
12.57022,-24.92
10.95022,-23.3
9.440217,-21.64
8.000217,-20
6.570217,-18.43
5.150217,-16.87
3.750217,-15.27
2.450217,-13.56
1.190217,-11.69
0.05021729,-9.66
-0.9297827,-7.53
-1.799783,-5.39
-2.609783,-3.39
-3.349783,-1.56
-4.029783,0
-4.699782,1.34
-5.199782,2.42
-5.599782,3.34
-5.729783,4.06
-5.649783,4.68
-5.399783,5.22
-5.049783,5.76
-4.829782,6.38
-4.699782,7.1
-4.749783,7.97
-4.899783,8.929999
-5.029783,9.849999
-5.099782,10.63
-5.129783,11.19
-5.049783,11.61
-4.849782,11.91
-4.599782,12.19
-4.249783,12.47
-3.849783,12.76
-3.379783,13.05
-2.899783,13.35
-2.599783,13.61
-2.349783,13.82
-2.369783,13.83
-2.499783,13.57
-2.649783,12.93
14.40022,1.1
15.50022,0.34
16.80022,-0.41
18.30022,-1.23
20.00022,-2.2
21.80022,-3.46
23.60022,-4.99
25.25022,-6.84
26.80022,-8.9
28.11022,-11.11
29.10022,-13.4
29.90022,-15.7
30.40022,-17.96
30.65022,-20.12
30.70022,-22.16
30.55022,-23.99
30.20022,-25.63
29.80022,-26.98
29.20022,-28.08
28.30022,-28.88
27.20022,-29.44
25.90022,-29.74
24.40022,-29.83
22.80022,-29.72
21.20022,-29.46
19.75022,-29.04
18.30022,-28.46
16.95022,-27.69
15.50022,-26.74
13.95022,-25.56
12.20022,-24.18
10.24022,-22.58
8.300217,-20.81
6.340217,-18.86
4.500217,-16.74
2.890217,-14.47
1.600217,-12.09
0.4402173,-9.7
-0.4997827,-7.4
-1.359783,-5.34
-2.099783,-3.51
-2.849783,-1.91
-3.599783,-0.42
-4.349782,1.02
-4.899783,2.42
-5.249783,3.64
-5.299783,4.64
-4.999783,5.36
-4.699782,5.91
-4.299783,6.37
-4.099782,6.83
-4.049783,7.44
-4.099782,8.19
-4.249783,9.01
-4.399783,9.809999
-4.449783,10.47
-4.399783,11.04
-4.299783,11.57
-4.099782,12.08
-3.749783,12.56
-3.399783,12.98
-3.099783,13.28
-2.899783,13.47
-2.949783,13.54
-3.199783,13.53
-3.649783,13.37
-4.199783,13.04
-4.699782,12.4
14.20022,3.26
15.63022,2.86
17.10022,2.39
18.80022,1.8
20.65022,1.05
22.55022,0.05
24.50022,-1.22
26.30022,-2.83
28.00022,-4.73
29.45022,-6.88
30.75022,-9.179999
31.71022,-11.59
32.40022,-14.06
32.88021,-16.54
33.10022,-18.99
33.18022,-21.32
33.10022,-23.48
32.90022,-25.36
32.60022,-26.98
32.03022,-28.25
31.15022,-29.2
29.90022,-29.76
28.40022,-30.06
26.87022,-30.16
25.35022,-30.19
24.05022,-30.23
22.80022,-30.29
21.52022,-30.27
20.00022,-30.04
18.07022,-29.37
15.80022,-28.24
13.39022,-26.58
11.00022,-24.54
8.740217,-22.2
6.750217,-19.67
5.020217,-17.02
3.500217,-14.31
2.320217,-11.68
1.300217,-9.23
0.4402173,-7.16
-0.2997827,-5.38
-1.049783,-3.85
-1.849783,-2.31
-2.599783,-0.63
-3.299783,1.19
-3.949783,2.94
-4.349782,4.45
-4.579782,5.46
-4.649783,6.08
-4.629783,6.37
-4.549783,6.58
-4.499783,6.91
-4.499783,7.45
-4.449783,8.22
-4.399783,9.099999
-4.279783,9.95
-4.199783,10.72
-4.149783,11.32
-4.099782,11.82
-3.979783,12.19
-3.849783,12.44
-3.679783,12.49
-3.599783,12.42
-3.669783,12.2
-3.899783,11.93
-4.469783,11.62
-5.149783,11.26
-5.669783,10.75
15.90022,6.21
17.40022,5.77
18.90022,5.15
20.30022,4.36
21.80022,3.46
23.45022,2.38
25.20022,1.07
27.00022,-0.59
28.70022,-2.55
30.05022,-4.77
31.30022,-7.1
32.30022,-9.45
33.20022,-11.79
33.90022,-14.14
34.50022,-16.5
34.90022,-18.82
35.10022,-21.07
35.20022,-23.2
35.30022,-25.21
35.10022,-27.09
34.70022,-28.82
33.85022,-30.23
32.60022,-31.28
31.10022,-31.93
29.60022,-32.34
28.25022,-32.6
26.90022,-32.79
25.45022,-32.88
23.70022,-32.76
21.40022,-32.2
18.80022,-31.14
16.09022,-29.46
13.50022,-27.35
11.19022,-24.87
9.200217,-22.18
7.340217,-19.34
5.800217,-16.45
4.390217,-13.67
3.200217,-11.11
2.190217,-8.98
1.400217,-7.18
0.6502173,-5.66
0.00021728515,-4.15
-0.7497827,-2.47
-1.499783,-0.58
-2.359783,1.39
-3.199783,3.22
-3.749783,4.58
-4.199783,5.47
-4.449783,5.81
-4.599782,5.93
-4.599782,6.12
-4.699782,6.56
-4.749783,7.39
-4.799783,8.48
-4.749783,9.65
-4.699782,10.65
-4.599782,11.31
-4.499783,11.68
-4.599782,11.79
-4.599782,11.78
-4.599782,11.63
-4.499783,11.37
-4.249783,10.97
-4.199783,10.5
-4.299783,10
-4.499783,9.52
-4.749783,9.059999
16.65022,10.62
18.40022,10.14
20.10022,9.429999
21.85022,8.54
23.70022,7.5
25.70022,6.2
27.75022,4.62
29.73022,2.68
31.50022,0.43
32.91022,-2.09
34.00022,-4.77
34.78022,-7.52
35.45022,-10.27
36.03022,-12.93
36.35022,-15.48
36.43022,-17.78
36.30022,-19.86
36.35022,-21.7
36.50022,-23.49
36.70022,-25.35
36.75022,-27.35
36.50022,-29.5
35.80022,-31.6
34.75022,-33.42
33.40022,-34.85
31.90022,-35.7
30.25022,-36.04
28.25022,-35.84
26.00022,-35.26
23.62022,-34.35
21.20022,-33.19
18.82022,-31.76
16.55022,-29.99
14.42022,-27.79
12.30022,-25.2
10.29022,-22.26
8.400217,-19.18
6.690217,-16.2
5.200217,-13.45
3.970217,-11.13
3.000217,-9.11
2.220217,-7.39
1.600217,-5.76
0.9502172,-4.11
0.3002173,-2.34
-0.5597827,-0.48
-1.399783,1.36
-2.099783,2.94
-2.599783,4.16
-2.829783,4.79
-2.849783,5.04
-2.899783,5.13
-2.999783,5.39
-3.399783,6.13
-3.899783,7.31
-4.349782,8.72
-4.649783,9.969999
-4.749783,10.73
-4.649783,11.12
-4.529783,11.17
-4.499783,11.14
-4.449783,11.09
-4.249783,10.98
-3.999783,10.69
-3.699783,10.23
-3.419783,9.63
-3.249783,9.04
-3.019783,8.59
16.30022,12.68
18.70022,12.45
21.30022,12.04
23.85022,11.33
26.30022,10.19
28.50022,8.52
30.60022,6.48
32.35022,4.24
33.90022,1.97
35.40022,-0.31
36.70022,-2.7
37.81021,-5.26
38.70022,-7.94
39.41022,-10.65
39.90022,-13.32
40.06021,-15.86
40.00022,-18.31
39.65022,-20.65
39.40022,-22.91
39.25022,-25.07
39.00022,-27.19
38.65022,-29.37
38.10022,-31.69
37.40022,-34.11
36.40022,-36.35
34.95022,-37.98
33.10022,-38.9
30.80022,-38.87
28.30022,-38.21
25.95022,-37.2
23.90022,-36.13
22.00022,-35.04
20.20022,-33.72
18.04022,-31.8
15.80022,-29.27
13.39022,-26.09
11.10022,-22.63
9.090217,-19.22
7.400217,-16.08
5.990217,-13.39
4.900217,-11.03
4.040217,-8.99
3.300217,-7.13
2.700217,-5.44
2.200217,-3.78
1.500217,-2.07
0.9002173,-0.28
0.2502173,1.46
-0.1997827,2.96
-0.3997827,3.9
-0.3997827,4.32
-0.3997827,4.35
-0.4997827,4.43
-0.8497827,5
-1.499783,6.1
-2.299783,7.62
-2.999783,9.04
-3.449783,9.92
-3.499783,10.33
-3.399783,10.38
-3.199783,10.37
-2.949783,10.47
-2.699783,10.61
-2.549783,10.59
-2.399783,10.35
-2.149783,9.92
-1.899783,9.49
-1.549783,9.24
17.65022,16.56
20.27022,17.32
22.95022,17.63
25.70022,17.18
28.40022,15.96
30.83022,13.75
32.85022,10.86
34.31021,7.66
35.35022,4.57
36.48022,1.77
37.80022,-0.91
39.08022,-3.55
40.15022,-6.2
40.91022,-8.77
41.50021,-11.31
42.21021,-13.95
43.00021,-16.79
43.33022,-19.84
43.20021,-22.94
42.53021,-25.92
41.60021,-28.65
40.33022,-30.99
39.05022,-33.12
37.83022,-35.22
36.70022,-37.27
35.53022,-39.05
34.10022,-40.38
32.52022,-41
30.70022,-41.08
28.82022,-40.7
26.95022,-40.11
25.15022,-39.29
23.25022,-38.13
21.19022,-36.3
18.85022,-33.74
16.34022,-30.37
13.85022,-26.51
11.61022,-22.52
9.800217,-18.74
8.440217,-15.52
7.400217,-12.75
6.420217,-10.45
5.600217,-8.41
4.870217,-6.61
4.250217,-4.91
3.820217,-3.2
3.400217,-1.41
3.070217,0.41
2.750217,2.05
2.470217,3.16
2.250217,3.73
1.970217,3.76
1.750217,3.76
1.450217,4.14
1.000217,5.06
0.4202173,6.47
-0.2497827,7.96
-0.8297827,9.01
-1.199783,9.54
-1.269783,9.51
-1.199783,9.36
-0.9797827,9.349999
-0.7997827,9.5
-0.6997827,9.679999
-0.6497827,9.73
-0.5997827,9.67
-0.3997827,9.67
0.00021728515,9.9
18.40022,22.34
20.60022,23.53
22.80022,23.77
25.05022,22.97
27.70022,21.37
30.61022,18.76
33.20022,15.44
35.01022,11.85
36.30022,8.34
37.51022,4.98
38.80022,1.69
40.16022,-1.56
41.40022,-4.83
42.01022,-8.09
42.10021,-11.12
42.15022,-13.68
42.50021,-16.04
43.20021,-18.4
43.60021,-20.81
43.36021,-23.41
42.80021,-26.24
41.96021,-29.16
40.80022,-31.96
39.10022,-34.57
37.20022,-36.95
35.15022,-38.92
33.50022,-40.49
32.25022,-41.59
31.30022,-42.35
30.20022,-42.72
28.80022,-42.73
27.10022,-42.22
25.20022,-41.23
23.19022,-39.56
21.10022,-37.25
18.84022,-34.04
16.60022,-30.14
14.39022,-25.75
12.60022,-21.4
11.29022,-17.65
10.20022,-14.54
9.140217,-12.07
8.100217,-9.87
7.240217,-7.85
6.600217,-5.89
6.240217,-4
6.100217,-2.13
6.050217,-0.39
5.900217,1.11
5.600217,2.15
5.200217,2.77
4.700217,2.97
4.200217,3.08
3.850217,3.44
3.500217,4.24
3.250217,5.53
2.800217,6.98
2.300217,8.16
1.700217,8.83
1.300217,8.83
1.100217,8.53
1.100217,8.28
1.200217,8.27
1.300217,8.47
1.400217,8.67
1.400217,8.849999
1.500217,9.13
1.800217,9.7
16.90022,25.68
18.90022,26.11
21.00022,25.52
23.18022,23.92
25.55022,21.76
28.16022,19.2
30.70022,16.43
32.91022,13.51
34.65022,10.5
35.78022,7.45
36.65022,4.39
37.76022,1.19
39.00022,-2.3
39.96022,-6.12
40.05022,-9.849999
39.40022,-12.76
39.10022,-14.91
39.88021,-16.76
41.00021,-18.77
41.70021,-20.94
42.00021,-23.33
42.38021,-26.25
42.70021,-29.52
42.28021,-32.96
40.75022,-36.19
37.98022,-38.72
34.90022,-40.44
32.43022,-41.3
30.75022,-41.77
29.65022,-42.09
28.55022,-42.31
27.22022,-42.22
25.75022,-41.67
24.20022,-40.48
22.65022,-38.69
21.04022,-36.06
19.30022,-32.64
17.59022,-28.49
16.00022,-24.16
14.62022,-20.25
13.30022,-16.9
11.94022,-14.13
10.65022,-11.56
9.590217,-9.09
8.900217,-6.69
8.590217,-4.47
8.500217,-2.46
8.500217,-0.85
8.500217,0.37
8.370217,1.1
8.150217,1.58
7.870217,1.91
7.550217,2.28
7.200217,2.85
6.900217,3.71
6.650217,4.84
6.250217,6.04
5.550217,7.1
4.800217,7.84
4.250217,8.07
4.000217,7.97
3.980217,7.73
4.100217,7.62
4.270217,7.67
4.400217,7.81
4.450217,8.08
4.500217,8.49
4.620217,9.13
15.30022,26.79
17.40022,26.95
19.70022,26.34
22.10022,24.72
24.40022,22.34
26.31022,19.41
28.10022,16.42
29.61022,13.69
30.70022,11.14
30.86022,8.599999
30.60022,5.96
30.96022,2.98
32.20022,-0.48
33.81021,-4.47
34.50022,-8.48
34.01022,-11.85
33.50022,-14.52
34.61022,-17.06
36.60022,-20.11
38.16022,-23.48
38.70022,-26.54
39.00022,-29.12
39.80022,-31.65
40.96021,-34.43
41.40022,-37.41
40.15022,-40.08
37.50022,-41.94
34.25022,-42.44
31.40022,-42.08
29.30022,-41.44
27.80022,-41.07
26.70022,-41.06
25.60022,-40.94
24.60022,-40.29
23.70022,-39.08
22.89022,-37.07
22.00022,-34.34
20.99022,-30.86
19.70022,-27.06
18.19022,-23.29
16.50022,-19.76
14.74022,-16.51
13.20022,-13.38
12.09022,-10.36
11.30022,-7.48
10.79022,-4.92
10.50022,-2.74
10.35022,-1.18
10.30022,-0.08
10.30022,0.6
10.40022,1.11
10.65022,1.58
10.80022,2.07
10.75022,2.65
10.50022,3.34
10.15022,4.14
9.600217,4.97
8.800217,5.77
7.900217,6.54
7.300217,7.14
7.100217,7.52
7.200217,7.61
7.500217,7.56
7.750217,7.48
7.800217,7.48
7.800217,7.72
7.800217,8.179999
8.050217,8.87
15.00022,27.64
16.57022,28.32
18.45022,28.16
20.50022,26.68
22.25022,24.07
23.41022,20.56
24.20022,16.97
24.86022,13.86
25.40022,11.12
25.21022,8.4
24.45022,5.49
24.11022,2.23
24.70022,-1.21
26.11022,-4.69
27.05022,-8
27.21022,-11
27.55022,-13.98
29.16022,-17.44
31.35022,-21.37
32.76022,-25.33
32.80022,-28.76
31.95022,-31.27
31.75022,-33.26
32.83022,-35.4
34.55022,-38.1
35.81021,-41.15
35.70022,-43.67
33.82022,-44.46
31.40022,-43.63
29.29022,-41.78
27.70022,-40.18
26.57022,-39.61
25.55022,-39.62
24.67022,-39.58
24.05022,-39
23.87022,-37.59
23.90022,-35.54
23.67022,-32.83
22.90022,-29.7
21.47022,-26.24
19.60022,-22.63
17.79022,-19.05
16.25022,-15.52
14.99022,-12.1
14.10022,-8.79
13.52022,-5.86
13.05022,-3.47
12.70022,-1.82
12.30022,-0.52
12.07022,0.63
12.20022,1.73
12.82022,2.53
13.45022,2.99
13.92022,3.11
13.90022,3.17
13.55022,3.33
13.00022,3.65
12.25022,4.22
11.35022,5.04
10.65022,6.08
10.35022,7.09
10.50022,7.71
10.80022,7.9
10.90022,7.78
10.85022,7.73
10.85022,8.099999
11.20022,8.8
11.95022,9.74
14.90022,28.66
15.80022,28.9
16.90022,28.41
18.10022,26.88
19.10022,24.38
19.71022,20.9
19.90022,17.1
20.06022,13.48
20.30022,10.17
20.01022,7.02
19.20022,3.94
18.61022,0.87
18.60022,-2.29
19.11022,-5.36
19.30022,-8.04
19.40022,-10.36
20.20022,-12.94
22.16022,-16.22
24.40022,-19.82
25.61022,-23.07
25.60022,-25.61
24.90022,-27.67
24.70022,-29.93
25.36022,-32.72
26.70022,-36.1
28.46022,-40
29.60022,-43.46
29.50022,-44.99
28.70022,-44.47
27.84022,-42.17
27.30022,-39.68
26.90022,-38.21
26.10022,-37.84
25.20022,-38.12
24.40022,-38.14
24.30022,-37.3
24.70022,-35.79
25.19022,-33.65
25.10022,-31.11
24.04022,-28.12
22.60022,-24.87
20.94022,-21.46
19.50022,-17.93
18.29022,-14.18
17.40022,-10.34
16.99022,-6.97
16.80022,-4.38
16.55022,-2.67
15.90022,-1.13
15.24022,0.66
15.00022,2.5
15.45022,3.77
16.20022,4.24
16.85022,3.93
17.10022,3.38
17.05022,2.91
16.70022,2.68
16.10022,2.92
15.20022,3.71
14.30022,5.09
13.90022,6.61
13.95022,7.74
14.30022,8.25
14.40022,8.15
14.30022,8.08
14.25022,8.58
14.80022,9.61
16.15022,10.99
15.15022,28.57
15.50022,27.88
15.55022,26.66
15.55022,24.99
15.85022,22.72
16.21022,19.47
16.45022,15.73
16.68022,11.92
16.95022,8.22
16.86022,4.77
16.00022,1.74
14.78022,-0.64
13.90022,-2.85
13.56022,-5.41
13.05022,-7.98
12.65022,-10.27
13.20022,-12.73
14.78022,-15.94
16.40022,-19.5
17.46022,-22.52
17.90022,-24.45
18.05022,-25.26
18.70022,-26.46
19.71022,-29.08
20.50022,-32.3
21.21022,-35.74
21.95022,-39.06
22.60022,-41.18
23.20022,-41.62
23.92022,-40.22
24.85022,-38.23
25.67022,-36.58
26.05022,-35.74
25.77022,-35.8
25.15022,-35.99
25.00022,-35.62
25.50022,-34.58
26.29022,-32.91
26.65022,-30.89
26.19022,-28.6
25.25022,-26.13
24.02022,-23.28
22.75022,-19.85
21.69022,-15.63
21.10022,-11.22
21.07022,-7.6
21.20022,-5.09
21.00022,-3.52
20.30022,-1.89
19.47022,0.26
19.00022,2.48
19.10022,3.95
19.50022,4.49
19.88022,4.14
20.25022,3.56
20.58022,3.02
20.85022,2.57
20.57022,2.43
19.75022,2.82
18.77022,4.06
18.15022,5.77
18.12022,7.33
18.50022,8.32
18.90022,8.63
19.05022,8.82
19.17022,9.389999
19.60022,10.42
20.67022,11.84
15.70022,27.48
15.40022,26.33
14.60022,24.7
13.70022,22.98
13.40022,20.87
13.71022,17.74
14.00022,13.98
14.36022,10.02
14.80022,6.12
14.81022,2.56
14.00022,-0.3
12.45022,-1.95
11.10022,-3
10.40022,-4.52
9.700217,-6.78
9.110217,-9.37
9.200217,-12.12
9.960217,-15.51
10.50022,-19.39
10.46022,-22.73
10.50022,-24.92
10.80022,-25.57
11.20022,-25.88
12.10022,-27.48
12.90022,-29.77
13.41022,-32.12
14.00022,-34.71
15.15022,-36.81
16.50022,-37.71
18.20022,-37.11
20.10022,-35.9
22.05022,-34.7
23.90022,-33.89
24.95022,-33.67
25.40022,-33.76
25.70022,-33.63
26.60022,-33
27.75022,-31.79
28.50022,-30.29
28.35022,-28.61
27.70022,-26.71
26.79022,-24.09
25.90022,-20.53
25.24022,-16.01
25.00022,-11.51
25.14022,-8.139999
25.10022,-5.89
24.60022,-4.21
24.00022,-2.27
23.64022,0.04
23.50022,2.17
23.60022,3.46
23.70022,4
23.85022,3.87
24.10022,3.54
24.50022,3.16
25.00022,2.73
25.20022,2.33
24.80022,2.24
23.90022,2.98
23.20022,4.45
22.90022,6.22
23.00022,7.73
23.20022,8.82
23.50022,9.74
23.95022,10.66
24.50022,11.65
25.45022,12.79
16.10022,25.84
15.23022,24.6
14.10022,22.66
12.88022,20.83
11.95022,18.94
11.88022,16.35
12.25022,13.18
12.91022,9.559999
13.55022,5.66
13.66022,1.75
12.95022,-1.48
11.48022,-3.15
10.10022,-3.71
9.200217,-4.34
8.450217,-6.07
7.560217,-8.99
6.750217,-12.12
6.160217,-15.24
5.450217,-18.69
4.410217,-22.21
3.350217,-24.74
2.880217,-25.71
2.750217,-25.99
2.950217,-26.85
3.500217,-28.32
4.330217,-29.81
5.300217,-31.46
6.600217,-32.84
8.450217,-33.46
10.90022,-33.24
13.85022,-32.73
17.20022,-32.11
20.40022,-31.53
22.77022,-31.06
24.45022,-30.78
25.97022,-30.54
27.75022,-30.17
29.60022,-29.59
30.80022,-28.79
30.85022,-27.55
30.35022,-25.72
29.67022,-22.91
29.10022,-19.31
28.87022,-15.22
28.95022,-11.46
28.99022,-8.73
28.75022,-6.56
28.17022,-4.35
28.00022,-1.89
28.29022,0.36
28.65022,2.04
28.72022,3.05
28.80022,3.69
29.15022,3.8
29.50022,3.43
29.40022,2.83
29.10022,2.38
29.12022,2.13
29.25022,1.92
28.95022,2.12
28.25022,3.11
27.62022,4.9
27.30022,6.78
27.30022,8.36
27.55022,9.74
28.35022,11.11
29.50022,12.63
30.92022,14.3
15.80022,24.16
15.05022,23.32
14.60022,21.48
13.50022,19.48
12.00022,17.43
11.01022,15.03
10.90022,12.46
12.06022,9.559999
13.30022,6.03
13.41022,1.77
12.40022,-2.39
10.70022,-5.02
9.000217,-5.93
7.650217,-6.17
6.600217,-7.64
5.360217,-10.83
3.900217,-14.08
2.300217,-16.4
0.6002173,-18.76
-1.439783,-21.68
-3.299783,-23.62
-4.099782,-24.04
-4.299783,-23.63
-4.599782,-23.29
-4.699782,-23.68
-3.849783,-24.26
-2.299783,-24.8
-0.1497827,-25.52
2.400217,-26.36
5.650217,-27.17
9.300217,-27.89
13.20022,-28.17
16.90022,-27.9
20.00022,-27.08
22.80022,-26.22
25.70022,-25.68
28.80022,-25.54
31.80022,-25.72
33.90022,-25.85
34.45022,-25.25
34.20022,-23.73
33.74022,-21.09
33.30022,-17.85
33.19022,-14.37
33.40022,-11.25
33.64022,-8.86
33.40022,-6.69
32.99022,-4.24
33.00022,-1.67
33.50022,0.41
33.80022,1.9
33.65022,2.9
33.80022,3.54
34.50022,3.48
35.00022,2.86
34.15022,2.24
32.70022,2.15
32.25022,2.44
32.70022,2.48
32.95022,2.38
32.40022,3.01
31.84022,4.78
32.10022,6.91
33.05022,8.69
34.20022,10.05
35.30022,11.54
36.40022,13.57
37.74022,16.19
15.15022,23.43
14.73022,22.88
14.80022,21.6
14.43022,19.94
13.10022,17.49
11.08022,14.17
9.950217,11.11
10.98022,8.63
12.80022,5.88
13.53022,1.88
12.50022,-3.05
10.16022,-7.25
7.800217,-9.16
6.000217,-9.139999
4.600217,-10.29
3.060217,-14.03
1.000217,-17.85
-1.469783,-19.55
-3.649783,-20.45
-5.169783,-21.75
-6.399783,-22.7
-7.179782,-22.8
-7.549783,-22.16
-7.699782,-21.7
-7.399783,-21.75
-6.299783,-21.46
-4.549783,-20.76
-2.099783,-20.29
0.5002173,-20.36
3.450217,-20.86
6.800217,-21.37
10.50022,-21.44
14.25022,-20.97
18.12022,-20.08
22.15022,-19.31
26.30022,-19.13
30.55022,-19.67
34.50022,-20.95
37.45022,-22.39
38.85022,-23.12
39.35022,-22.68
39.27022,-20.68
38.95022,-17.71
38.87022,-14.22
39.30022,-11
39.64022,-8.75
39.20022,-6.86
38.29021,-4.61
37.85022,-2.06
37.99022,0.35
38.15022,2.28
38.42022,3.23
39.05022,3.22
39.68022,2.44
39.60022,1.66
38.22021,1.62
36.50022,2.25
36.12022,2.93
36.85022,3.11
37.20022,3.17
36.80022,3.9
36.72021,5.7
37.85022,7.9
40.07022,9.9
42.20021,11.58
43.40022,13.26
43.75021,15.39
44.22021,18.26
14.40022,22.88
14.05022,21.92
13.90022,21.17
13.80022,20.48
12.90022,18.33
10.86022,14.26
8.900217,10.27
9.150217,7.57
11.00022,5.3
12.61022,1.98
12.50022,-3.08
10.26022,-8.79
7.600217,-12.23
5.350217,-12.41
3.600217,-13.14
1.810217,-16.89
-0.6997827,-20.81
-4.099782,-21.72
-7.099782,-21.56
-8.599783,-22.38
-9.599783,-23.18
-10.19978,-23.19
-9.999783,-22.56
-9.149782,-21.86
-8.199782,-20.99
-7.099782,-19.3
-5.699782,-17.29
-3.849783,-15.3
-1.699783,-13.7
1.200217,-12.75
4.800217,-12.04
9.150217,-11.33
13.90022,-10.71
19.10022,-10.44
24.10022,-10.65
28.80022,-11.42
33.30022,-12.74
37.60022,-14.81
41.00021,-17.28
43.10021,-19.29
44.70021,-20.23
45.45021,-19.38
45.50021,-17.17
45.44021,-13.97
46.00021,-10.92
46.00021,-8.99
44.60021,-7.33
42.74022,-4.91
41.80021,-1.84
42.14021,1.27
43.20021,3.52
44.65022,4.03
45.80021,3.28
45.95021,1.97
45.00021,1.13
43.25021,1.37
42.00021,2.11
42.05021,2.67
42.60021,2.92
42.70021,3.42
42.30021,4.55
42.40022,6.27
43.50021,8.22
45.64021,10.21
47.80021,12.03
48.74022,13.91
49.00021,16.39
49.89021,19.89
13.40022,21.36
13.28022,19.99
12.80022,19.54
12.38022,19.68
11.90022,18.46
10.83022,14.83
9.350217,10.58
8.780217,7.2
9.550217,4.59
11.11022,1.71
11.75022,-2.77
10.59022,-9.26
8.500217,-14.71
6.150217,-16.39
3.750217,-17.01
1.210217,-19.28
-1.599783,-21.54
-5.129783,-21.08
-8.599783,-20.08
-10.54978,-20.49
-11.74978,-20.62
-12.14978,-19.45
-11.59978,-17.63
-10.89978,-15.99
-10.09978,-14.11
-8.799783,-11.98
-7.399783,-9.87
-5.129783,-7.69
-1.749783,-5.92
2.450217,-4.63
7.350217,-3.24
13.37022,-1.9
19.95022,-1.18
26.48022,-1.48
32.25022,-2.61
36.90022,-4.36
40.90022,-6.37
44.48021,-8.61
47.50021,-11.13
49.60021,-13.63
51.30021,-15.59
52.12021,-16.39
51.75021,-15.92
50.84021,-14.02
50.70021,-11.63
50.42022,-9.34
48.75021,-6.88
46.82021,-3.76
46.30021,-0.35
47.57021,2.28
49.10021,3.74
50.72021,3.86
52.00021,3.12
51.88021,2.03
50.75021,1.28
49.25021,1.31
48.30021,1.87
48.37021,2.59
48.70021,3.26
48.75021,4.17
48.70021,5.49
49.09021,7.28
50.25021,9.4
52.37021,11.46
54.30021,13.1
54.92021,15.1
55.40022,18.24
57.14021,22.11
12.50022,19.71
13.15022,18.47
12.90022,18.05
12.15022,18.34
11.70022,17.84
11.66022,15.08
11.40022,11.1
10.86022,7.17
10.70022,3.81
11.31022,0.77
11.60022,-3.08
10.91022,-9.33
9.600217,-16.27
7.600217,-20.25
4.600217,-21.42
1.050217,-21.78
-1.999783,-22.1
-4.599782,-20.94
-6.799783,-19.26
-7.999783,-18.15
-8.999783,-16.75
-9.299783,-15.01
-9.399782,-13.42
-9.699782,-11.9
-9.099783,-10.44
-7.499783,-9.01
-5.299783,-6.74
-1.409783,-3.6
3.500217,-1.09
8.940217,1.12
15.00022,4.04
22.25022,6.69
30.20022,8.05
37.80022,7.59
44.50021,5.74
49.56021,2.83
53.40022,-0.36
56.35021,-3.31
58.80021,-6.07
60.55021,-8.73
61.70021,-11.29
61.90022,-13.47
60.40022,-14.85
57.95021,-14.74
56.40022,-13.52
55.44021,-10.96
53.90022,-7.57
52.59021,-4.15
52.70021,-1.33
53.75021,0.38
54.80021,1.32
56.00021,1.61
57.00021,1.62
57.25021,1.45
56.70021,1.23
55.65022,1.34
54.80021,2.07
55.10021,3.31
55.80021,4.6
56.55021,6.02
57.50021,7.66
58.59021,9.61
60.10021,11.76
62.05021,13.65
63.30021,15.24
62.79021,17.45
62.50021,20.31
63.40022,22.49
12.30022,20.09
13.58022,19.39
13.65022,18.67
12.63022,18.39
12.20022,17.78
13.06022,15.25
13.80022,11.21
13.76022,6.73
13.45022,2.62
13.43022,-0.96
13.10022,-4.45
11.94022,-9.53
10.60022,-16.42
9.210217,-22.36
6.900217,-24.79
3.450217,-23.96
0.5002173,-22.93
-1.099783,-22.19
-1.899783,-21.04
-2.249783,-19.4
-3.099783,-17.8
-4.549783,-16.72
-5.749783,-15.03
-6.409782,-12.29
-5.699782,-9.53
-3.179783,-6.74
0.5502173,-2.74
5.620217,1.92
11.50022,5.33
17.74022,8.349999
24.10022,12.15
31.67022,15.26
39.75022,16.5
46.70021,15.48
52.65022,13.09
57.28021,9.58
60.85021,5.61
63.58021,1.86
66.00021,-1.42
67.93021,-4.06
69.55022,-6.31
70.40022,-8.21
69.95021,-9.88
68.48022,-11.18
67.25021,-12.01
65.87022,-11.64
64.05022,-10.1
63.04021,-7.81
63.35021,-5.57
64.05022,-3.84
64.50021,-2.41
65.22021,-1.2
66.35021,-0.23
67.10021,0.09
67.00021,0.01
65.92021,0.29
65.20021,1.28
65.70021,2.55
66.30022,3.73
66.62022,5.25
67.20021,7.09
67.97021,8.809999
68.50021,10.14
68.55022,11.13
67.40022,12.49
65.07021,14.54
63.15022,16.29
61.47021,17.06
11.50022,21.8
12.85022,21.39
13.10022,20.34
12.40022,19.29
12.50022,18.06
14.36022,15.33
16.00022,11.01
16.11022,5.85
15.60022,0.95
15.16022,-3.13
14.70022,-6.42
13.66022,-10.11
12.20022,-15.92
10.96022,-22.77
9.700217,-26.62
7.600217,-25.67
5.500217,-23.81
4.550217,-23.13
3.700217,-22.75
2.100217,-22.18
0.3002173,-21.5
-2.299783,-20.17
-3.899783,-16.93
-3.209783,-12.25
-0.8997827,-7.41
3.090217,-2.31
8.000217,3.4
13.64022,8.54
20.40022,12.15
27.39022,15.38
33.60022,18.5
40.50022,20.21
47.50021,20.42
52.70021,18.61
57.00021,15.82
60.41021,12.06
62.60021,7.77
63.86021,3.61
65.10021,0.06
66.65022,-2.51
68.30022,-4.28
70.00021,-5.03
71.30022,-5.31
72.20021,-5.76
73.00021,-6.58
73.05022,-7.37
72.30022,-7.56
72.25021,-6.58
73.10021,-4.98
74.15022,-3.32
74.90022,-1.95
75.75021,-1.11
76.90022,-0.77
77.50021,-1.01
77.00021,-1.46
75.40022,-1.22
74.40022,-0.28
74.50021,0.38
74.00021,0.57
72.30022,1.15
70.80022,2.3
69.90022,3.63
68.80022,4.75
66.50021,5.83
62.90022,7.58
59.05021,9.74
55.90022,11.34
52.15022,12.68
9.600217,21.98
11.03022,21.58
11.55022,20.45
11.55022,19.01
12.50022,17.3
15.01022,14.54
17.35022,10.45
17.86022,5.14
17.10022,-0.19
16.16022,-4.7
15.70022,-8.099999
15.41022,-11.01
14.60022,-15.45
13.51022,-21.87
12.55022,-26.55
11.42022,-26.6
10.35022,-25.01
9.920218,-24.24
9.350217,-24.29
6.550217,-24.77
3.450217,-23.97
0.4402173,-19.95
-0.04978271,-12.5
2.870217,-7.48
6.350217,-4.01
10.44022,1.29
14.95022,7.97
20.31022,15.06
27.10022,21.64
34.47021,26.46
41.05021,28.23
47.08022,26.74
52.40022,23.91
56.01021,19.97
58.90022,15.49
60.83021,10.58
61.50021,5.88
61.30021,2.09
61.40022,-0.97
62.10021,-3.45
63.05021,-5.27
64.05022,-5.92
65.30022,-5.75
66.97021,-5.11
68.90022,-4.34
70.17021,-3.45
70.45021,-2.58
71.12022,-1.77
72.60021,-1.03
74.00021,-0.42
75.00021,-0.09
75.57021,-0.35
75.75021,-0.68
75.50021,-0.75
74.60021,-0.85
72.62022,-0.78
71.05022,-0.53
70.65022,-0.76
69.50021,-1.34
66.75021,-1.46
63.85021,-0.81
61.57021,0.67
59.50021,2.37
56.30021,3.92
51.85021,5.88
47.75021,8.27
44.75021,10.31
41.97021,11.73
7.400217,21.04
9.350217,20.65
10.60022,19.44
11.40022,17.88
12.80022,16.05
15.50022,13.37
18.20022,9.63
19.26022,4.77
18.80022,-0.39
17.76022,-5.09
17.10022,-8.94
17.20022,-11.96
17.20022,-15.63
16.36022,-21.03
15.30022,-25.64
14.40022,-26.58
13.70022,-25.73
13.90022,-25.18
14.10022,-25.56
11.75022,-26.55
8.200217,-24.79
6.080217,-16.99
6.900217,-7.29
9.500217,-3.2
12.80022,-0.49
16.94022,5.11
20.80022,12.48
24.43022,20.87
29.50022,28.85
36.69022,33.51
44.00021,34.83
50.41021,32.54
55.00021,28.07
57.06021,22.19
58.20021,16.07
58.71021,10.66
58.30021,6.38
57.45021,3.34
57.10021,0.85
57.50021,-0.94
58.30021,-1.78
59.60021,-1.86
61.40022,-2.02
63.55021,-2.36
65.50021,-2.62
66.40022,-2.65
66.70021,-2.81
67.50021,-3.34
68.30022,-3.78
68.60021,-3.6
69.10021,-3.22
69.40022,-3.11
68.60021,-2.87
67.55022,-2.29
66.50021,-1.96
64.65022,-2.19
62.80021,-2.49
61.55021,-2.63
59.70021,-2.52
56.80021,-1.84
53.90022,-0.73
51.30021,0.81
48.90022,2.22
45.75021,3.14
41.80021,4.5
38.55022,6.8
36.80022,8.87
36.20022,9.42
5.350217,20.86
7.980217,20.33
10.35022,19
11.98022,17.27
13.55022,15.32
16.05022,12.8
19.05022,9.55
20.96022,5.29
21.50022,0.46
20.96022,-4.49
20.45022,-9.09
20.26022,-12.97
19.75022,-16.69
18.48022,-21.06
17.10022,-25.03
16.50022,-26.51
16.45022,-26.22
17.27022,-25.35
18.10022,-25.04
16.67022,-25.56
14.50022,-23.85
14.43022,-16.03
15.35022,-6.88
15.67022,-1.3
18.20022,4.3
23.36022,11.63
27.90022,18.38
30.29022,24.18
33.25022,28.93
38.37022,31.92
44.20021,33.56
49.75021,32.54
53.75021,28.89
54.76021,23.3
54.60021,17.96
54.58022,13.86
54.25021,10.4
53.50021,7.34
53.15022,5.21
53.97021,4.98
56.00021,5.6
58.85021,5.73
61.80021,4.87
64.18021,3.16
65.90022,1.16
66.63021,-0.88
67.05022,-2.89
67.25021,-4.36
67.00021,-5.16
66.37022,-5.42
66.10021,-5.56
65.57021,-5.71
64.20021,-5.85
62.70021,-6.03
61.50021,-6.37
59.82021,-6.91
57.80021,-7.14
55.55021,-6.53
52.85021,-5.34
49.92022,-3.95
47.25021,-2.77
44.60021,-1.88
41.80021,-1.12
38.45022,-0.21
34.90022,1.51
32.82022,3.99
32.60022,5.81
33.33022,5.72
3.700217,20.67
6.700217,20.44
10.10022,19.6
13.05022,17.98
15.20022,15.78
17.30022,13.28
20.00022,10.51
22.76022,6.8
24.50022,2.07
24.91022,-3.44
24.70022,-9.08
24.31022,-14.12
23.10022,-18.2
20.40022,-21.48
18.10022,-24.37
17.95022,-26.25
19.10022,-26.83
20.55022,-25.78
21.50022,-24.23
20.90022,-22.98
21.10022,-20.31
23.34022,-13.6
24.50022,-5.97
23.69022,1.59
25.90022,10.56
31.39022,18.17
35.60022,23.44
37.34022,27.32
39.10022,30.7
41.50021,33.37
43.60021,34.86
46.95021,33.2
50.40022,29.29
51.51021,24.57
51.30021,20.27
51.36021,16.21
51.10021,12.21
50.90022,9.48
51.50021,8.92
54.05021,10.09
57.30021,10.6
60.30021,9.57
62.50021,7.58
63.45021,5.23
64.00021,3.17
64.30022,1.54
64.60021,0.03
64.75021,-1.36
64.50021,-2.7
63.95021,-4.14
63.30021,-5.48
61.90022,-6.47
60.00021,-7.44
58.35021,-8.7
56.90022,-9.92
55.35021,-10.76
53.50021,-11.02
51.00021,-10.35
48.20021,-9.179999
45.50021,-8.01
42.90022,-7.09
40.05022,-6.35
36.90022,-5.51
33.30022,-3.9
30.20022,-1.38
29.00022,1.35
29.30022,3.03
30.10022,3.04
4.850217,19.83
7.520217,20.65
11.20022,20.65
15.30022,19.63
19.05022,17.82
21.80022,15.27
24.00022,12.21
25.98022,8.29
27.60022,3.41
28.31022,-2.48
28.25022,-8.88
27.63022,-15.03
26.50022,-19.85
23.80022,-22.39
20.60022,-23.67
19.78022,-24.67
21.00022,-25.6
23.05022,-25.4
24.30022,-23.78
24.49022,-20.53
25.75022,-15.78
28.86022,-9.17
31.05022,-2.39
31.81022,5.85
34.00022,14.77
37.44022,21.49
39.85022,27.12
41.02021,31.77
41.85021,35.1
40.85022,37.21
40.65022,38.09
43.63021,35.55
46.85021,31.4
47.91021,27.1
48.45021,22.68
49.11021,17.85
49.25021,13.88
49.65022,12.62
51.25021,13.06
53.78021,13.22
56.20021,12.04
57.58022,9.809999
57.80021,7.42
57.15022,5.36
56.45021,3.8
56.60021,2.51
57.55021,0.84
58.38021,-1.46
58.50021,-3.87
57.88021,-5.84
56.65022,-7.24
54.75021,-8.17
52.70021,-9.12
51.03021,-10.42
49.50021,-11.69
48.40022,-12.65
47.45021,-13.35
45.70021,-13.5
43.40022,-13.06
40.92022,-12.14
38.65022,-11.04
36.02022,-10
32.85022,-8.88
29.52022,-6.83
26.95022,-3.7
25.80022,-0.5
25.60022,1.57
25.57022,2.06
9.100217,18.97
11.45022,20.6
14.40022,20.78
18.30022,20.24
23.10022,19.53
27.45022,17.81
30.40022,14.57
31.41022,9.77
31.80022,4.15
31.86022,-2.17
31.30022,-8.8
29.51022,-15.33
28.10022,-20.72
27.30022,-23.35
25.60022,-23.79
23.75022,-23.08
23.10022,-22.59
23.95022,-22.41
24.90022,-21.5
25.64022,-18.04
27.60022,-12.17
31.24022,-4.49
34.60022,3.61
36.74022,12.03
37.90022,18.76
38.34022,24.26
38.90022,31.13
40.99022,36.59
41.60021,38.46
38.15022,38.52
36.40022,38.28
38.96022,35.37
41.00021,31.31
41.56021,27.08
42.90022,22.86
44.55021,19.46
45.40022,17.45
46.10021,16.65
47.10021,15.72
48.40022,13.81
49.80021,11.56
50.85021,9.51
51.40022,7.74
51.40022,6.23
51.50021,4.58
52.35021,2.15
53.60021,-0.93
54.05021,-3.93
53.40022,-6.31
52.15022,-7.97
50.40022,-9.27
48.35021,-10.4
46.20021,-11.49
43.85021,-12.28
41.50021,-12.67
40.45022,-13.26
40.10022,-14.5
38.95022,-15.79
37.00022,-16.2
35.20022,-15.41
33.70022,-14.25
31.50022,-13.34
28.50022,-12.3
25.54022,-9.76
23.30022,-5.87
22.00022,-2.21
21.40022,0.03
20.85022,0.52
14.90022,18.4
17.10022,19.56
18.90022,19.34
22.07022,18.92
26.75022,18.87
31.55022,18.34
35.10022,15.81
36.41022,10.78
36.35022,4.61
35.78022,-2.31
34.90022,-9.099999
31.91022,-14.95
28.55022,-19.62
28.20022,-22.37
29.35022,-23.44
29.07022,-22.62
27.05022,-20.79
24.20022,-18.59
22.35022,-16.29
23.19022,-12.61
26.00022,-6.79
29.99022,1.39
33.25022,9.52
34.22021,15.68
33.95022,20.54
34.01022,27.25
35.40022,35.22
38.12022,39.06
39.15022,40.18
34.85022,39.93
31.60022,37.61
33.23022,32.07
35.15022,26.6
36.08022,22.31
37.20022,19.62
38.65022,19.03
39.75022,18.92
40.28022,17.8
40.75022,15.96
42.13021,13.9
44.35021,12.09
46.78021,10.71
48.80021,9.44
50.08022,7.61
51.10021,4.66
51.83022,0.56
51.90022,-3.26
50.83022,-5.52
49.45021,-6.92
48.43021,-8.45
47.25021,-10.4
45.63021,-12.63
43.50021,-14.66
40.05022,-15.34
35.95022,-14.46
33.30022,-13.57
31.95022,-14.33
30.53022,-16.15
29.05022,-17.13
28.22022,-16.59
27.70022,-15.67
26.30022,-15.22
24.05022,-14.46
21.67022,-11.68
19.65022,-7.55
18.52022,-4.21
18.05022,-2.56
17.03022,-2.74
22.80022,17.3
24.70022,17.89
24.70022,18.03
26.50022,18.33
31.00022,18.11
35.65022,17.05
39.00022,14.42
40.31021,9.679999
40.40022,3.89
39.51022,-2.92
38.50022,-9.71
35.85022,-14.75
31.50022,-17.92
29.10022,-19.8
30.30022,-21.4
32.30022,-22.11
31.40022,-21.2
26.54022,-17.86
21.70022,-13.26
20.89022,-8.11
22.70022,-2.16
24.94022,5.03
26.50022,11.37
27.04022,15.97
27.80022,21.74
29.14022,30.39
31.00022,37.76
33.10022,39.98
34.00022,40.66
30.85022,39.43
28.00022,33.73
29.96022,26.25
32.50022,20.9
32.80022,18.3
32.50022,18.24
33.50022,19.57
35.20022,20.13
36.15022,19.22
37.10022,17.49
39.10022,15.42
41.60021,13.59
43.70021,12.23
45.10021,10.76
46.00021,8.12
46.90022,4.12
47.16021,-0.5
46.10021,-4.19
44.50021,-6.24
43.50021,-7.9
43.30021,-10.06
43.00021,-12.62
42.30021,-15.47
41.10021,-18.35
37.50022,-19.58
32.00022,-17.8
27.40022,-14.68
24.60022,-13.8
23.00022,-15.32
22.20022,-16.46
22.30022,-16.2
22.50022,-15.78
21.85022,-15.95
20.30022,-15.5
18.24022,-12.64
16.50022,-8.73
15.75022,-6.33
15.30022,-5.81
13.65022,-6.8
34.05022,17.28
35.87022,18.34
33.70022,18.68
31.80022,19.35
34.30022,19.13
38.63021,16.8
41.40022,12.88
42.23021,7.53
42.30021,1.75
41.36021,-4.37
39.90022,-10.49
38.63021,-15.04
36.30022,-17.29
33.48022,-17.94
32.40022,-19.02
33.40022,-20.78
33.75022,-21.74
30.80022,-19.78
26.25022,-15.34
23.17022,-9.4
21.70022,-2.69
20.69022,4.58
20.30022,10.81
21.49022,16.58
23.70022,24.53
25.04022,33.09
25.80022,37.98
27.45022,38.17
28.65022,36.92
27.76022,32.78
26.65022,25.55
28.06022,19.34
29.40022,16.5
28.22022,17.25
27.55022,19.92
29.05022,21.79
31.15022,21.69
32.55022,20.26
33.85022,18.34
35.23022,16.45
36.30022,14.84
36.93022,12.95
37.25022,10.26
37.73022,6.54
38.40022,2.48
38.38021,-1.21
37.55022,-4.17
36.63021,-6.43
36.30022,-8.599999
36.25022,-10.87
35.90022,-13.15
35.68022,-15.65
35.45022,-19.1
32.83022,-22.11
27.50022,-21.16
22.74022,-16.98
20.00022,-14.77
18.48022,-15.45
17.85022,-16.12
18.25022,-16.28
18.55022,-16.94
17.60022,-17.46
15.80022,-16.12
14.15022,-12.62
13.30022,-9.559999
13.05022,-8.94
12.20022,-9.679999
9.750217,-10.56
43.50021,20.62
45.20021,22.06
42.60021,20.43
37.60022,19.09
36.90022,18.9
39.75022,17.12
41.40022,13.05
41.16021,7.07
40.80022,0.79
40.11022,-4.85
38.70022,-9.96
38.10022,-14.06
38.10022,-16.45
37.25022,-17.07
35.80022,-17.88
35.05022,-19.68
34.60022,-21.32
33.60022,-20.71
31.70022,-17.52
29.29022,-12.18
26.80022,-5.64
23.79022,1.84
21.40022,8.86
21.09022,16.16
21.80022,25.26
21.44022,33.05
21.40022,35.72
23.95022,33.16
25.80022,29.66
25.51022,25.31
25.50022,19.41
25.70022,14.95
25.00022,14.04
23.29022,17.15
23.50022,21.66
25.30022,22.78
27.20022,21.57
28.15022,19.83
28.80022,18.49
29.10022,17.42
29.40022,15.69
30.05022,12.17
30.80022,7.49
31.55022,2.82
31.90022,-0.94
31.45022,-3.39
30.60022,-5.09
30.10022,-6.27
29.90022,-7.46
29.45022,-9.17
28.60022,-11.23
28.35022,-13.53
28.50022,-17.38
26.25022,-22.15
21.80022,-23.13
18.55022,-20.03
16.60022,-17.68
14.80022,-16.83
13.80022,-16.29
13.95022,-17.01
13.50022,-18.63
11.70022,-18.21
10.00022,-15.07
9.700217,-11.84
10.00022,-10.95
9.550217,-12
7.700217,-12.73
4.750217,-12.47
46.50021,25.03
47.45021,25.15
45.75021,21.23
41.43021,17.86
39.35022,17.22
39.98022,16.05
40.00022,12.5
38.68022,7.12
37.55022,1.63
37.00022,-3.01
36.15022,-7.05
35.93022,-10.72
36.75022,-13.75
37.33022,-15.74
37.15022,-17.52
36.53022,-19.56
35.65022,-21.18
34.50022,-20.54
33.90022,-17.41
34.52022,-12.7
35.15022,-7.79
33.77022,-2.32
30.75022,3.69
27.09022,11.26
23.35022,20.92
20.07022,28.69
19.65022,30.64
22.88022,27.33
24.50022,23.75
23.13022,20.78
22.95022,16.44
22.85022,13.17
21.25022,13.71
20.17022,18.33
20.65022,22.85
21.98022,22.48
23.20022,21.43
23.35022,20.54
23.00022,19.49
23.10022,17.45
24.05022,14.29
25.51022,9.42
26.90022,3.95
27.80022,-0.57
27.75022,-3.58
26.30022,-5.12
24.30022,-5.99
23.30022,-6.38
23.35022,-7.16
23.23022,-9.2
22.50022,-11.85
21.95022,-14.4
21.50022,-17.97
19.38022,-22.56
16.50022,-24.6
14.65022,-23.31
12.95022,-21.04
10.87022,-17.91
9.450217,-15.67
8.500217,-16.58
7.150217,-18.06
5.750217,-16.38
5.400217,-13.25
6.030217,-12.47
5.950217,-13.63
4.400217,-14.2
2.050217,-13.33
-0.2997827,-11.97
45.40022,25.81
45.80021,23.85
45.10021,19.87
42.50021,17.06
40.40022,15.98
39.40022,13.93
38.20022,10.13
36.55022,5.76
35.10022,1.82
34.60022,-1.59
34.30022,-4.89
34.65022,-8.17
35.80022,-11.15
36.80022,-13.56
37.00022,-15.77
36.95022,-18.21
37.00022,-20.46
36.20022,-20.33
35.40022,-17.11
36.99022,-12.04
40.00022,-7.86
41.60021,-4.68
40.40022,-1.23
35.24022,4.2
27.70022,12.51
20.99022,20.65
19.10022,23.53
21.55022,21.53
22.50022,19.54
20.80022,17.31
19.90022,13.51
19.30022,12.21
18.00022,14.63
17.64022,19.29
17.80022,23.04
18.35022,22.35
18.80022,22.42
18.20022,21.66
17.60022,19.15
18.30022,15.4
19.80022,11.43
21.30022,7.02
22.70022,2.41
23.80022,-1.06
23.80022,-3.39
21.80022,-5.22
18.90022,-6.71
17.70022,-7.5
18.60022,-8.53
19.50022,-10.56
19.20022,-13.23
17.55022,-15.79
15.60022,-18.88
13.65022,-23.24
12.00022,-26.28
10.80022,-26.02
9.400217,-23.22
7.890217,-18.54
6.200217,-15.32
4.300217,-15.88
2.900217,-16.66
2.450217,-14.98
2.800217,-13.6
2.600217,-14.76
1.200217,-16.02
-0.5497827,-15.07
-1.599783,-12.82
-1.949783,-11.04
43.40022,22.23
43.48021,20.11
43.00021,17.55
41.40022,15.71
39.70022,14.04
38.23022,11.06
36.70022,7.43
34.95022,4.2
33.25022,1.3
32.38021,-1.5
32.35022,-4.35
33.05022,-7.17
34.30022,-9.57
35.95022,-11.38
36.70022,-13.1
36.75022,-15.29
37.50022,-17.81
38.27022,-18.95
38.10022,-17.26
38.80022,-12.83
40.85022,-8.46
42.80021,-5.68
43.40022,-4.05
40.27022,-2.33
32.95022,2.24
24.22022,10.55
20.05022,16.36
20.40022,16.52
20.45022,15.38
18.98022,13.34
17.35022,10.56
16.20022,11.26
15.65022,15.28
15.32022,18.96
14.00022,22.85
13.68022,23.02
14.05022,23.41
13.55022,21.23
13.55022,16.42
14.60022,11.96
15.85022,8.38
17.10022,5.82
18.55022,3.46
19.68022,1.48
19.90022,-0.71
18.80022,-3.98
17.00022,-7.16
16.58022,-8.72
17.95022,-9.309999
19.33022,-10.3
19.30022,-12.51
16.83022,-15.05
12.95022,-17.4
9.930217,-21.13
8.050217,-25.19
7.400217,-26.21
7.250217,-23.79
6.520217,-19.34
4.650217,-16.07
2.600217,-15.75
1.550217,-15.85
1.220217,-15.2
0.7002172,-15.25
-0.9997827,-15.94
-2.649783,-15.65
-2.149783,-13.88
-0.6997827,-11.49
-1.079783,-10.19
41.50021,17.37
41.10021,16.45
40.40022,14.78
39.05022,12.97
37.70022,10.83
36.30022,7.88
35.00022,5.11
33.20022,2.92
30.90022,0.78
29.55022,-1.44
29.90022,-3.59
30.90022,-5.76
32.00022,-8
33.75022,-10.19
35.30022,-12.23
35.65022,-14.05
36.20022,-15.78
37.70022,-16.94
38.80022,-16.64
39.50022,-14.11
40.00022,-10.66
40.50022,-8
41.40022,-6.83
40.95022,-7.28
36.00022,-6.03
27.49022,1.82
21.90022,9.92
20.10022,11.82
19.10022,11.14
17.75022,9.46
15.70022,7.84
14.25022,9.66
13.90022,14.3
13.00022,17.37
10.30022,20.7
9.350217,23.21
10.00022,22.8
10.30022,18.83
10.80022,13.27
11.55022,9.4
12.10022,6.91
13.00022,5.82
14.20022,5.08
14.65022,4.18
14.70022,2.42
14.90022,-0.89
15.40022,-4.66
16.75022,-7.1
18.30022,-8.03
18.90022,-8.79
18.50022,-11.27
16.80022,-14.96
13.00022,-17.35
8.900217,-18.89
6.200217,-21.35
6.000217,-23.9
6.500217,-23.53
5.350217,-19.47
3.100217,-15.46
1.600217,-14
0.9002173,-13.95
0.3502173,-15
-0.5997827,-15.85
-1.999783,-14.41
-2.299783,-11.88
0.05021729,-10.22
2.000217,-9.08
0.05021729,-8.929999
38.35022,13.06
37.50022,13.09
36.25022,11.83
34.88021,10.01
33.90022,7.87
32.95022,5.26
32.05022,2.83
30.38022,0.93
28.05022,-0.53
27.08022,-1.88
27.65022,-3.33
28.75022,-4.72
29.75022,-6.53
30.93022,-9.2
32.30022,-11.86
33.23022,-13.76
33.80022,-15.14
34.72021,-15.83
35.90022,-15.56
36.95022,-14.02
37.15022,-12.01
36.87022,-10.64
37.25022,-9.75
37.35022,-9.9
34.45022,-9.599999
28.27022,-3.49
23.15022,3.91
20.00022,6.38
18.15022,6.57
16.90022,5.8
14.75022,4.91
13.10022,6.73
12.35022,11.11
10.55022,14.74
7.400217,18.51
5.770217,21.97
7.200217,20.13
8.800217,15.21
9.300217,11.25
9.300217,8.97
8.350217,7.51
8.230217,6.31
9.200217,5.14
9.780217,4.48
10.20022,3.67
11.33022,1.72
13.25022,-1.11
15.58022,-3.74
17.45022,-5.48
17.43022,-6.82
16.45022,-9.25
15.90022,-13.64
15.20022,-17.75
12.47022,-18.87
8.450217,-19.26
5.950217,-21.29
5.350217,-21.39
4.220217,-16.91
2.300217,-12.73
1.250217,-11.58
0.8502173,-12.02
0.5502173,-14.24
0.4002173,-15.01
0.8702173,-11.33
2.400217,-7.24
4.670217,-6.3
5.700217,-6.8
5.050217,-6.85
33.20022,10.77
31.35022,11.67
29.70022,11.24
29.15022,9.54
29.20022,7.02
28.90022,3.85
28.10022,0.84
26.60022,-1.13
25.00022,-1.85
24.85022,-2.25
25.30022,-3.08
25.80022,-3.6
26.50022,-4.42
27.55022,-6.87
28.70022,-9.88
30.00022,-12.12
31.10022,-13.79
31.75022,-14.91
32.40022,-15.05
33.40022,-13.81
34.00022,-12.36
33.85022,-11.85
33.70022,-11.52
33.10022,-11.53
31.00022,-11.64
27.25022,-7.67
23.50022,-1.94
20.05022,1.07
18.10022,2.3
16.85022,2.18
14.30022,1.6
12.10022,3.57
10.70022,7.81
8.150217,11.91
4.700217,16.5
2.900217,19.93
4.600217,17.65
7.350217,12.88
8.100217,10.51
7.250217,9.719999
5.900217,8.48
5.350217,6.26
6.200217,4.58
7.550217,4.02
8.900217,3.74
10.90022,2.54
13.20022,0.11
14.70022,-2.31
16.20022,-3.83
16.65022,-5.52
15.80022,-7.89
15.00022,-11.21
15.10022,-15.66
14.85022,-18.7
11.50022,-19.48
6.000217,-19.94
3.800217,-18.48
4.600217,-13.98
3.700217,-11.53
2.150217,-11.76
1.700217,-12.13
2.100217,-13.34
2.900217,-13.01
4.300217,-8.96
6.400217,-5.22
8.300217,-4.6
9.500217,-5.28
11.80022,-4.3
25.15022,10.3
23.27022,12.21
23.30022,12.46
24.30022,10.18
25.10022,6.78
24.70022,2.95
23.50022,-0.55
22.40022,-2.25
22.15022,-2.14
22.72022,-1.73
23.00022,-1.87
22.82022,-1.95
23.10022,-2.49
23.93022,-4.75
24.70022,-7.71
25.65022,-9.86
26.75022,-11.26
27.73022,-12.51
28.60022,-13.39
29.77022,-12.85
30.75022,-11.44
31.22022,-10.87
31.45022,-11.47
30.85022,-13.02
28.90022,-14.25
26.07022,-11.27
23.25022,-5.69
20.77022,-1.93
19.55022,-0.68
17.93022,-1.24
14.55022,-1.75
11.57022,0.54
9.900217,4.57
7.220217,8.309999
3.550217,13.44
1.570217,17.72
2.400217,16.96
4.480217,13.88
5.700217,12.39
5.830217,11.49
5.450217,9.63
5.230217,7.04
5.750217,5.48
7.300217,4.84
8.500217,4.03
10.28022,2.57
13.00022,0.27
14.30022,-1.85
15.30022,-2.89
16.60022,-4.73
17.55022,-7.25
17.43022,-9.67
16.70022,-12.78
16.95022,-16.28
16.05022,-18.73
9.870217,-19.94
5.150217,-18.16
6.200217,-13.89
6.550217,-12.12
4.800217,-12.64
4.200217,-12.4
5.200217,-11.26
6.700217,-9.03
8.500217,-5.86
10.55022,-3.63
12.90022,-2.81
15.75022,-2.28
19.45022,-0.21
17.40022,9.24
16.75022,11.95
19.00022,12.12
20.55022,8.9
20.70022,5.05
19.90022,1.64
19.10022,-1.46
19.35022,-2.84
20.50022,-2.43
21.55022,-1.72
22.00022,-1.63
21.95022,-2.04
22.10022,-2.96
22.30022,-4.5
22.30022,-6.25
22.70022,-7.78
23.30022,-8.929999
23.80022,-9.969999
24.60022,-11.14
25.60022,-11.41
26.30022,-10.52
27.00022,-10.12
28.20022,-11.6
28.70022,-14.64
27.60022,-16.58
25.40022,-13.42
23.10022,-7.47
21.30022,-3.75
20.50022,-3.19
18.75022,-4.28
15.10022,-4.69
12.15022,-2.41
10.50022,1.1
7.450217,4.36
3.400217,9.65
0.9502172,15.66
0.6002173,17.2
1.600217,15.15
2.900217,13.66
4.350217,12.51
5.400217,10.63
5.750217,8.679999
6.000217,7.52
7.350217,6.7
8.000217,4.58
7.200217,1.18
8.900217,-1.41
12.05022,-2.03
14.80022,-1.68
17.60022,-2.65
20.30022,-4.92
21.90022,-8.2
22.30022,-10.92
22.25022,-13.91
22.90022,-17.13
18.95022,-20.14
12.10022,-20.46
9.400217,-16.6
8.800217,-13.43
7.850217,-12.78
7.600217,-12.1
8.650217,-9.29
10.30022,-5.21
12.75022,-1.9
15.70022,0.01
19.00022,1.58
22.80022,3.7
26.25022,6.93
12.35022,7.24
12.22022,10
14.85022,10.22
16.23022,7.34
15.30022,3.71
14.80022,0.67
15.85022,-2.16
18.00022,-3.52
19.85022,-3.05
20.55022,-2.38
20.85022,-2.48
21.20022,-3.01
21.55022,-3.42
21.67022,-3.51
21.80022,-3.87
22.43022,-5.22
23.20022,-6.91
23.20022,-8.71
22.95022,-10.66
22.68022,-11.96
21.95022,-12.12
21.50022,-12.19
22.50022,-13.62
24.20022,-16.33
24.85022,-17.58
23.95022,-14.12
22.40022,-8.889999
20.80022,-6.08
19.80022,-5.64
18.50022,-6.36
15.70022,-6.33
13.22022,-4.23
11.50022,-1.67
8.470217,0.94
4.650217,6.05
1.500217,12.61
-0.2997827,15.38
0.2002173,13.8
1.350217,11.93
2.250217,10.77
3.150217,9.469999
4.470217,8.55
5.950217,9.01
7.450217,10.21
8.550217,9.139999
7.650217,5.04
7.450217,1.67
10.77022,2.09
14.70022,3.56
18.03022,2.8
21.20022,0.06
23.65022,-3.82
25.55022,-6.62
26.23022,-10.68
27.35022,-14.83
26.60022,-18.94
22.05022,-22.04
16.32022,-20.76
12.10022,-16.67
10.77022,-13.73
11.35022,-12.51
12.42022,-9.79
13.60022,-4.98
15.62022,-0.3
18.30022,3.19
21.00022,6.09
23.95022,9.45
27.25022,13.54
10.30022,6.15
9.800217,8.32
11.20022,8.849999
11.95022,6.87
10.80022,3.4
11.00022,0.35
13.50022,-2.19
16.20022,-3.2
17.30022,-2.51
17.15022,-2.11
17.30022,-2.65
18.05022,-2.78
18.70022,-2.07
19.00022,-1.27
19.40022,-1.29
20.65022,-2.68
22.50022,-4.69
23.45022,-7.24
23.00022,-9.969999
21.75022,-11.94
19.80022,-12.98
17.90022,-13.87
17.70022,-15.5
19.60022,-17.43
21.40022,-17.6
21.75022,-14.2
21.20022,-10.11
20.05022,-8.03
19.40022,-7.3
18.60022,-7.36
16.50022,-6.72
14.45022,-4.72
13.70022,-3.48
12.15022,-2.51
8.900217,1.77
4.300217,8.27
0.1002173,11.66
-0.6997827,11.19
-0.1997827,10.26
0.1502173,9.74
0.9002173,8.94
3.100217,8.82
5.400217,10.76
5.800217,13.64
5.700217,13.67
6.550217,11.33
7.400217,9.3
9.300217,8.63
11.20022,8.78
14.05022,6.77
17.80022,4.57
21.05022,2.27
23.50022,-1.71
25.30022,-7.65
27.10022,-12.64
28.50022,-17.08
28.00022,-21.95
23.50022,-24.12
17.00022,-20.75
13.55022,-15.06
13.60022,-12.1
15.00022,-9.48
16.50022,-4.75
17.60022,0.53
18.80022,5.05
20.50022,8.83
23.40022,12.81
27.95022,17.19
10.70022,7.8
9.700217,8.88
9.450217,8.83
9.130218,6.67
8.050217,3.05
8.680217,0.38
11.05022,-0.95
12.75022,-1.03
13.15022,-0.53
13.53022,-0.87
14.70022,-1.83
15.92022,-1.8
16.65022,-0.89
17.00022,-0.38
17.40022,-0.9
18.50022,-2.53
20.70022,-4.46
22.58022,-6.38
22.85022,-8.179999
22.23022,-9.62
21.20022,-10.78
19.70022,-12.25
18.95022,-14.43
19.68022,-16.3
20.75022,-16.25
21.10022,-13.63
20.80022,-10.83
20.07022,-9.17
19.25022,-7.95
18.12022,-7.4
16.15022,-6.67
14.05022,-4.7
13.05022,-3.33
13.17022,-3.29
11.80022,-0.87
6.820217,4.4
1.350217,8.13
-0.8797827,9.44
-1.099783,10.01
-0.3497827,10.16
1.050217,10.14
3.100217,10.85
5.050217,12.97
4.970217,15.06
4.000217,14.81
4.330217,13.33
5.650217,12.41
7.030217,11.4
7.950217,10.48
10.18022,7.75
14.85022,6.38
18.45022,4.92
20.65022,0.87
21.63022,-5.29
23.25022,-11.51
25.08022,-15.68
27.00022,-19.8
26.65022,-24.13
21.85022,-24.12
17.75022,-17.43
16.35022,-11.22
16.42022,-6.44
17.50022,-1.71
18.62022,2.44
19.60022,6.45
21.80022,10.63
25.45022,15.12
29.82022,19.01
9.300217,9.01
8.600217,8.74
7.700217,7.77
7.050217,5.9
6.800217,3.17
7.900217,1
9.900217,0.25
11.45022,0.8
12.50022,1.46
14.30022,1.66
16.70022,1.59
17.80022,1.46
18.20022,1.09
18.55022,0.02
19.00022,-1.6
19.75022,-3.56
21.30022,-5.21
22.85022,-6.24
23.40022,-7.3
23.45022,-8.61
23.60022,-9.79
23.60022,-10.95
23.70022,-12.51
23.85022,-13.93
23.90022,-14.24
23.60022,-13.12
22.80022,-11.85
21.30022,-10.8
19.00022,-9.37
16.75022,-8.34
15.00022,-7.9
11.70022,-6.26
7.400217,-3.49
7.300217,-2.24
8.700217,-1.24
6.500217,1.98
2.700217,5.45
0.5002173,8.15
0.2002173,9.98
1.550217,10.67
3.100217,11.23
4.100217,12.38
4.800217,13.96
5.250217,15.2
5.200217,14.93
5.200217,13.83
6.000217,13.7
7.850217,13.42
9.700217,12.59
11.50022,9.969999
14.90022,7.81
16.90022,5.64
17.70022,2.16
17.65022,-3.59
18.70022,-10.6
20.10022,-15.09
22.20022,-18.04
24.85022,-21.01
24.50022,-24.37
22.45022,-20.11
20.70022,-12.45
18.80022,-5.61
18.00022,-0.65
19.15022,2.79
21.10022,6.67
24.15022,11.27
27.80022,15.69
30.55022,18.51
5.200217,8.28
5.100217,7.1
4.500217,6.07
4.720217,5.71
6.100217,4.82
8.280217,3.17
10.85022,2.13
13.05022,2.59
14.90022,3.57
17.22022,4.42
19.50022,4.88
20.25022,3.9
20.35022,1.64
21.03022,-1.09
21.70022,-3.43
22.13022,-5.03
22.85022,-6.02
24.00022,-6.84
24.90022,-8.11
25.10022,-9.67
25.05022,-11
25.12022,-11.93
25.55022,-12.62
25.97022,-13.04
26.25022,-13.22
26.17022,-13.12
25.65022,-12.85
24.00022,-12.62
21.05022,-12.04
18.05022,-11.07
16.25022,-10.59
13.47022,-10.37
8.400217,-8.49
6.320217,-5.86
7.550217,-3.82
7.800217,-0.58
6.850217,3.14
5.370217,6.22
4.400217,8.429999
4.850217,9.38
5.450217,10.13
5.670217,11.59
5.750217,13.05
6.000217,14.2
6.150217,14.93
5.900217,14.72
6.350217,14.58
8.700217,14.69
11.10022,13.96
12.45022,11.22
14.30022,8.54
14.43022,5.39
13.40022,1.25
13.00022,-2.84
14.70022,-8.3
15.88022,-12.74
17.10022,-14.66
20.03022,-15.65
22.95022,-19.5
24.47022,-20.04
24.35022,-15.21
22.35022,-8.08
20.20022,-2.57
20.55022,1.06
22.80022,4.89
26.02022,9.719999
29.05022,14.45
31.20022,17.12
0.9002173,6.97
1.000217,5.44
1.200217,4.79
2.600217,5.34
5.000217,5.43
8.000217,4.26
11.10022,3.03
13.85022,2.91
16.30022,3.38
18.35022,3.81
19.80022,3.56
20.25022,1.62
20.80022,-1.28
21.70022,-3.89
22.30022,-5.88
22.00022,-7.02
21.90022,-7.6
23.15022,-8.32
24.60022,-9.389999
25.35022,-10.49
25.60022,-11.65
25.40022,-12.87
25.30022,-13.77
25.60022,-14.03
26.00022,-14.05
26.50022,-14.07
26.40022,-13.94
25.35022,-13.93
23.10022,-14.13
20.65022,-13.74
18.90022,-13.17
18.15022,-13.87
15.70022,-13.76
12.75022,-10.99
11.80022,-7.74
12.35022,-3.9
13.00022,0.4
12.10022,4
10.10022,6.4
8.650217,7.32
8.000217,7.97
7.850217,9.559999
7.700217,11.16
7.550217,12.3
7.200217,13.9
6.550217,15.2
6.800217,15.35
8.350217,14.89
9.800217,13.21
10.95022,11.06
12.90022,9.24
13.65022,5.75
11.90022,0.52
10.30022,-2.43
11.70022,-6.59
13.30022,-10.97
13.60022,-12.1
15.50022,-11.91
18.90022,-13.54
22.65022,-15.99
25.20022,-14.9
24.85022,-9.84
23.20022,-5.55
23.10022,-1.96
25.10022,2.33
27.50022,8.05
29.70022,13.75
31.60022,16.63
-1.299783,4.68
-0.8997827,3.66
0.2502173,3.61
2.350217,4.38
4.950217,4.73
7.800217,4.02
10.30022,3.12
12.10022,2.9
13.60022,3.23
14.75022,3.38
15.55022,2.34
16.68022,-0.25
18.20022,-2.9
19.60022,-4.85
20.20022,-6.65
20.00022,-8.12
20.05022,-8.87
21.30022,-9.29
22.80022,-9.849999
23.70022,-10.55
24.45022,-11.43
24.97022,-12.7
25.40022,-14.27
25.90022,-15.52
26.30022,-16.06
26.47022,-16.04
25.80022,-15.63
24.25022,-15
22.40022,-14.78
21.20022,-14.97
20.70022,-14.96
20.95022,-15.38
20.55022,-15.64
18.57022,-13.66
17.20022,-10.55
17.30022,-7.02
17.95022,-2.84
17.12022,1.2
14.90022,4.1
12.72022,5.55
11.35022,6.53
10.52022,7.87
10.10022,9.23
10.05022,10.28
9.600217,12.29
8.220217,15.06
7.500217,16.43
7.130217,14.94
7.500217,11.35
10.00022,10.23
12.90022,10.15
13.75022,6.03
11.75022,0.88
8.970217,-1.99
8.950217,-5.73
11.23022,-10.12
12.80022,-12.12
14.32022,-11.49
16.55022,-10.96
19.82022,-12.78
23.15022,-13.3
24.57022,-10.2
24.80022,-6.46
25.52022,-1.3
27.35022,4.69
28.70022,9.86
28.95022,13.43
28.02022,15.03
-1.599783,2.63
-0.7997827,2.76
0.8002173,3.32
2.800217,4.14
4.900217,4.89
6.150217,5.49
5.900217,6.14
5.200217,6.71
5.400217,7.03
6.400217,6.46
8.000217,4.57
10.65022,1.71
13.50022,-0.95
15.65022,-2.99
16.70022,-4.82
17.25022,-6.36
17.80022,-7.4
18.90022,-7.77
20.00022,-8.139999
20.60022,-9.09
21.40022,-10.25
22.40022,-11.5
23.80022,-13.35
25.60022,-15.49
26.90022,-16.85
27.10022,-17.11
26.20022,-16.84
24.10022,-15.93
21.90022,-14.91
21.20022,-14.8
21.50022,-15.18
22.15022,-15.48
22.70022,-15.81
22.15022,-14.93
21.20022,-12.5
20.75022,-9.25
20.60022,-5.67
19.80022,-2.03
18.20022,1.05
16.40022,3.49
14.70022,5.34
13.15022,6.44
12.40022,7.3
12.85022,8.55
12.60022,11.09
10.55022,14.24
9.000217,15.91
6.900217,14.95
6.900217,11.59
8.750217,11.11
10.30022,9.57
10.90022,4.62
9.600217,0.42
6.950217,-2.28
6.200217,-5.04
8.250217,-7.66
10.40022,-8.77
11.90022,-8
13.40022,-7.68
16.05022,-9.48
19.20022,-9.67
21.15022,-5.41
22.40022,-0.26
24.05022,4.56
25.40022,8.809999
25.35022,10.93
23.70022,11.51
20.65022,12.84
-1.549783,2.34
-0.3497827,3.31
0.6502173,4.06
1.370217,4.67
2.150217,5.63
1.520217,7.16
-0.5997827,8.7
-1.699783,9.51
-0.8997827,9.74
1.100217,9.27
3.700217,8.11
7.250217,6.06
10.95022,3.3
13.37022,0.72
14.45022,-0.87
14.57022,-1.86
14.85022,-3.06
15.32022,-4.08
15.70022,-4.98
16.30022,-6.54
17.10022,-8.19
18.10022,-9.429999
19.75022,-11.04
22.15022,-13.47
24.45022,-15.51
25.90022,-16.32
26.35022,-16.53
25.27022,-16.13
23.60022,-15.05
22.77022,-14.22
22.55022,-14.13
22.50022,-14.11
23.05022,-14.07
23.47022,-13.75
23.15022,-12.18
22.52022,-9.469999
22.15022,-6.79
21.72022,-4.21
21.00022,-1.56
19.62022,1.26
17.90022,3.76
16.32022,4.93
15.35022,5.35
15.10022,6.64
14.25022,9.79
12.50022,12.84
12.00022,14.4
8.800217,15.65
7.200217,13.47
6.350217,10.53
7.250217,6.29
8.600217,2.53
8.100217,-0.22
5.900217,-2.45
5.150217,-4.04
6.050217,-4.79
6.350217,-4.45
6.150217,-3.48
6.450217,-3.45
8.400217,-4.06
11.05022,-2.75
13.18022,0.98
15.00022,4.09
16.55022,5.6
16.85022,6.95
16.02022,8.599999
15.10022,10.56
14.78022,13.53
-0.9997827,2.69
0.2002173,3.88
0.00021728515,4.76
-1.049783,5.52
-1.199783,6.56
-1.699783,7.94
-2.999783,9.16
-3.099783,10.13
-1.999783,11.25
-0.5497827,12.12
1.500217,12.33
4.300217,11.24
7.100217,8.809999
9.000217,5.32
10.70022,2.2
11.80022,0.3
12.50022,-1.35
12.55022,-2.85
12.40022,-4.09
12.90022,-5.59
13.90022,-7.03
15.15022,-7.84
16.70022,-8.9
18.55022,-11.2
20.50022,-13.77
22.35022,-15.36
23.90022,-16.04
24.45022,-15.87
24.30022,-15.1
24.40022,-14.34
24.40022,-14.01
23.50022,-13.5
23.20022,-12.81
24.05022,-12.29
24.40022,-11.1
24.20022,-8.84
24.00022,-6.68
23.65022,-4.7
23.20022,-2.65
21.95022,-0.41
20.40022,1.98
19.50022,3.57
18.40022,4.04
16.50022,4.83
14.70022,7.74
13.80022,10.84
14.00022,13.34
10.60022,16.02
7.800217,13.92
5.000217,8.46
5.700217,3.32
8.300217,1.28
8.300217,-0.39
6.300217,-1.69
4.800217,-2.6
4.600217,-2.93
3.900217,-2.6
2.650217,-2.07
2.300217,-1.95
3.900217,-1.57
6.100217,-0.35
7.950217,1.25
9.200217,2.5
9.250217,3.89
8.600217,5.95
8.600217,8.94
9.600217,12.37
10.80022,15.73
0.2502173,3.01
1.350217,4.01
0.5502173,4.97
-1.599783,6.05
-2.449783,7.41
-2.819783,8.88
-3.499783,10.32
-3.369783,12.08
-2.899783,14.06
-2.749783,15.35
-2.099783,15.63
-0.8497827,15.28
-0.6997827,14.84
-0.8497827,11.97
1.500217,6.23
5.770217,0.8
8.700217,-2.55
8.950217,-4.09
8.550217,-4.67
9.350217,-4.96
11.15022,-5.36
13.20022,-5.88
15.15022,-6.84
16.65022,-8.82
17.85022,-11.5
19.30022,-14.55
21.00022,-16.75
22.48022,-16.55
23.35022,-15.17
24.40022,-14.19
25.35022,-13.66
25.27022,-13.07
25.10022,-12.39
25.55022,-11.79
25.85022,-10.78
26.05022,-9.04
25.90022,-7.16
25.33022,-5.03
24.90022,-2.93
23.70022,-1.27
22.25022,0.65
21.80022,2.65
20.55022,3.61
18.02022,3.91
16.60022,6.07
15.93022,9.28
14.55022,12.75
11.20022,15.68
8.650217,13.32
5.170217,6.97
5.000217,2.58
7.200217,1.12
7.550217,-0.37
6.550217,-1.07
5.400217,-1.79
4.650217,-2.15
3.800217,-1.85
2.520217,-1.26
1.950217,-0.5
3.230217,0.56
4.900217,1.55
5.450217,2.2
5.000217,2.99
4.080217,5.14
3.900217,8.44
4.500217,11.63
4.700217,14.15
4.230217,17.22
0.8002173,3.74
1.800217,4.76
1.400217,5.39
-0.8997827,6.07
-2.799783,7.33
-3.699783,9.04
-4.299783,11.06
-4.199783,13.71
-4.299783,16.26
-5.299783,17.64
-5.499783,17.57
-4.399783,17.17
-4.399783,18.23
-6.549783,17.69
-6.599782,12.19
-1.499783,4.18
3.700217,-1.64
5.450217,-3.91
5.900217,-3.75
6.950217,-2.09
8.900217,-0.93
11.20022,-1.59
13.60022,-3.51
15.50022,-5.9
17.10022,-8.45
18.65022,-12.3
20.50022,-16.4
22.40022,-17.42
23.70022,-15.92
24.55022,-14.02
25.30022,-12.49
25.95022,-11.54
26.70022,-11.16
27.05022,-10.97
27.20022,-10.49
27.80022,-9.599999
28.00022,-8.4
27.30022,-6.29
27.10022,-3.73
26.20022,-1.79
24.60022,-0.01
23.95022,2.11
22.90022,3.7
21.05022,4.31
20.00022,6.06
17.90022,9
14.90022,12.59
11.05022,14.77
8.300217,10.72
5.800217,5.26
4.600217,2.58
5.900217,1.03
6.500217,-0.78
6.600217,-1.44
6.500217,-1.78
5.550217,-1.64
4.800217,-1.19
3.800217,-0.89
2.900217,0.4
3.050217,2.86
3.300217,4.41
2.100217,4.19
0.2002173,3.87
-0.4997827,5.95
0.2002173,10.19
-0.04978271,13.74
-1.399783,15.58
-2.099783,18.54
0.6502173,3.96
1.180217,5.43
1.150217,5.86
-1.099783,5.87
-3.349783,6.7
-3.799783,8.41
-4.049783,10.84
-4.919783,14.19
-6.299783,17.27
-7.919783,19.06
-8.449782,19.01
-6.529783,17.62
-4.349782,17.7
-6.229783,18.72
-9.749783,16.76
-7.679782,10.88
-1.999783,4.94
2.470217,1.55
4.950217,1.13
6.150217,3.25
7.450217,4.87
9.220217,4
11.20022,1.33
13.60022,-2
16.35022,-4.74
18.82022,-7.65
21.10022,-11.48
23.40022,-14.23
25.30022,-14.77
26.05022,-13.54
26.00022,-11.9
26.45022,-10.83
27.20022,-10.5
27.07022,-10.43
26.80022,-10.08
27.78022,-9.42
28.55022,-8.44
28.20022,-6.51
28.30022,-3.87
28.05022,-1.61
26.80022,0.15
25.90022,2.26
25.05022,4.38
23.30022,5.7
21.20022,7.01
17.88022,9.05
15.30022,12.21
12.00022,13.21
7.850217,6.84
7.070217,2.78
5.900217,1.31
6.670217,-0.58
7.100217,-2.6
6.370217,-3.37
5.850217,-3.12
5.400217,-2.03
5.450217,-1.88
5.500217,-2.66
4.400217,-0.9899999
2.600217,3.02
0.7002172,4.51
-1.679783,3.19
-3.649783,2.79
-3.419783,5.58
-2.549783,10.4
-3.249783,14.11
-4.549783,16.09
-4.519783,18.94
1.200217,2.89
0.9002173,4.46
0.6002173,5.35
-1.649783,5.69
-3.699783,6.57
-3.499783,8.13
-3.699783,10.52
-5.649783,13.93
-7.699782,16.8
-9.399782,18.79
-10.39978,19.58
-8.799783,18.28
-5.799783,17.14
-6.349782,17.88
-10.59978,18.43
-11.64978,16.42
-7.999783,12.83
-2.849783,9.15
0.8002173,7.1
2.650217,7.3
4.500217,7.64
6.500217,6.7
8.100217,4.57
9.900217,1.45
12.60022,-1.35
15.45022,-3.21
18.20022,-5.16
21.00022,-7.58
23.70022,-9.53
25.10022,-10.25
25.70022,-10.36
26.85022,-10.39
27.90022,-10.26
27.35022,-9.99
26.50022,-9.679999
26.85022,-8.849999
27.20022,-7.24
26.95022,-4.96
27.30022,-2.62
27.55022,-0.73
26.70022,0.83
25.55022,2.69
24.50022,4.57
22.40022,6.06
20.00022,7.29
18.20022,9.139999
17.30022,11.87
14.45022,11.77
8.300217,3.53
8.000217,-0.17
7.700217,-0.64
7.300217,-2.46
7.500217,-4.5
5.900217,-5.77
4.800217,-5.46
4.950217,-3.71
5.800217,-3.74
6.100217,-4.97
4.500217,-2.56
1.300217,2.4
-1.899783,3.25
-4.349782,1.33
-5.399783,1.81
-4.649783,5.36
-4.099782,9.8
-4.949782,13.31
-5.899783,15.77
-6.849782,18.68
2.300217,1.13
1.130217,1.86
0.5502173,3.42
-1.099783,4.79
-2.749783,6.17
-2.819783,7.54
-3.299783,9.679999
-5.169783,12.98
-7.049783,15.31
-8.719783,16.89
-10.39978,18.82
-10.17978,19.06
-8.099783,17.63
-7.179782,16.77
-9.099783,17.27
-10.64978,17.65
-9.749783,16.51
-6.979783,13.7
-4.199783,10.86
-1.699783,9.2
1.300217,8.059999
4.300217,6.61
6.300217,4.8
7.920217,2.77
10.10022,0.54
12.00022,-1.5
13.65022,-3.08
15.87022,-4.31
18.15022,-5.46
19.77022,-6.41
21.40022,-7.23
23.80022,-7.62
25.90022,-7.3
26.47022,-6.88
26.20022,-6.94
26.13022,-6.59
26.20022,-5.3
26.35022,-3.7
26.75022,-2.24
26.58022,-0.59
25.15022,1.18
23.60022,2.8
22.65022,4.16
21.88022,5.78
21.00022,7.63
20.70022,9.52
19.50022,10.82
15.52022,8.75
9.650217,1.78
7.880217,-2.62
7.900217,-1.44
6.050217,-2.48
6.350217,-3.75
5.820217,-5.62
4.950217,-6.85
5.200217,-5.82
5.600217,-5.3
5.330217,-5.73
4.050217,-3.38
1.480217,0.68
-1.949783,1.23
-4.649783,0.2
-5.549783,1.84
-5.649783,5.4
-5.949782,9.03
-6.619782,12.35
-7.499783,15.23
-9.549783,17.94
