U,V
1.970227,-0.9093847
1.940227,-0.9593847
1.920227,-1.009385
1.890227,-1.059385
1.860227,-1.109385
1.830227,-1.159385
1.800227,-1.209385
1.770227,-1.249385
1.730227,-1.299385
1.700227,-1.349385
1.660227,-1.389385
1.630227,-1.429385
1.590227,-1.469385
1.550227,-1.519385
1.510227,-1.559385
1.470227,-1.589385
1.420227,-1.629385
1.380227,-1.669385
1.340227,-1.699385
1.290227,-1.739385
1.250227,-1.769385
1.200227,-1.799385
1.150227,-1.839385
1.100227,-1.859385
1.050227,-1.889385
1.000227,-1.919385
0.950227,-1.949385
0.900227,-1.969385
0.8502271,-1.989385
0.800227,-2.009385
0.750227,-2.029385
0.690227,-2.049385
0.640227,-2.069385
0.580227,-2.089385
0.5302271,-2.099385
0.470227,-2.109385
0.4202271,-2.129385
0.360227,-2.139385
0.310227,-2.149385
0.250227,-2.149385
0.190227,-2.159385
0.140227,-2.159385
0.08022705,-2.169385
0.02022705,-2.169385
-0.02977295,-2.169385
-0.08977295,-2.169385
-0.1497729,-2.159385
-0.1997729,-2.159385
-0.259773,-2.149385
-0.3197729,-2.139385
-0.3697729,-2.139385
-0.4297729,-2.119385
-0.4797729,-2.109385
-0.5397729,-2.099385
-0.5897729,-2.079385
-0.6497729,-2.069385
-0.699773,-2.049385
-0.7497729,-2.029385
-0.8097729,-2.009385
-0.8597729,-1.989385
-0.9097729,-1.969385
-0.9597729,-1.939385
-1.009773,-1.919385
-1.059773,-1.889385
-1.109773,-1.859385
-1.159773,-1.829385
-1.209773,-1.799385
-1.249773,-1.769385
5.700227,-3.149385
5.520227,-3.269385
5.350227,-3.389385
5.170227,-3.499385
5.000227,-3.599385
4.800227,-3.689385
4.650227,-3.769385
4.420227,-3.849385
4.250227,-3.919385
4.020227,-3.969385
3.850227,-4.029385
3.670227,-4.069385
3.500227,-4.109385
3.270227,-4.139385
3.100227,-4.159385
2.870227,-4.169384
2.700227,-4.179385
2.500227,-4.179385
2.350227,-4.169384
2.150227,-4.159385
1.950227,-4.139385
1.750227,-4.109385
1.550227,-4.079385
1.420227,-4.049385
1.250227,-3.999385
1.070227,-3.949385
0.900227,-3.899385
0.7202271,-3.839385
0.6002271,-3.779385
0.4502271,-3.709385
0.300227,-3.629385
0.150227,-3.549385
0.00022705078,-3.469385
-0.1297729,-3.389385
-0.249773,-3.299385
-0.3797729,-3.209385
-0.449773,-3.109385
-0.5797729,-3.009385
-0.699773,-2.909385
-0.7797729,-2.809385
-0.8497729,-2.699385
-0.949773,-2.599385
-1.049773,-2.489385
-1.099773,-2.379385
-1.149773,-2.269385
-1.249773,-2.159385
-1.349773,-2.039385
-1.349773,-1.929385
-1.449773,-1.819385
-1.449773,-1.699385
-1.449773,-1.589385
-1.499773,-1.479385
-1.499773,-1.359385
-1.579773,-1.249385
-1.599773,-1.139385
-1.549773,-1.029385
-1.549773,-0.9193847
-1.549773,-0.8093848
-1.549773,-0.7093847
-1.579773,-0.5993847
-1.549773,-0.5093848
-1.549773,-0.3993848
-1.499773,-0.3093848
-1.499773,-0.2093848
-1.449773,-0.1193848
-1.379773,-0.02938477
-1.349773,0.05061523
-1.299773,0.1406152
9.700227,-6.399384
9.350226,-6.559385
9.000227,-6.709384
8.550227,-6.829385
8.200227,-6.949385
7.800227,-7.039385
7.400227,-7.119385
7.000227,-7.179385
6.600227,-7.219385
6.200227,-7.249384
5.800227,-7.269384
5.400227,-7.269384
5.000227,-7.249384
4.650227,-7.219385
4.200227,-7.179385
3.850227,-7.129385
3.500227,-7.059385
3.150227,-6.989385
2.800227,-6.899384
2.400227,-6.799385
2.100227,-6.689384
1.800227,-6.579385
1.400227,-6.449385
1.100227,-6.319385
0.800227,-6.179385
0.500227,-6.029385
0.2002271,-5.879385
0.00022705078,-5.719385
-0.2997729,-5.549385
-0.5497729,-5.379385
-0.7997729,-5.199385
-0.9997729,-5.019385
-1.199773,-4.829385
-1.399773,-4.639385
-1.599773,-4.439384
-1.749773,-4.239385
-1.899773,-4.039385
-2.049773,-3.829385
-2.199773,-3.619385
-2.349773,-3.409385
-2.499773,-3.189385
-2.549773,-2.979385
-2.699773,-2.759385
-2.749773,-2.539385
-2.799773,-2.319385
-2.849773,-2.099385
-2.899773,-1.879385
-2.899773,-1.669385
-2.899773,-1.449385
-2.899773,-1.239385
-2.899773,-1.029385
-2.899773,-0.8193848
-2.799773,-0.6193848
-2.799773,-0.4293848
-2.699773,-0.2293848
-2.699773,-0.04938477
-2.599773,0.1406152
-2.549773,0.3106152
-2.399773,0.4806152
-2.349773,0.6506152
-2.199773,0.8106152
-2.149773,0.9606152
-1.999773,1.100615
-1.899773,1.240615
-1.799773,1.380615
-1.649773,1.500615
-1.499773,1.620615
-1.399773,1.730615
13.20023,-10.43938
12.55023,-10.62938
11.95023,-10.79938
11.32023,-10.92938
10.70023,-11.01938
10.07023,-11.07938
9.450227,-11.12938
8.850226,-11.12938
8.200227,-11.11938
7.600227,-11.06938
7.000227,-11.00938
6.420227,-10.92938
5.850227,-10.82938
5.220227,-10.69938
4.650227,-10.56938
4.120227,-10.41938
3.550227,-10.24938
3.020227,-10.06938
2.500227,-9.889384
2.000227,-9.679384
1.500227,-9.469384
1.000227,-9.259384
0.550227,-9.029385
0.07022705,-8.799384
-0.3497729,-8.549384
-0.7497729,-8.299384
-1.149773,-8.039385
-1.529773,-7.769384
-1.899773,-7.499384
-2.199773,-7.209384
-2.549773,-6.919384
-2.849773,-6.609385
-3.099773,-6.299385
-3.379773,-5.969385
-3.599773,-5.629385
-3.799773,-5.279385
-3.999773,-4.929385
-4.149773,-4.559385
-4.299773,-4.189384
-4.399773,-3.809385
-4.449773,-3.429385
-4.529773,-3.039385
-4.599773,-2.659385
-4.549773,-2.269385
-4.549773,-1.889385
-4.479773,-1.509385
-4.449773,-1.139385
-4.349773,-0.7793847
-4.199773,-0.4293848
-4.099773,-0.08938476
-3.899773,0.2406152
-3.779773,0.5506153
-3.599773,0.8406152
-3.379773,1.120615
-3.199773,1.380615
-2.979773,1.620615
-2.749773,1.840615
-2.499773,2.050615
-2.299773,2.230615
-2.079773,2.390615
-1.799773,2.550615
-1.579773,2.680615
-1.399773,2.790615
-1.129773,2.900615
-0.949773,3.000615
-0.6797729,3.070615
-0.4997729,3.150615
-0.2797729,3.210615
15.60023,-14.44938
14.80023,-14.69938
14.00023,-14.88938
13.15023,-15.02938
12.30023,-15.10938
11.55023,-15.13938
10.70023,-15.12938
9.950227,-15.07938
9.100226,-14.99938
8.350226,-14.87938
7.600227,-14.73938
6.850227,-14.56938
6.100227,-14.37938
5.350227,-14.16938
4.600227,-13.92938
3.850227,-13.68938
3.100227,-13.41938
2.450227,-13.14938
1.800227,-12.86938
1.150227,-12.56938
0.500227,-12.26938
-0.09977295,-11.95938
-0.5997729,-11.63938
-1.199773,-11.30938
-1.699773,-10.96938
-2.199773,-10.61938
-2.699773,-10.25938
-3.149773,-9.869385
-3.599773,-9.469384
-3.949773,-9.059384
-4.299773,-8.609385
-4.649773,-8.139384
-4.999773,-7.649384
-5.249773,-7.129385
-5.499773,-6.589385
-5.649773,-6.019385
-5.899773,-5.439384
-5.949773,-4.839385
-6.099773,-4.229385
-6.099773,-3.609385
-6.099773,-2.989385
-6.049773,-2.369385
-5.999773,-1.749385
-5.849773,-1.149385
-5.699773,-0.5593848
-5.499773,0.01061523
-5.299773,0.5506153
-4.999773,1.070615
-4.799773,1.550615
-4.499773,2.010615
-4.199773,2.430615
-3.799773,2.820615
-3.499773,3.170615
-3.199773,3.480615
-2.799773,3.760615
-2.499773,4.010615
-2.099773,4.210615
-1.799773,4.380615
-1.499773,4.520615
-1.099773,4.630615
-0.7997729,4.710615
-0.4997729,4.760615
-0.1997729,4.790615
0.1002271,4.800615
0.400227,4.790615
0.650227,4.760615
0.900227,4.730615
1.150227,4.680615
16.90023,-17.74938
15.93023,-18.08938
15.00023,-18.34938
14.05023,-18.50938
13.15023,-18.60938
12.25023,-18.62938
11.35023,-18.58938
10.45023,-18.50938
9.650227,-18.37938
8.750227,-18.21939
7.900227,-18.01938
7.000227,-17.78938
6.150227,-17.53938
5.270227,-17.25938
4.400227,-16.95938
3.620227,-16.62938
2.750227,-16.28938
1.970227,-15.92938
1.200227,-15.55938
0.4502271,-15.16938
-0.249773,-14.77938
-0.8997729,-14.35938
-1.549773,-13.93938
-2.149773,-13.50938
-2.749773,-13.05938
-3.249773,-12.57938
-3.749773,-12.08938
-4.199773,-11.54938
-4.649773,-10.98938
-5.049773,-10.36938
-5.449773,-9.719384
-5.749773,-9.019384
-6.049773,-8.279385
-6.329773,-7.489385
-6.549773,-6.669384
-6.679773,-5.829385
-6.799773,-4.969385
-6.849773,-4.099385
-6.799773,-3.239385
-6.699773,-2.379385
-6.599773,-1.539385
-6.429773,-0.7293847
-6.199773,0.05061523
-5.929773,0.8006152
-5.649773,1.500615
-5.349773,2.170615
-4.999773,2.790615
-4.679773,3.360615
-4.349773,3.870615
-3.979773,4.330615
-3.599773,4.740615
-3.249773,5.100615
-2.899773,5.400615
-2.529773,5.650615
-2.199773,5.860615
-1.829773,6.020615
-1.499773,6.150615
-1.149773,6.260615
-0.8497729,6.320615
-0.4797729,6.370615
-0.1497729,6.390615
0.150227,6.400615
0.4502271,6.370615
0.8502271,6.340615
1.150227,6.290615
1.450227,6.230615
1.750227,6.150615
2.020227,6.090615
17.80023,-20.17938
16.75023,-20.68938
15.80023,-21.07938
14.80023,-21.30938
13.80023,-21.44938
12.90023,-21.47938
12.00023,-21.43938
11.10023,-21.32938
10.20023,-21.16938
9.300227,-20.97938
8.400227,-20.74938
7.500227,-20.49938
6.600227,-20.20938
5.700227,-19.88939
4.700227,-19.54939
3.800227,-19.16938
2.900227,-18.75938
2.000227,-18.31938
1.200227,-17.84938
0.350227,-17.35938
-0.3997729,-16.84938
-1.149773,-16.31938
-1.899773,-15.77938
-2.499773,-15.20938
-3.099773,-14.61938
-3.649773,-13.99938
-4.199773,-13.32938
-4.649773,-12.61938
-5.099773,-11.84938
-5.499773,-11.02938
-5.899773,-10.14938
-6.199773,-9.219384
-6.499773,-8.239385
-6.699773,-7.219385
-6.899773,-6.169384
-6.999773,-5.109385
-6.999773,-4.049385
-6.949773,-3.009385
-6.899773,-1.989385
-6.649773,-1.009385
-6.399773,-0.05938476
-6.099773,0.8406152
-5.799773,1.700615
-5.449773,2.520615
-5.099773,3.290615
-4.649773,4.020615
-4.299773,4.700615
-3.849773,5.320615
-3.399773,5.860615
-2.949773,6.320615
-2.599773,6.700615
-2.149773,6.980615
-1.699773,7.190615
-1.349773,7.330615
-0.9997729,7.420615
-0.5997729,7.460615
-0.2997729,7.480615
0.1002271,7.470615
0.400227,7.450615
0.750227,7.420615
1.100227,7.370615
1.500227,7.300615
1.800227,7.230615
2.150227,7.170615
2.500227,7.100615
2.800227,7.050615
3.100227,7.020615
3.450227,7.010615
19.05023,-21.17938
18.08023,-22.03938
17.05023,-22.69938
16.08023,-23.13938
15.05023,-23.40938
14.07023,-23.50938
13.15023,-23.49938
12.25023,-23.37938
11.35023,-23.21939
10.47023,-23.00938
9.600226,-22.78938
8.700227,-22.53938
7.800227,-22.27938
6.850227,-21.98938
5.900227,-21.67938
4.970227,-21.31938
4.000227,-20.89938
3.070227,-20.42938
2.150227,-19.88939
1.250227,-19.29939
0.400227,-18.66938
-0.4297729,-17.98938
-1.199773,-17.28938
-1.879773,-16.54939
-2.549773,-15.79938
-3.179773,-14.99938
-3.749773,-14.17938
-4.229773,-13.30938
-4.699773,-12.38938
-5.129773,-11.40938
-5.499773,-10.38938
-5.799773,-9.299384
-6.099773,-8.179384
-6.299773,-7.029385
-6.449773,-5.869385
-6.529773,-4.709384
-6.549773,-3.559385
-6.479773,-2.439385
-6.349773,-1.359385
-6.149773,-0.2993848
-5.949773,0.7306152
-5.649773,1.740615
-5.349773,2.710615
-5.029773,3.680615
-4.599773,4.600615
-4.249773,5.470615
-3.799773,6.270615
-3.279773,6.960615
-2.749773,7.550615
-2.279773,8.000615
-1.799773,8.330615
-1.249773,8.560615
-0.7997729,8.690615
-0.3797729,8.760615
0.05022705,8.790615
0.4502271,8.790615
0.8502271,8.770615
1.270227,8.730615
1.650227,8.670615
2.100227,8.600616
2.550227,8.510615
2.920227,8.410615
3.350227,8.300615
3.700227,8.220615
4.100227,8.150615
4.420227,8.120615
4.800227,8.110615
5.220227,8.150615
20.10023,-20.67938
19.35023,-21.95938
18.60023,-22.99938
17.75023,-23.73938
16.90023,-24.24938
16.00023,-24.50938
15.10023,-24.58938
14.25023,-24.51938
13.40023,-24.36938
12.55023,-24.18938
11.70023,-23.98938
10.80023,-23.80938
9.900227,-23.64938
8.950227,-23.48938
8.000227,-23.31938
7.000227,-23.09938
6.000227,-22.80938
5.000227,-22.42938
4.000227,-21.92938
3.100227,-21.31938
2.100227,-20.60938
1.250227,-19.80938
0.400227,-18.93938
-0.3497729,-18.03938
-1.099773,-17.09938
-1.849773,-16.14938
-2.499773,-15.18938
-3.099773,-14.19938
-3.699773,-13.17938
-4.149773,-12.11938
-4.599773,-10.99938
-4.999773,-9.839384
-5.299773,-8.619385
-5.549773,-7.379385
-5.699773,-6.119385
-5.799773,-4.859385
-5.899773,-3.609385
-5.849773,-2.379385
-5.799773,-1.159385
-5.649773,0.05061523
-5.499773,1.260615
-5.299773,2.470615
-5.099773,3.660615
-4.799773,4.840615
-4.399773,5.960615
-4.049773,6.970615
-3.599773,7.860615
-3.099773,8.580615
-2.599773,9.140615
-2.099773,9.540615
-1.599773,9.810615
-1.149773,9.950615
-0.7997729,10.02061
-0.3997729,10.03061
0.00022705078,10.01062
0.300227,9.970615
0.700227,9.940615
1.050227,9.900615
1.500227,9.870615
1.850227,9.840615
2.300227,9.810615
2.750227,9.790615
3.200227,9.760615
3.700227,9.750615
4.200227,9.730615
4.650227,9.730615
5.200227,9.730615
5.700227,9.750615
19.50023,-17.97938
19.33023,-19.51938
19.10023,-20.87938
18.78023,-21.96939
18.40023,-22.83938
17.98023,-23.42938
17.50023,-23.81938
17.02023,-24.01938
16.55023,-24.10938
15.92023,-24.11938
15.30023,-24.09938
14.50023,-24.08938
13.60023,-24.09938
12.67023,-24.12938
11.65023,-24.14938
10.55023,-24.13938
9.400227,-24.06938
8.270226,-23.88938
7.150227,-23.57938
6.120227,-23.10938
5.100227,-22.49938
4.150227,-21.72938
3.200227,-20.86938
2.320227,-19.90938
1.450227,-18.89938
0.620227,-17.84938
-0.1997729,-16.77938
-0.9797729,-15.67938
-1.699773,-14.54938
-2.379773,-13.37938
-2.999773,-12.14938
-3.499773,-10.86938
-3.999773,-9.549384
-4.349773,-8.179384
-4.699773,-6.799385
-4.979773,-5.389385
-5.149773,-3.989385
-5.279773,-2.559385
-5.299773,-1.139385
-5.329773,0.3106152
-5.199773,1.760615
-5.099773,3.200615
-4.949773,4.600615
-4.749773,5.910615
-4.449773,7.090615
-4.199773,8.040615
-3.849773,8.800615
-3.529773,9.280615
-3.199773,9.590615
-2.949773,9.720615
-2.699773,9.770615
-2.499773,9.760615
-2.349773,9.740615
-2.149773,9.750615
-1.949773,9.810615
-1.729773,9.940615
-1.399773,10.14062
-0.9997729,10.41061
-0.4997729,10.69061
0.1002271,10.95061
0.750227,11.14061
1.320227,11.26062
1.950227,11.31061
2.520227,11.31061
3.050227,11.29062
3.550227,11.30062
4.050227,11.33062
4.500227,11.40061
18.60023,-13.67938
18.85023,-15.29938
19.10023,-16.83938
19.25023,-18.23938
19.40023,-19.47938
19.55023,-20.52938
19.70023,-21.41938
19.80023,-22.14938
19.80023,-22.75938
19.75023,-23.25938
19.50023,-23.67938
19.05023,-24.04939
18.40023,-24.36938
17.55023,-24.64938
16.50023,-24.86938
15.35023,-25.01938
14.10023,-25.08938
12.85023,-25.04939
11.60023,-24.87938
10.40023,-24.55938
9.300227,-24.10938
8.250227,-23.49938
7.200227,-22.76938
6.150227,-21.90938
5.100227,-20.94938
4.050227,-19.90938
2.900227,-18.78938
1.850227,-17.58938
0.900227,-16.32938
-0.09977295,-14.99938
-0.8997729,-13.61938
-1.599773,-12.18938
-2.199773,-10.70938
-2.749773,-9.219384
-3.199773,-7.679385
-3.599773,-6.129385
-3.999773,-4.539385
-4.299773,-2.929385
-4.599773,-1.269385
-4.749773,0.4106152
-4.899773,2.080615
-4.899773,3.710615
-4.899773,5.250615
-4.899773,6.610615
-4.799773,7.750615
-4.649773,8.560615
-4.599773,9.100616
-4.449773,9.320615
-4.399773,9.360615
-4.299773,9.260615
-4.299773,9.150615
-4.249773,9.090615
-4.199773,9.110615
-4.049773,9.270615
-3.899773,9.540615
-3.599773,9.950615
-3.299773,10.45061
-2.749773,11.01062
-2.099773,11.53061
-1.499773,11.95061
-0.7997729,12.24061
-0.1997729,12.36061
0.400227,12.38062
0.8502271,12.35061
1.300227,12.32061
1.700227,12.35061
2.100227,12.42062
2.400227,12.55062
19.10023,-9.619385
19.68023,-11.12938
20.15023,-12.64938
20.58023,-14.12938
20.95023,-15.55938
21.28023,-16.88939
21.70023,-18.14938
22.03023,-19.30938
22.35023,-20.40938
22.58023,-21.41938
22.70023,-22.36938
22.70023,-23.26938
22.40023,-24.10938
21.88023,-24.84938
21.15023,-25.49938
20.13023,-25.98938
19.00023,-26.32938
17.82023,-26.47938
16.60023,-26.48938
15.45023,-26.32938
14.35023,-26.04939
13.22023,-25.62938
12.15023,-25.09938
10.92023,-24.40938
9.650227,-23.57938
8.250227,-22.55938
6.800227,-21.37938
5.370227,-20.03938
4.000227,-18.58938
2.770227,-17.06938
1.750227,-15.52938
0.820227,-13.98938
0.05022705,-12.44938
-0.629773,-10.90938
-1.249773,-9.339385
-1.879773,-7.709384
-2.499773,-6.009385
-3.029773,-4.249385
-3.599773,-2.429385
-4.079773,-0.5893847
-4.449773,1.230615
-4.829773,2.970615
-5.149773,4.580615
-5.349773,5.960615
-5.549773,7.100615
-5.649773,7.900615
-5.749773,8.410615
-5.779773,8.610615
-5.699773,8.650615
-5.669773,8.620615
-5.649773,8.630615
-5.479773,8.790615
-5.299773,9.090615
-5.079773,9.560615
-4.799773,10.12062
-4.499773,10.74061
-4.199773,11.36061
-3.829773,11.95061
-3.449773,12.46062
-3.049773,12.82061
-2.599773,13.04062
-2.099773,13.11061
-1.599773,13.08062
-1.149773,13.00062
-0.7497729,12.91061
-0.449773,12.83062
-0.1997729,12.76062
-0.07977295,12.70061
19.40023,-6.139385
20.30023,-7.459384
21.20023,-8.879385
21.95023,-10.35938
22.60023,-11.86938
23.25023,-13.36938
23.80023,-14.85938
24.25023,-16.28938
24.60023,-17.67938
25.00023,-18.99938
25.30023,-20.29939
25.45023,-21.53938
25.40023,-22.77938
25.20023,-23.97938
24.70023,-25.10938
24.00023,-26.08938
23.10023,-26.90938
22.10023,-27.48938
21.10023,-27.87938
20.05023,-28.06938
19.00023,-28.10938
17.90023,-27.97938
16.70023,-27.69938
15.40023,-27.19938
13.90023,-26.46938
12.35023,-25.45938
10.60023,-24.20938
9.000227,-22.73938
7.500227,-21.13939
6.090227,-19.48938
4.900227,-17.85938
3.850227,-16.29939
2.800227,-14.75938
1.850227,-13.21938
0.900227,-11.62938
-0.009772949,-9.939384
-0.8997729,-8.159385
-1.759773,-6.289385
-2.499773,-4.359385
-3.259773,-2.429385
-3.899773,-0.5193847
-4.499773,1.300615
-5.099773,3.010615
-5.549773,4.490615
-5.999773,5.750615
-6.299773,6.650615
-6.399773,7.260615
-6.449773,7.560615
-6.399773,7.690615
-6.249773,7.760615
-6.099773,7.940615
-5.949773,8.340615
-5.799773,8.940615
-5.549773,9.690615
-5.299773,10.49061
-5.149773,11.20061
-4.999773,11.81061
-4.849773,12.24061
-4.699773,12.55062
-4.549773,12.71062
-4.299773,12.79062
-3.899773,12.80062
-3.399773,12.81061
-2.949773,12.83062
-2.499773,12.86061
-2.199773,12.87062
-1.999773,12.83062
-1.849773,12.69061
17.60023,-2.129385
18.78023,-3.249385
20.05023,-4.519385
21.25023,-5.929385
22.45023,-7.459384
23.55023,-9.099384
24.60023,-10.79938
25.50023,-12.50938
26.30023,-14.19938
27.03023,-15.85938
27.65023,-17.49938
28.10023,-19.10938
28.35023,-20.69938
28.43023,-22.21939
28.25023,-23.67938
27.75023,-25.01938
27.10023,-26.24938
26.23023,-27.28938
25.25023,-28.15938
24.23023,-28.80938
23.05023,-29.28938
21.82023,-29.52938
20.50023,-29.53938
18.97023,-29.23938
17.35023,-28.67938
15.75023,-27.80938
14.15023,-26.70938
12.72023,-25.42938
11.35023,-24.05938
10.02023,-22.63938
8.700227,-21.18938
7.350227,-19.68938
5.900227,-18.11938
4.490227,-16.43938
3.100227,-14.64938
1.770227,-12.73938
0.6002271,-10.74938
-0.4297729,-8.709385
-1.299773,-6.669384
-2.109773,-4.669384
-2.799773,-2.719385
-3.559773,-0.8293847
-4.249773,0.9906152
-4.879773,2.680615
-5.499773,4.190615
-5.979773,5.350615
-6.199773,6.200615
-6.199773,6.720615
-6.049773,7.040615
-5.879773,7.270615
-5.699773,7.550615
-5.549773,8.060615
-5.499773,8.780615
-5.499773,9.660615
-5.449773,10.51062
-5.399773,11.21062
-5.349773,11.71062
-5.299773,11.99061
-5.149773,12.14061
-4.979773,12.20061
-4.699773,12.23061
-4.399773,12.29062
-4.049773,12.38062
-3.699773,12.55062
-3.399773,12.75062
-3.329773,12.94061
-3.299773,13.04062
-3.449773,12.97062
15.40023,1.580615
16.80023,0.9406152
18.30023,0.1906152
19.85023,-0.7593848
21.50023,-1.919385
23.05023,-3.369385
24.60023,-5.069385
26.05023,-7.029385
27.40023,-9.149384
28.55023,-11.37938
29.60023,-13.61938
30.35023,-15.81938
31.00023,-17.95938
31.35023,-19.98938
31.50023,-21.90938
31.45023,-23.65938
31.20023,-25.26938
30.65023,-26.69938
29.90023,-27.93938
28.95023,-28.93938
27.80023,-29.71938
26.25023,-30.18938
24.50023,-30.38938
22.70023,-30.27938
20.90023,-29.94938
19.30023,-29.43938
17.90023,-28.81938
16.60023,-28.10938
15.30023,-27.30938
13.90023,-26.34938
12.40023,-25.17938
10.60023,-23.69938
8.700227,-21.95938
6.890227,-19.95938
5.100227,-17.79939
3.540227,-15.53938
2.200227,-13.24938
1.040227,-11.01938
0.1002271,-8.859385
-0.6597729,-6.839385
-1.399773,-4.909385
-2.109773,-3.029385
-2.799773,-1.139385
-3.609773,0.7506152
-4.399773,2.550615
-4.999773,4.050615
-5.399773,5.200615
-5.549773,5.910615
-5.499773,6.400615
-5.349773,6.770615
-5.199773,7.170615
-5.049773,7.760615
-4.999773,8.530615
-5.099773,9.430615
-5.199773,10.29062
-5.299773,10.95061
-5.399773,11.44061
-5.399773,11.74061
-5.299773,11.97062
-4.999773,12.15061
-4.699773,12.32061
-4.299773,12.46062
-3.999773,12.57061
-3.849773,12.64061
-3.799773,12.69061
-3.999773,12.71062
-4.399773,12.68062
-4.899773,12.53061
14.60023,4.960615
16.15023,4.710615
17.80023,4.250615
19.48023,3.530615
21.25023,2.580615
23.00023,1.340615
24.80023,-0.1393848
26.45023,-1.889385
28.05023,-3.849385
29.45023,-5.989385
30.70023,-8.279385
31.81023,-10.67938
32.70023,-13.16938
33.36023,-15.71938
33.80023,-18.26938
34.06023,-20.73938
34.10023,-23.06938
33.95023,-25.16938
33.65023,-27.03938
33.05023,-28.59938
32.20023,-29.84938
30.98023,-30.68938
29.50023,-31.20938
27.80023,-31.39938
26.05023,-31.40938
24.42023,-31.29938
22.85023,-31.12938
21.30023,-30.90938
19.60023,-30.55938
17.67023,-29.88938
15.55023,-28.81938
13.27023,-27.24938
11.00023,-25.30938
8.990227,-23.04939
7.150227,-20.65938
5.520227,-18.18938
4.100227,-15.70938
2.870227,-13.28938
1.800227,-10.94938
0.990227,-8.819385
0.250227,-6.849385
-0.4097729,-5.009385
-1.099773,-3.179385
-1.859773,-1.269385
-2.649773,0.6906152
-3.379773,2.530615
-3.999773,4.080615
-4.299773,5.130615
-4.449773,5.820615
-4.479773,6.200615
-4.499773,6.520615
-4.479773,6.980615
-4.599773,7.630615
-4.699773,8.510615
-4.849773,9.480615
-5.049773,10.39062
-5.199773,11.16061
-5.329773,11.72062
-5.299773,12.13062
-5.099773,12.44061
-4.799773,12.66061
-4.399773,12.77061
-4.049773,12.73061
-3.899773,12.51062
-3.899773,12.19061
-4.169773,11.83062
-4.649773,11.48061
-5.249773,11.18062
15.30023,8.420615
16.90023,8.190615
18.50023,7.620615
20.15023,6.720615
21.90023,5.600615
23.60023,4.200615
25.40023,2.580615
27.15023,0.7306152
28.70023,-1.249385
30.10023,-3.289385
31.30023,-5.349385
32.50023,-7.469385
33.60023,-9.709385
34.56023,-12.14938
35.30023,-14.74938
35.66022,-17.45938
35.80023,-20.16938
35.81023,-22.76938
35.70023,-25.25938
35.45023,-27.55938
35.00023,-29.63938
34.30023,-31.31938
33.40023,-32.59938
32.30023,-33.40939
31.00023,-33.91938
29.60023,-34.15939
28.00023,-34.24939
26.20023,-34.16938
24.00023,-33.83938
21.50023,-33.08938
18.80023,-31.87938
16.19023,-30.16938
13.80023,-28.09938
11.64023,-25.78938
9.700227,-23.35938
7.940227,-20.83938
6.400227,-18.23938
4.940227,-15.60938
3.700227,-13.02938
2.690227,-10.66938
1.900227,-8.579385
1.200227,-6.789385
0.500227,-5.099385
-0.259773,-3.319385
-1.099773,-1.379385
-1.859773,0.6906152
-2.499773,2.670615
-2.899773,4.250615
-3.099773,5.350615
-3.249773,5.830615
-3.299773,5.980615
-3.449773,6.090615
-3.699773,6.410615
-3.999773,7.160615
-4.299773,8.260615
-4.599773,9.590615
-4.799773,10.87062
-4.849773,11.82061
-4.799773,12.42062
-4.749773,12.67062
-4.599773,12.75062
-4.399773,12.69061
-4.099773,12.53061
-3.949773,12.14061
-3.799773,11.60061
-3.899773,10.95061
-4.099773,10.32061
-4.499773,9.820615
16.55023,11.98061
18.60023,11.77061
20.70023,11.25062
22.98023,10.43062
25.25023,9.320615
27.63023,7.820615
29.90023,5.970615
31.83023,3.740615
33.45023,1.280615
34.66022,-1.289385
35.60023,-3.889385
36.51023,-6.489385
37.30023,-9.099384
37.83023,-11.68938
38.00023,-14.19938
37.78023,-16.49938
37.40023,-18.62938
37.15023,-20.69938
37.00023,-22.86938
36.93023,-25.21939
36.70023,-27.68938
36.23022,-30.16938
35.55023,-32.48938
34.70023,-34.40939
33.80023,-35.90939
32.73022,-36.84938
31.30023,-37.35938
29.45023,-37.34938
27.20023,-36.91938
24.65023,-36.00938
22.15023,-34.72939
19.77023,-33.08938
17.50023,-31.18938
15.34023,-29.02938
13.20023,-26.64938
10.99023,-24.00938
9.000227,-21.17938
7.270227,-18.21939
5.800227,-15.28938
4.590227,-12.64938
3.650227,-10.34938
2.800227,-8.499385
2.050227,-6.859385
1.270227,-5.179385
0.4502271,-3.269385
-0.359773,-1.029385
-1.049773,1.300615
-1.529773,3.370615
-1.799773,4.950615
-1.829773,5.690615
-1.749773,5.810615
-1.669773,5.530615
-1.749773,5.320615
-2.029773,5.670615
-2.449773,6.660615
-2.929773,8.280615
-3.299773,9.990615
-3.449773,11.32061
-3.499773,12.11061
-3.429773,12.28061
-3.449773,12.16061
-3.499773,11.90061
-3.499773,11.63062
-3.419773,11.29062
-3.299773,10.84062
-3.249773,10.23061
-3.199773,9.510615
-3.069773,8.850616
17.60023,14.87062
20.05023,14.90061
22.70023,14.60061
25.30023,13.88062
27.90023,12.74061
30.45023,11.11061
32.90023,9.130615
34.95023,6.830615
36.70023,4.360615
38.31023,1.720615
39.70023,-1.089385
40.86023,-4.079385
41.80022,-7.159385
42.46022,-10.17938
42.70022,-13.07938
42.31022,-15.74938
41.60022,-18.17938
40.80022,-20.35938
40.20023,-22.48938
39.75023,-24.73938
39.30022,-27.06938
38.56023,-29.51938
37.70023,-32.04939
36.75023,-34.52938
35.70023,-36.75938
34.55023,-38.44938
33.10023,-39.55938
31.25023,-39.88939
29.10023,-39.65939
27.00023,-38.90939
25.10023,-37.87938
23.20023,-36.55938
21.30023,-34.96938
19.04023,-32.93938
16.60023,-30.49938
14.14023,-27.60938
11.80023,-24.41938
9.690227,-21.04939
8.000227,-17.71939
6.590227,-14.69938
5.500227,-12.10938
4.490227,-10.06938
3.700227,-8.339385
3.000227,-6.689384
2.300227,-4.819385
1.640227,-2.589385
1.000227,-0.1393848
0.390227,2.240615
0.00022705078,4.220615
-0.1997729,5.340615
-0.1997729,5.690615
0.1002271,5.350615
0.400227,4.880615
0.500227,4.870615
0.300227,5.580615
-0.09977295,7.140615
-0.5997729,8.980615
-0.9997729,10.50062
-1.299773,11.42062
-1.449773,11.58062
-1.599773,11.34062
-1.749773,10.98061
-1.899773,10.71062
-1.999773,10.53061
-1.999773,10.35061
-1.799773,10.01062
-1.499773,9.510615
-1.149773,8.890615
17.85023,19.17061
20.32023,19.87062
22.85023,20.02061
25.35023,19.40062
27.95023,18.09061
30.46023,15.97061
32.70023,13.31061
34.61023,10.39062
36.15023,7.450615
37.58023,4.550615
39.05022,1.590615
40.51023,-1.479385
41.75023,-4.649384
42.68023,-7.769384
43.40022,-10.78938
44.18023,-13.79938
44.80022,-16.98938
44.86022,-20.30938
44.35022,-23.48938
43.31022,-26.30938
42.10022,-28.79939
40.83023,-30.93938
39.55022,-32.99939
38.35023,-35.13939
37.00023,-37.28938
35.55023,-39.17938
33.95023,-40.67938
32.23022,-41.55938
30.40023,-41.93938
28.67023,-41.77938
27.00023,-41.24938
25.45023,-40.27938
23.65023,-38.87938
21.67023,-36.87938
19.35023,-34.36938
16.87023,-31.29938
14.45023,-27.81938
12.19023,-24.00938
10.30023,-20.17938
8.820227,-16.70938
7.650227,-13.72938
6.640227,-11.40938
5.850227,-9.459385
5.200227,-7.689384
4.700227,-5.819385
4.270227,-3.699385
3.850227,-1.379385
3.370227,0.9506152
2.900227,3.040615
2.470227,4.470615
2.150227,5.200615
2.050227,5.140615
2.100227,4.800615
2.270227,4.670615
2.350227,5.080615
2.170227,6.240615
1.800227,7.750615
1.270227,9.170615
0.800227,10.13062
0.400227,10.38062
0.2002271,10.24061
0.08022705,10.01062
0.05022705,9.920615
0.07022705,10.03061
0.1002271,10.19061
0.250227,10.27061
0.500227,10.25062
0.900227,10.14062
16.70023,23.64062
18.85023,24.74061
21.10023,25.00061
23.55023,24.32061
26.40023,22.89062
29.46023,20.45061
32.30023,17.30062
34.21023,13.67062
35.40023,9.950615
36.01023,6.390615
36.70023,3.080615
37.71023,0.00061523437
38.90023,-3.139385
40.01023,-6.519384
40.70023,-9.939384
41.66022,-13.07938
43.00023,-16.11938
44.21022,-19.26938
44.70022,-22.43938
44.16022,-25.32938
43.20022,-27.98938
42.30022,-30.39938
41.40022,-32.67938
40.30022,-34.94938
38.80022,-37.22939
36.95023,-39.33938
35.00023,-41.11938
33.10023,-42.39938
31.40023,-43.25938
29.80023,-43.62938
28.20023,-43.55938
26.50023,-42.87938
24.80023,-41.68938
22.99023,-39.84938
21.10023,-37.47939
19.04023,-34.45938
16.80023,-30.90938
14.64023,-26.81938
12.70023,-22.58938
11.29023,-18.70938
10.10023,-15.35938
9.090227,-12.72938
8.300227,-10.48938
7.640227,-8.429384
7.200227,-6.369385
6.940227,-4.229385
6.900227,-2.049385
6.690227,0.02061523
6.400227,1.890615
5.900227,3.290615
5.400227,4.210615
4.850227,4.510615
4.400227,4.480615
4.200227,4.430615
4.000227,4.700615
3.850227,5.490615
3.500227,6.610615
3.000227,7.820615
2.500227,8.770615
2.150227,9.180615
2.000227,9.190615
2.000227,9.040615
2.100227,9.010615
2.200227,9.190615
2.200227,9.480615
2.100227,9.780615
2.000227,10.08062
2.250227,10.45061
14.80023,26.57061
16.92023,27.15061
19.30023,26.68061
21.73023,25.31062
24.35023,23.52061
27.25023,21.39062
30.20023,18.85061
32.63023,15.62062
34.15023,11.87062
34.43023,8.020615
34.35023,4.520615
34.78023,1.570615
35.90023,-1.229385
37.31023,-4.239385
38.20023,-7.549385
38.61023,-10.84938
39.30022,-14.00938
40.58023,-17.29939
41.75023,-20.82938
41.96022,-24.15938
41.70022,-27.12938
41.63022,-29.90938
41.75023,-32.70938
41.71022,-35.48938
40.85023,-38.12938
39.03023,-40.32938
36.70023,-42.00938
34.30023,-43.01938
32.25023,-43.60938
30.45023,-43.86938
28.80023,-43.90939
27.17023,-43.55938
25.55023,-42.75938
23.99023,-41.27938
22.50023,-39.19938
20.82023,-36.39938
19.05023,-33.02938
17.16023,-29.08938
15.50023,-24.92938
14.11023,-20.93938
12.90023,-17.34938
11.74023,-14.35938
10.70023,-11.66938
9.940227,-9.169385
9.500227,-6.719385
9.340227,-4.369385
9.400227,-2.169385
9.450227,-0.2993848
9.350226,1.220615
9.000227,2.270615
8.500227,2.970615
7.950227,3.320615
7.350227,3.510615
6.870227,3.720615
6.400227,4.100615
6.050227,4.760615
5.500227,5.610615
4.850227,6.650615
4.300227,7.680615
4.170227,8.340615
4.350227,8.510615
4.550227,8.300615
4.700227,8.050615
4.670227,7.970615
4.550227,8.080615
4.200227,8.470615
3.950227,9.060615
4.070227,9.860615
13.80023,28.05062
16.20023,28.31062
18.90023,27.57061
21.50023,25.81062
23.60023,23.57061
25.56023,21.13062
27.60023,18.62062
29.91023,15.86061
31.50023,12.67062
31.51023,9.110615
30.70023,5.690615
30.51023,2.700615
31.40023,-0.1293848
33.01023,-3.019385
34.20023,-6.119385
34.36023,-9.529385
34.30023,-13.14938
35.16022,-17.17938
36.60023,-21.60938
37.21023,-25.96938
36.90023,-29.60938
36.75023,-32.29939
37.40023,-34.68938
38.45023,-37.17938
39.10023,-39.71938
38.55022,-41.97939
37.10023,-43.66938
34.95023,-44.36938
32.70023,-44.34938
30.80023,-43.90939
29.20023,-43.51938
27.70023,-43.27938
26.30023,-42.87938
24.95023,-41.83938
23.70023,-40.10938
22.49023,-37.57938
21.30023,-34.52938
19.94023,-31.01938
18.60023,-27.23938
17.09023,-23.34938
15.70023,-19.58938
14.29023,-16.17938
13.10023,-12.99938
12.24023,-9.989385
11.80023,-7.079385
11.69023,-4.439384
11.70023,-2.169385
11.65023,-0.4993848
11.40023,0.7506152
11.00023,1.560615
10.60023,2.100615
10.30023,2.450615
9.900227,2.730615
9.600226,3.020615
9.300227,3.400615
8.850226,3.950615
8.400227,4.670615
7.650227,5.660615
7.100227,6.820615
6.900227,7.700615
7.000227,8.010615
7.250227,7.690615
7.400227,7.220615
7.200227,6.940615
6.900227,7.030615
6.650227,7.680615
6.600227,8.740615
7.100227,10.11061
13.95023,28.44061
16.00023,29.13062
18.40023,28.85061
20.68023,27.23061
22.30023,24.65061
23.16023,21.47062
23.95023,18.36061
25.31023,15.56061
26.70023,12.76062
27.08023,9.570615
26.35023,6.060615
25.46023,2.460615
25.30023,-1.019385
26.01023,-4.129385
26.75023,-6.889385
27.26023,-9.569385
27.90023,-12.64938
29.23023,-16.55939
30.60023,-21.01938
30.86023,-25.36938
30.10023,-28.99938
29.30023,-31.48938
29.35023,-33.40939
30.68023,-35.47939
32.30023,-38.19938
33.38023,-41.34938
33.65023,-44.11938
32.73022,-45.46938
31.25023,-45.40938
29.80023,-44.19938
28.60023,-42.92938
27.60023,-42.21938
26.50023,-41.84938
25.40023,-41.25938
24.45023,-40.08938
23.74023,-38.13939
23.10023,-35.64938
22.34023,-32.63939
21.30023,-29.25938
19.97023,-25.52938
18.40023,-21.71939
16.92023,-18.03938
15.65023,-14.47938
14.79023,-11.02938
14.35023,-7.689384
14.22023,-4.829385
14.10023,-2.599385
13.70023,-1.149385
13.00023,-0.07938477
12.35023,0.8506152
11.90023,1.700615
11.95023,2.370615
12.25023,2.790615
12.47023,2.950615
12.65023,3.010615
12.52023,3.160615
12.20023,3.590615
11.57023,4.520615
10.90023,5.740615
10.40023,6.790615
10.20023,7.260615
10.10023,7.000615
9.900227,6.530615
9.570227,6.410615
9.250227,6.910615
9.350226,8.190615
9.850226,9.870615
10.90023,11.68062
14.40023,28.74061
15.70023,29.47062
17.30023,29.24061
18.95023,27.68061
19.90023,25.12062
20.11023,21.80062
20.20023,18.42061
20.76023,15.28061
21.70023,12.17062
22.11023,8.730615
21.70023,5.050615
20.71023,1.380615
19.90023,-2.039385
19.46023,-4.929385
19.10023,-7.239385
19.55023,-9.199385
20.70023,-11.52938
22.71023,-14.75938
24.40023,-18.57938
24.76023,-22.37938
24.40023,-25.43938
23.95023,-27.77938
23.80023,-30.07938
24.41023,-32.61938
25.50023,-35.58938
26.66023,-39.16938
27.50023,-42.63939
27.75023,-44.75938
27.50023,-45.18938
27.20023,-43.89938
27.00023,-42.06939
26.80023,-40.64938
26.30023,-39.88939
25.50023,-39.56939
24.80023,-39.04939
24.40023,-37.85938
24.10023,-36.01938
23.89023,-33.42938
23.30023,-30.35938
22.39023,-26.92938
21.20023,-23.36938
19.84023,-19.75938
18.60023,-16.06938
17.79023,-12.26938
17.30023,-8.579385
17.14023,-5.579385
17.00023,-3.459385
16.35023,-2.199385
15.40023,-1.109385
14.60023,0.2106152
14.20023,1.690615
14.60023,2.920615
15.30023,3.640615
16.15023,3.670615
16.70023,3.300615
16.95023,2.790615
16.80023,2.570615
16.15023,3.080615
15.20023,4.180615
14.45023,5.430615
13.90023,6.280615
13.60023,6.420615
13.40023,6.290615
13.15023,6.470615
13.00023,7.290615
13.25023,8.880615
14.00023,10.81061
15.15023,12.73061
15.20023,28.29062
15.75023,28.50061
16.65023,27.77061
17.28023,25.92061
17.30023,23.32061
16.76023,20.28061
16.40023,17.32062
17.01023,14.50062
18.15023,11.38062
18.63023,7.560615
17.95023,3.480615
16.66023,-0.04938477
15.60023,-2.759385
14.88023,-4.879385
13.95023,-6.849385
13.58023,-8.869385
14.15023,-11.29938
15.73023,-14.46938
17.25023,-18.06938
18.38023,-21.77938
19.10023,-25.06938
19.83023,-27.27938
20.40023,-29.02938
20.33023,-31.15938
20.00023,-33.62938
19.91023,-36.28938
20.30023,-39.07938
21.05023,-41.37938
21.85023,-42.49938
22.75023,-41.86938
23.75023,-40.33938
24.65023,-38.66938
25.30023,-37.55938
25.32023,-37.20938
25.05023,-37.02938
24.72023,-36.34938
24.70023,-34.99939
24.89023,-32.85938
25.00023,-30.28938
24.69023,-27.45938
24.00023,-24.43938
22.97023,-21.04939
21.95023,-17.29939
21.29023,-13.29938
20.90023,-9.499385
20.72023,-6.559385
20.55023,-4.529385
19.97023,-3.209385
19.35023,-1.919385
18.80023,-0.2693848
18.65023,1.530615
18.95023,3.050615
19.50023,4.000615
20.22023,4.150615
20.90023,3.710615
21.43023,2.810615
21.60023,1.940615
21.22023,1.680615
20.40023,2.200615
19.37023,3.460615
18.60023,4.850615
18.25023,5.900615
18.30023,6.660615
18.55023,7.440615
18.85023,8.460615
19.30023,9.810615
19.80023,11.28061
20.30023,12.76062
16.00023,26.54062
15.90023,26.22062
16.10023,25.28061
16.15023,23.47062
15.40023,21.04062
14.11023,18.26061
13.40023,15.60061
14.16023,13.08062
15.50023,10.22062
16.01023,6.560615
15.10023,2.540615
13.36023,-0.9493847
12.10023,-3.449385
11.50023,-5.279385
10.70023,-7.189384
9.760227,-9.429384
9.600226,-12.06938
10.31023,-15.10938
11.20023,-18.35938
12.01023,-21.62938
13.00023,-24.68938
13.70023,-27.07938
14.20023,-28.77938
14.35023,-30.34938
14.00023,-32.08938
13.65023,-33.88939
13.70023,-35.94938
14.45023,-38.03938
15.70023,-39.29939
17.30023,-38.98938
19.20023,-37.83938
21.35023,-36.45938
23.30023,-35.51938
24.55023,-35.21938
24.90023,-35.10938
24.90023,-34.58938
25.20023,-33.55938
25.95023,-31.96938
26.50023,-30.02938
26.64023,-27.69938
26.40023,-24.91938
25.84023,-21.47938
25.40023,-17.65938
25.09023,-13.78938
24.90023,-10.28938
24.64023,-7.579385
24.30023,-5.459384
24.05023,-3.709385
24.00023,-1.949385
24.05023,-0.1993848
24.20023,1.390615
24.30023,2.580615
24.30023,3.400615
24.45023,3.690615
24.70023,3.530615
25.05023,2.850615
25.50023,1.910615
25.85023,1.090615
25.70023,0.8106152
25.00023,1.520615
24.10023,2.950615
23.55023,4.720615
23.30023,6.460615
23.45023,8.160615
24.00023,9.800615
24.75023,11.25062
25.40023,12.43062
25.95023,13.40061
16.60023,24.05062
15.88023,23.68061
15.60023,22.81062
14.95023,21.15062
13.55023,18.94061
12.03023,16.38062
11.55023,13.85061
12.68023,11.32061
14.15023,8.500615
14.36023,5.070615
13.00023,1.350615
10.91023,-1.989385
9.250227,-4.559385
8.280227,-6.569385
7.350227,-8.689384
6.430227,-11.07938
5.750227,-13.56938
5.500227,-15.98938
5.400227,-18.42938
5.480227,-21.07938
5.650227,-23.84938
5.750227,-26.37938
5.650227,-28.40938
5.530227,-30.03938
5.650227,-31.40938
5.930227,-32.49939
6.300227,-33.73938
7.180227,-34.93938
8.750227,-35.51938
11.22023,-35.15939
14.35023,-34.40939
17.70023,-33.58938
20.75023,-32.94938
22.72023,-32.54939
23.95023,-32.17938
24.67023,-31.53938
25.75023,-30.65938
26.92023,-29.55938
27.90023,-28.20938
28.49023,-26.19938
28.85023,-23.53938
29.14023,-20.26938
29.25023,-16.90938
29.12023,-13.74938
28.85023,-10.88938
28.49023,-8.329385
28.15023,-5.849385
28.07023,-3.389385
28.40023,-1.119385
29.02023,0.5506153
29.40023,1.650615
29.35023,2.300615
29.15023,2.790615
29.02023,2.990615
28.80023,2.890615
28.40023,2.650615
28.30023,2.380615
28.85023,1.970615
29.60023,1.430615
29.67023,1.270615
29.15023,1.920615
28.54023,3.570615
28.25023,5.630615
28.39023,7.820615
28.95023,9.900615
29.92023,11.80062
31.10023,13.52061
32.25023,14.95061
16.50023,21.75061
15.60023,21.83061
15.00023,21.27061
13.85023,19.54062
11.80023,17.12062
10.21023,14.51062
10.10023,12.11061
11.85023,9.760615
13.60023,7.010615
13.61023,3.450615
12.00023,-0.4693848
9.560226,-3.859385
7.100227,-6.319385
5.050227,-8.239385
3.400227,-10.40938
2.650227,-12.78938
2.300227,-14.78938
1.550227,-16.21939
0.2002271,-17.79939
-1.239773,-20.12938
-2.299773,-22.73938
-2.949773,-25.03938
-3.399773,-26.63938
-3.749773,-27.59938
-3.599773,-28.25938
-2.599773,-28.55938
-1.099773,-28.83938
1.000227,-29.16938
3.600227,-29.36938
6.850227,-29.23938
10.50023,-28.94938
14.20023,-28.51938
17.50023,-27.99938
20.20023,-27.39938
22.50023,-26.82938
24.70023,-26.24938
27.00023,-25.77938
29.15023,-25.41938
30.80023,-24.86938
31.90023,-23.52938
32.80023,-21.42938
33.29023,-18.79939
33.40023,-16.15938
33.09023,-13.60938
32.80023,-11.08938
32.64022,-8.599384
32.40023,-6.009385
32.44023,-3.369385
32.80023,-0.9693847
33.35023,0.6806152
33.60023,1.720615
33.45023,2.360615
33.50023,2.760615
33.80023,2.720615
33.60023,2.470615
32.45023,2.560615
31.40023,3.090615
31.65023,3.580615
32.70023,3.490615
33.40023,2.990615
33.40023,3.030615
33.30023,4.290615
34.00023,6.270615
35.29023,8.390615
36.70023,10.20061
37.55022,11.90061
38.20023,13.85061
39.14022,16.07062
15.65023,20.83061
14.65023,21.34061
14.00023,20.98062
13.00023,19.05062
11.10023,16.09061
9.260227,12.98061
8.900227,10.60061
10.60023,8.880615
12.50023,6.680615
12.96023,2.870615
11.85023,-2.019385
9.310226,-6.439384
6.300227,-9.209385
3.150227,-10.70938
0.700227,-12.59938
-0.3697729,-15.19938
-0.7997729,-17.37938
-1.869773,-18.30939
-3.949773,-18.93938
-5.969773,-20.25938
-7.399773,-21.98938
-8.099772,-23.42938
-8.649773,-24.08938
-8.699773,-24.04939
-7.799773,-23.78938
-6.149773,-23.24938
-4.099773,-22.71939
-1.729773,-22.28938
0.900227,-21.85938
3.950227,-21.34938
7.350227,-20.84938
10.90023,-20.30938
14.60023,-19.85938
18.32023,-19.63939
22.15023,-19.68938
26.05023,-20.04939
29.90023,-20.70938
33.18023,-21.52938
35.50023,-21.98938
36.75023,-21.29939
37.65023,-19.65938
38.12023,-17.42938
38.05022,-15.16938
37.89022,-12.87938
38.25023,-10.59938
38.67023,-8.549384
38.65023,-6.499384
38.19023,-4.129385
38.15023,-1.719385
38.30022,0.3106152
38.40023,1.810615
38.57022,2.550615
38.95023,2.700615
39.30022,2.390615
38.95023,2.110615
37.55022,2.400615
36.30023,3.170615
36.40023,3.820615
37.40023,3.970615
38.07022,3.920615
38.20023,4.340615
38.50023,5.790615
39.80022,7.850615
41.97022,10.03061
43.85022,11.86061
44.50023,13.48061
44.45022,15.35061
44.89022,17.79062
13.90023,20.99061
13.10023,21.57061
12.60023,21.19061
12.20023,19.35061
11.10023,16.27061
9.210227,12.55062
8.100226,9.650615
9.000227,8.160615
10.70023,6.570615
11.76023,2.950615
11.50023,-2.649385
9.710227,-8.589385
6.700227,-12.56938
3.000227,-14.05938
-0.1997729,-15.38938
-1.889773,-17.72938
-2.899773,-19.98938
-4.649773,-20.74938
-7.499773,-20.94938
-9.549772,-21.77938
-10.69977,-22.94938
-11.14977,-23.67938
-11.29977,-23.32938
-10.69977,-22.09938
-9.599772,-20.75938
-8.299773,-19.29939
-6.599773,-17.98938
-4.599773,-16.61938
-2.099773,-15.01938
1.250227,-13.62938
5.200227,-12.48938
9.500227,-11.41938
14.10023,-10.65938
19.05023,-10.57938
24.00023,-11.09938
28.90023,-12.27938
33.60023,-13.91938
37.50023,-15.76938
40.10023,-17.19938
41.65022,-17.33938
43.00023,-16.49938
43.95022,-15.12938
44.10022,-13.70938
44.10022,-12.12938
44.80022,-10.50938
45.20022,-9.079385
44.60022,-7.289384
43.49022,-4.609385
42.90022,-1.569385
43.19022,1.080615
43.90022,2.770615
44.70022,3.060615
45.30022,2.570615
45.20022,1.900615
44.10022,1.630615
42.60022,2.010615
41.70022,2.560615
42.00023,2.810615
42.80022,2.880615
43.25023,3.260615
43.20022,4.210615
43.29022,5.980615
44.40022,8.190615
46.39022,10.36061
48.10022,12.31061
48.69022,14.50062
49.20022,17.25061
50.69022,20.35061
11.85023,20.70061
11.85023,20.96062
11.70023,20.46062
11.43023,19.38062
10.90023,17.38062
9.710227,13.81061
8.500227,10.00062
8.430227,7.360615
9.300227,5.370615
10.36023,2.360615
10.90023,-2.699385
10.19023,-9.489385
8.150227,-15.25938
4.650227,-17.65938
1.000227,-18.32938
-1.619773,-19.21939
-3.449773,-20.37938
-5.699773,-20.36938
-8.899773,-20.17938
-10.94977,-21.08938
-11.89977,-21.97938
-12.54977,-21.66938
-12.74977,-20.18938
-12.67977,-18.27938
-12.19977,-16.24938
-10.72977,-14.18938
-8.749773,-12.29938
-5.879773,-9.969384
-2.049773,-7.639385
2.570227,-5.859385
7.500227,-4.169384
12.97023,-2.489385
18.80023,-1.359385
24.70023,-1.139385
30.45023,-1.709385
35.85023,-3.119385
40.90023,-5.169384
44.98022,-7.769384
47.70022,-10.41938
49.05022,-12.28938
49.95022,-13.20938
50.40022,-13.20938
49.90022,-12.71938
49.20022,-11.66938
49.30022,-10.46938
49.20022,-9.119385
47.95022,-7.089385
46.69022,-4.039385
46.65022,-0.8293847
47.70022,1.430615
48.75023,2.590615
49.80022,2.580615
50.50023,1.890615
50.10022,1.260615
48.85022,1.180615
47.55022,1.720615
46.95022,2.400615
47.42022,2.970615
48.30022,3.460615
48.75023,4.020615
48.60022,5.080615
49.07022,7.320615
51.10022,9.930615
53.70022,11.71062
55.05022,13.14061
55.27022,15.81061
56.35022,19.50061
58.74022,22.70061
11.20023,20.07061
12.25023,20.17061
12.50023,19.59061
11.55023,19.01061
10.70023,18.06062
10.11023,15.26062
9.600226,11.08062
9.310226,6.900615
9.500227,3.600615
10.01023,0.7306152
10.50023,-3.219385
10.61023,-9.669385
9.700227,-16.74938
7.100227,-20.75938
3.500227,-21.37938
-0.04977295,-20.76938
-2.699773,-20.76938
-4.949773,-20.23938
-7.499773,-19.39938
-9.149773,-19.49938
-9.999773,-19.47938
-10.34977,-18.35938
-10.69977,-16.54939
-10.94977,-14.30938
-10.09977,-11.93938
-8.299773,-9.919385
-6.099773,-7.239385
-2.059773,-3.419385
2.900227,-0.3693848
8.250227,1.790615
14.00023,4.080615
20.60023,6.100615
27.70023,7.210615
34.70023,7.160615
41.30022,6.230615
47.40022,4.430615
52.80022,2.000615
57.26022,-1.019385
60.30022,-4.409385
61.60022,-7.789384
61.70022,-10.55938
60.95022,-12.11938
59.20022,-12.58938
57.35022,-11.95938
56.50023,-10.93938
55.65022,-9.429384
54.00023,-7.239385
52.99022,-4.579385
53.30022,-2.179385
54.25023,-0.6393847
55.00023,0.2006152
55.75023,0.4506152
56.20022,0.5506153
56.20022,0.7006152
55.70022,0.9806152
54.90022,1.600615
54.40022,2.580615
54.90022,3.890615
56.10022,5.210615
57.15022,6.360615
57.60022,7.830615
58.74022,10.39062
61.60022,12.92062
64.20023,14.07061
64.30022,15.22061
63.04022,18.06062
63.20022,21.23062
64.50022,22.74061
11.90023,21.50061
13.72023,21.91061
14.35023,21.28061
13.03023,20.12062
11.65023,18.60061
11.18023,15.88062
11.05023,11.94061
11.03023,7.160615
11.15023,2.520615
11.21023,-1.239385
11.10023,-4.689384
11.04023,-9.819385
10.75023,-16.84938
9.380227,-22.57938
6.950227,-24.40938
3.700227,-23.29939
0.650227,-22.82938
-1.879773,-22.72938
-3.949773,-21.49938
-4.899773,-20.02938
-5.399773,-19.34938
-5.879773,-18.47938
-6.449773,-15.99938
-6.509773,-12.33938
-5.149773,-9.269384
-2.629773,-6.489385
0.8502271,-2.379385
5.290227,2.470615
10.40023,6.180615
16.02023,9.120615
22.25023,12.52061
29.82023,14.93061
37.70023,15.50062
44.33022,14.36061
50.30022,12.51062
55.78022,10.05062
60.75023,7.050615
65.00022,3.790615
68.50022,0.4706152
70.75022,-2.859385
71.95023,-6.059385
72.05022,-8.749385
71.10022,-10.77938
69.77023,-11.83938
68.85022,-12.19938
67.32022,-11.51938
65.30022,-9.919385
64.32022,-7.729384
64.65022,-5.479384
65.27023,-3.659385
65.60022,-2.319385
66.05022,-1.289385
66.90022,-0.4193847
67.55022,-0.1093848
67.35022,-0.1593848
66.25022,0.2706152
65.55022,1.330615
65.92022,2.670615
66.75022,4.020615
67.40022,5.480615
67.45023,7.170615
67.82022,9.130615
69.45023,10.61061
69.67022,11.48061
66.90022,13.17062
63.64022,15.95061
62.15022,17.89062
60.57022,18.32062
12.00023,24.15061
13.75023,24.63062
14.50023,23.99061
13.60023,22.11061
12.70023,19.44061
12.81023,16.06062
13.00023,12.18062
13.01023,7.470615
13.00023,2.170615
12.81023,-2.769385
12.50023,-6.539385
12.06023,-10.38938
11.60023,-16.33938
11.01023,-23.02938
9.900227,-26.48938
7.950227,-25.70938
5.600227,-24.80938
3.050227,-24.76938
0.6002271,-23.90938
-1.649773,-22.78938
-3.199773,-22.32938
-4.209773,-20.32938
-3.999773,-15.12938
-2.309773,-9.479384
0.00022705078,-5.599385
3.240227,-1.969385
7.200227,2.950615
11.64023,8.090615
17.00023,12.11061
23.09023,16.29062
29.90023,20.75061
37.85023,22.87062
45.30022,22.55062
50.20022,19.94061
54.20022,16.69061
58.01022,13.04062
61.40022,9.020615
64.31023,5.200615
66.90022,1.910615
69.25022,-0.7093847
71.20023,-2.969385
72.45023,-4.949385
73.20023,-6.789385
73.60022,-8.419385
73.80022,-9.669385
73.15022,-9.909385
72.10022,-9.249385
71.80022,-7.709384
72.60022,-5.709384
73.80022,-3.779385
74.90022,-2.289385
75.80022,-1.389385
77.00022,-1.089385
77.70023,-1.649385
76.80022,-2.249385
74.80022,-1.659385
73.60022,-0.3493848
73.45023,0.5306152
73.10022,1.010615
72.15022,1.650615
70.60022,2.580615
69.10022,3.840615
68.60022,5.230615
66.30022,6.920615
61.30022,9.380615
56.94022,12.03061
54.30022,13.69061
50.70022,14.59062
10.15023,24.28061
11.60023,24.46062
12.35023,23.89062
12.38023,22.13062
12.70023,19.42061
13.76023,15.89061
14.70023,11.94061
15.06023,7.390615
14.95023,2.130615
14.53023,-3.449385
14.00023,-8.069385
13.51023,-11.44938
12.80023,-15.86938
12.19023,-22.04939
11.75023,-26.57938
10.92023,-26.88938
9.700227,-25.82938
8.470227,-25.21939
6.300227,-24.98938
1.870227,-25.25938
-1.699773,-24.36938
-2.389773,-19.39938
-0.8497729,-10.15938
1.990227,-4.279385
4.550227,-1.839385
7.690227,1.530615
11.60023,6.520615
16.71023,12.55062
23.30023,19.08061
30.74023,25.38062
37.65023,28.74061
44.20022,27.92061
49.80022,25.27061
53.26022,21.52061
56.00023,17.46062
58.41022,12.98061
60.15022,8.360615
61.16022,4.340615
62.20022,0.9606152
63.55022,-1.779385
64.80022,-3.899385
65.78022,-4.979384
66.70023,-5.409385
67.72022,-5.469385
68.80022,-5.399384
69.32022,-5.029385
69.40022,-4.499385
69.77023,-3.999385
70.90022,-3.449385
72.27023,-2.649385
73.40022,-1.829385
74.42022,-1.489385
75.30022,-1.619385
75.47022,-1.969385
74.00022,-1.979385
71.45023,-1.199385
69.95023,-0.4693848
69.40022,-0.7093847
68.20023,-1.269385
66.02023,-1.309385
63.20022,-0.6093848
60.70022,1.160615
59.20022,3.380615
56.47022,5.290615
51.75023,7.130615
47.80022,9.270615
45.25023,11.24061
42.30022,12.35061
8.000227,22.54062
9.200227,22.02061
10.00023,21.09061
10.60023,19.79062
11.90023,18.17061
13.90023,15.70061
15.80023,12.15061
16.81023,7.510615
16.90023,2.320615
16.41023,-3.359385
15.80023,-8.709385
15.31023,-12.50938
14.50023,-15.93938
13.66023,-20.74938
13.10023,-25.33938
12.75023,-26.88938
12.40023,-26.35938
12.55023,-25.69938
11.50023,-26.09938
7.150227,-26.69938
3.400227,-23.86938
3.730227,-15.98938
5.800227,-5.989385
7.400227,-1.269385
9.400227,1.000615
13.79023,5.340615
19.30023,10.49061
24.39023,16.90062
30.10023,25.07061
36.99023,31.33061
43.40022,32.99062
48.60022,30.46062
52.80022,26.80062
55.31022,22.72062
57.20022,18.47062
58.76022,14.01062
59.30022,9.630615
58.91022,5.870615
58.80022,2.480615
59.25023,-0.6393847
59.70022,-2.989385
60.35022,-3.889385
61.30022,-4.049385
62.65022,-3.899385
64.00022,-3.759385
64.60022,-3.849385
64.80022,-4.249385
65.15022,-4.869385
65.50022,-5.139385
65.80022,-4.539385
66.50022,-3.709385
67.35022,-3.269385
67.80022,-2.979385
67.25022,-2.529385
65.70023,-2.029385
63.60022,-1.849385
62.40022,-2.249385
61.40022,-3.089385
59.30022,-3.379385
56.55022,-2.499385
53.70022,-0.9193847
51.40022,1.070615
50.10022,2.830615
47.85022,3.790615
44.10022,4.820615
40.70023,6.740615
38.60023,8.620615
37.35023,9.000615
6.700227,21.65062
8.030227,20.32061
9.100226,18.58061
10.13023,17.36061
11.60023,16.75061
14.08023,15.84062
16.90023,13.48061
18.71023,8.940615
19.10023,3.340615
18.56023,-2.609385
18.10023,-8.349384
17.66023,-12.85938
16.85023,-16.24938
15.66023,-19.76938
14.80023,-23.58938
14.55023,-25.86938
14.85023,-26.27938
15.62023,-25.87938
15.35023,-25.99938
12.72023,-25.36938
11.35023,-21.58938
13.81023,-13.90938
16.20023,-5.869385
16.49023,-0.4693848
18.55023,5.150615
24.46023,12.29062
30.65023,17.92061
34.14022,22.96062
36.80023,28.54062
41.05022,31.94061
45.95022,32.70061
50.13022,31.69061
53.65022,29.66061
55.81022,26.07061
57.20022,21.59061
58.06022,16.72062
57.75023,12.18062
56.28022,8.610615
55.45022,5.740615
55.88022,3.560615
56.85022,2.100615
58.43022,1.340615
60.25023,0.5206152
62.13022,-0.8093848
63.40022,-2.529385
63.80022,-4.459384
63.75023,-6.159385
63.32022,-6.849385
62.60022,-6.499384
62.30022,-5.559385
62.75023,-4.929385
63.22022,-4.889385
62.85022,-5.029385
61.72022,-5.249385
60.20022,-5.639385
58.60022,-6.179385
57.40022,-6.679385
55.55022,-6.739385
52.70022,-5.919384
50.02022,-4.239385
47.95022,-2.689385
46.17022,-1.679385
44.45022,-0.8993847
42.00023,0.1806152
38.70023,1.960615
35.72023,3.860615
34.20023,4.730615
34.13023,4.410615
4.500227,21.17061
6.700227,20.55062
9.200227,19.12062
11.50023,17.63062
13.40023,16.66061
15.45023,16.00061
18.20023,14.53061
21.06023,10.74061
22.30023,5.020615
21.46023,-1.599385
20.50023,-7.799385
20.16023,-12.66938
19.40023,-16.17938
18.00023,-18.81938
16.80023,-21.68938
16.65023,-24.28938
17.50023,-25.60938
18.75023,-25.35938
19.30023,-24.50938
18.69023,-22.44938
19.70023,-18.33938
23.49023,-11.89938
26.30023,-5.739385
26.64023,0.7406152
28.50023,9.480615
33.49023,17.91061
38.20023,23.74061
40.39022,28.45061
42.00023,32.69061
44.65022,34.84061
47.00023,35.42062
49.10022,34.66061
51.80022,32.61061
54.21022,28.97062
56.00023,24.26061
56.81022,18.57062
56.00023,13.30062
54.20022,9.990615
53.60022,8.240615
55.20022,7.470615
57.40022,6.710615
59.55022,5.630615
61.50023,4.000615
62.95022,1.850615
63.90022,-0.3793848
64.20023,-2.449385
64.00022,-4.029385
63.15022,-4.469385
62.10022,-4.239385
61.55022,-4.169384
61.50023,-4.609385
60.65022,-5.439384
59.10022,-6.409385
57.45022,-7.659385
55.80022,-8.989385
53.95022,-9.909385
52.50023,-10.25938
50.55022,-10.05938
48.10022,-9.339385
46.05022,-8.209385
44.40022,-7.279385
42.25023,-6.569385
39.50023,-5.509385
36.60023,-3.559385
33.80023,-1.189385
31.70023,0.2406152
30.80023,0.4806152
30.60023,0.7006152
3.950227,20.57061
6.020227,21.45061
9.350226,21.27061
13.58023,20.37062
17.30023,18.92061
19.45023,16.87062
21.15023,14.43061
23.76023,11.04062
26.20023,6.130615
25.99023,-0.5693848
24.05023,-7.349385
22.76023,-12.50938
21.95023,-15.92938
20.58023,-17.80939
19.00023,-19.46939
18.65023,-21.55938
19.50023,-23.26938
21.15023,-23.57938
22.55023,-22.59938
23.69023,-19.50938
26.00023,-14.56938
29.46023,-8.299384
32.00023,-1.939385
33.16022,5.520615
34.60023,13.69061
37.59023,20.62062
40.25023,27.08061
41.92022,33.33062
43.50023,37.96061
44.10022,39.41061
44.35022,39.27061
45.48022,37.02061
47.30022,33.27061
48.98022,28.90061
50.85022,24.31062
52.18022,19.21062
51.75023,14.85061
50.78022,12.50062
51.35022,11.19061
53.63022,10.10061
55.60022,8.670615
56.80022,6.760615
57.50023,4.630615
57.75023,2.730615
57.90022,1.170615
58.23022,-0.08938476
58.75023,-1.219385
59.05022,-2.349385
58.95022,-3.619385
58.40022,-4.969385
57.30022,-6.239385
55.23022,-7.339385
52.85022,-8.389384
50.98022,-9.509384
49.05022,-10.62938
47.35022,-11.58938
46.30022,-12.40938
45.35022,-13.13938
43.90022,-13.52938
42.05022,-13.16938
40.15023,-12.36938
37.42023,-11.14938
34.15023,-9.399384
31.22023,-6.989385
29.00023,-4.489385
27.70023,-2.729385
27.00023,-1.679385
26.25023,-0.7893847
9.300227,21.58061
10.60023,22.23062
12.10023,21.67061
15.95023,21.58061
21.10023,21.19061
24.85023,18.90062
26.50023,15.07061
27.56023,10.68062
29.80023,6.110615
30.91023,0.1306152
29.10023,-6.789385
26.16023,-12.51938
24.70023,-16.06938
23.65023,-17.33938
22.00023,-17.80939
20.90023,-18.53938
20.90023,-19.63939
22.25023,-20.22938
24.00023,-19.30938
26.04023,-15.41938
28.80023,-9.519384
31.74023,-2.749385
33.80023,4.240615
34.84023,11.68062
35.90023,17.80062
37.24023,23.46062
38.50023,31.07061
40.24023,38.17062
41.80022,41.16061
40.85023,40.53061
39.50023,39.13062
40.36023,35.57061
41.10022,30.96062
41.76022,26.30062
43.20022,21.94061
44.50023,18.57062
44.60022,16.51061
44.65022,15.22061
45.70022,13.55062
47.05022,11.35061
48.10022,9.220615
49.10022,7.220615
49.80022,5.400615
50.20022,3.950615
50.60022,2.530615
51.45022,0.7806152
52.70022,-1.279385
54.00023,-3.649385
54.20022,-5.969385
53.20022,-7.649384
51.30022,-8.849384
48.85022,-9.909385
46.30022,-10.92938
44.10022,-11.58938
42.00023,-12.00938
40.35023,-12.67938
39.50023,-13.77938
39.05022,-15.24938
37.90023,-16.43938
36.30023,-16.70938
34.40023,-16.24938
31.60023,-14.78938
28.60023,-12.46938
26.10023,-9.619385
24.30023,-6.699385
23.30023,-4.299385
22.90023,-2.819385
22.20023,-2.469385
19.25023,22.12062
20.43023,22.18061
19.15023,20.37062
20.30023,19.64062
24.65023,19.86061
29.40023,19.06062
32.40023,16.02061
32.96023,10.87062
33.50023,5.540615
34.78023,0.1806152
34.20023,-6.049385
30.71023,-12.18938
27.85023,-16.40938
27.15023,-17.83938
26.35023,-17.79939
24.70023,-17.04939
23.10023,-16.35938
22.52023,-15.60938
23.05023,-13.86938
24.47023,-10.06938
26.15023,-4.729384
28.04023,2.240615
29.70023,9.290615
30.62023,14.88062
31.60023,19.79062
33.16022,27.35061
34.95023,36.21061
36.92023,40.17062
38.65023,40.68061
36.40023,39.43061
33.45023,36.47062
34.16022,30.80062
35.50023,25.91061
36.31023,21.70061
37.20023,18.02061
37.80022,16.42061
38.15023,16.04062
38.48022,15.27061
39.05022,13.70061
40.05022,11.68062
41.55022,9.760615
43.63022,8.270615
45.60022,7.100615
46.90022,5.750615
48.10022,3.560615
49.00023,0.4206152
49.70022,-2.869385
50.13022,-5.659385
49.45022,-7.789384
47.80022,-9.169385
46.20022,-10.38938
44.40022,-11.89938
42.30022,-13.56938
39.83023,-14.53938
37.05023,-14.62938
34.35023,-14.18938
32.35023,-14.15938
31.08023,-15.14938
29.80023,-16.46939
28.70023,-17.31938
27.50023,-17.31938
25.77023,-15.90938
23.85023,-13.71938
21.80023,-11.03938
19.95023,-7.909385
19.37023,-5.439384
19.45023,-4.479385
18.78023,-5.089385
29.00023,19.47062
30.45023,20.28061
28.40023,19.28061
27.00023,18.17061
29.30023,17.55062
33.10023,16.84061
36.30023,14.88062
37.51023,10.47062
37.20023,4.920615
37.51023,-0.3693848
37.60023,-5.669384
34.96023,-11.46938
31.40023,-16.30939
30.15023,-18.61938
30.20023,-19.02938
29.20023,-17.72938
26.80023,-15.67938
24.05023,-13.39938
21.70023,-11.00938
20.54023,-7.729384
20.20023,-2.499385
21.24023,5.170615
23.00023,11.88062
24.69023,16.31062
26.50023,22.27061
28.99023,31.37062
31.30023,38.53061
32.75023,39.28061
33.50023,38.67062
31.20023,37.03061
28.10023,31.34061
29.31023,24.58061
31.90023,20.66061
32.90023,17.60061
33.00023,15.13062
33.10023,15.22061
33.60023,15.91061
34.00023,15.66061
35.00023,14.63062
37.35023,13.04062
40.00023,11.38062
42.05022,10.01062
43.30022,8.660615
44.30022,6.540615
45.30022,3.450615
45.45022,-0.2393848
45.10022,-3.769385
44.50023,-6.559385
43.30022,-8.679384
41.95022,-10.26938
41.20022,-11.75938
40.45023,-13.67938
39.20023,-16.06938
36.85023,-17.97938
33.40023,-18.17938
29.30023,-16.25938
25.90023,-14.38938
23.60023,-14.35938
22.20023,-15.32938
21.90023,-16.12938
21.90023,-16.23938
21.40023,-15.76938
20.00023,-14.87938
17.65023,-12.38938
15.90023,-8.749385
16.10023,-6.569385
16.50023,-6.609385
15.30023,-8.169385
37.90023,17.16061
39.12023,19.72062
37.90023,20.55062
35.25023,19.45061
34.95023,17.57062
36.55023,15.37062
38.45023,12.68062
39.78023,8.830615
39.75023,3.810615
39.01023,-1.489385
38.55022,-6.239385
37.08023,-10.77938
34.30023,-15.08938
32.48022,-18.17938
32.40023,-19.90938
32.52023,-19.76938
31.40023,-18.15938
28.67023,-15.36938
25.05023,-12.52938
21.44023,-8.919385
19.30023,-2.759385
19.01023,5.410615
19.30023,11.77061
20.69023,17.57062
23.35023,26.30062
25.84023,34.44061
27.25023,37.90062
27.75023,37.34061
28.15023,36.39061
27.91023,32.40062
26.15023,24.34061
26.85023,18.55062
29.10023,16.52061
29.35023,15.45061
28.90023,14.66061
28.95023,15.90061
29.45023,16.87062
30.77023,16.94061
33.10023,16.61061
35.58023,15.71062
37.00023,14.35061
37.15023,12.28061
37.10023,9.350616
37.55022,5.630615
38.40023,1.830615
38.50023,-1.619385
37.80022,-4.699385
36.90023,-7.039385
35.85023,-8.709385
35.13023,-9.789385
34.80023,-10.85938
34.45023,-12.78938
33.90023,-16.06938
32.55023,-19.81938
29.40023,-21.21939
24.90023,-18.88939
20.80023,-16.09938
18.20023,-14.99938
17.00023,-14.97938
17.38023,-15.59938
17.80023,-16.53938
16.90023,-17.09938
14.95023,-15.91938
13.14023,-12.06938
12.70023,-8.569385
13.33023,-8.389384
13.05023,-10.00938
11.13023,-11.69938
43.00023,19.15062
43.10022,22.62062
42.60022,23.17061
40.35023,20.60061
38.90023,17.35061
39.35023,14.42062
40.30022,11.25062
41.15022,7.370615
41.00023,2.790615
39.66022,-2.239385
38.20023,-6.679385
37.05023,-10.08938
35.60023,-13.06938
34.20023,-16.07938
33.90023,-18.94938
34.45023,-20.62938
34.50023,-20.53938
33.40023,-18.04939
31.30023,-14.64938
28.69023,-10.47938
26.60023,-4.309385
24.49023,3.340615
22.00023,10.09062
21.09023,18.33061
22.10023,28.67061
22.85023,34.47062
22.70023,35.06062
23.15023,33.82061
24.50023,32.00061
25.96023,27.15061
25.70023,19.89062
25.15023,15.16061
25.80023,14.38062
25.05023,14.62062
24.30023,15.47061
24.15023,16.51061
25.30023,17.12062
27.35023,18.16061
29.20023,18.91061
29.70023,18.05062
29.50023,15.90061
29.50023,12.24061
30.10023,7.700615
31.25023,3.150615
32.30023,-0.7093847
32.05023,-3.539385
30.70023,-5.509385
29.15023,-6.469385
28.20023,-6.999384
27.70023,-7.689384
27.50023,-8.859385
27.20023,-11.16938
27.00023,-15.19938
26.20023,-20.27938
23.80023,-23.00938
20.00023,-21.78938
16.10023,-19.26938
13.40023,-16.85938
12.50023,-15.59938
12.65023,-16.57938
12.30023,-18.17938
10.75023,-17.59938
9.500227,-14.18938
9.600226,-10.33938
10.40023,-9.559384
10.30023,-11.79938
8.700227,-13.45938
5.950227,-13.54938
42.45022,22.99061
42.55022,23.95061
42.75023,22.30062
41.50023,18.99061
40.35023,15.58062
40.45023,12.72062
41.00023,9.770615
41.23022,6.180615
40.70023,2.140615
39.20023,-2.059385
37.35023,-6.059385
36.05023,-9.199385
35.35023,-11.55938
34.90023,-13.93938
34.80023,-16.80939
35.25023,-19.51938
35.45023,-20.88939
34.97023,-19.29939
34.65023,-15.64938
35.24023,-11.01938
35.90023,-5.899384
34.89022,-0.1493848
31.60023,5.760615
27.16023,14.45061
23.25023,24.68061
20.77023,29.20061
19.60023,29.30062
20.00023,28.65061
21.75023,26.59061
22.98023,22.30062
22.90023,17.17061
22.08023,14.15061
21.25023,14.17062
20.35023,15.35061
19.85023,16.76061
20.10023,16.82062
21.80023,18.75061
23.02023,20.99061
22.75023,20.82061
22.48023,17.74061
23.20023,13.93061
24.73023,9.560615
26.35023,5.150615
27.70023,1.330615
28.10023,-1.959385
26.58023,-4.299385
23.90023,-5.439384
21.92023,-5.569385
21.35023,-6.039385
21.50023,-7.599385
21.50023,-9.759384
21.13023,-12.59938
20.65023,-16.61938
19.63023,-21.37938
17.55023,-24.54939
14.42023,-24.66938
11.15023,-22.26938
8.720227,-18.02938
7.400227,-15.47938
6.830227,-16.23938
6.150227,-16.80939
5.900227,-14.55938
6.600227,-11.46938
7.600227,-11.09938
7.550227,-13.20938
5.620227,-14.51938
3.050227,-13.64938
1.050227,-12.04938
41.80022,23.17061
42.85022,21.23062
43.20022,18.55062
42.15022,16.13062
40.90023,13.62062
40.45023,10.69061
40.30022,7.600615
39.75023,4.420615
38.70023,1.190615
37.15023,-2.039385
35.60023,-5.269385
34.80023,-8.219384
35.00023,-10.44938
35.30023,-12.25938
35.40023,-14.35938
35.70023,-16.95938
36.10023,-19.10938
35.85023,-18.58938
35.90023,-15.24938
37.94023,-10.40938
40.70023,-5.979384
41.75023,-2.129385
39.90023,1.490615
33.99023,7.670615
26.40023,16.00061
20.70023,20.73062
18.10023,22.24061
17.40023,23.17061
18.20023,22.06062
18.90023,18.14062
18.40023,14.27061
17.65023,13.60061
16.80023,14.72061
16.40023,16.00061
16.50023,18.10061
17.30023,19.44061
18.70023,22.90061
18.25023,23.54062
16.90023,20.25061
17.60023,15.78061
19.70023,11.94061
21.55023,8.240615
23.00023,4.630615
23.95023,1.580615
23.60023,-1.469385
21.30023,-4.279385
18.20023,-5.909385
16.75023,-6.459384
17.10023,-7.419384
17.90023,-9.199385
17.90023,-11.13938
17.15023,-13.18938
16.00023,-16.28938
14.61023,-21.38939
12.20023,-26.02938
9.200227,-26.98938
6.900227,-23.84938
5.240227,-18.01938
3.700227,-14.42938
2.850227,-14.45938
2.700227,-14.13938
3.600227,-12.54938
4.900227,-12.23938
4.850227,-14.48938
2.900227,-16.31938
0.4502271,-15.00938
-0.699773,-12.35938
-0.6497729,-10.75938
42.45022,19.28061
42.98022,17.29062
42.60022,15.27061
41.60022,13.49061
40.70023,11.38062
39.70023,8.480615
38.55022,5.410615
37.18023,2.790615
35.40023,0.4206152
33.63023,-1.919385
32.60023,-4.169384
32.93023,-6.259385
34.05023,-8.139384
35.40023,-9.909385
36.10023,-11.83938
36.10023,-14.09938
36.55023,-16.25938
37.10023,-16.57938
37.50023,-14.52938
38.85023,-10.64938
40.40023,-6.489385
41.25023,-2.909385
41.05022,-0.8293847
37.60023,1.440615
30.65023,6.300615
23.42023,12.11061
19.00023,16.59061
16.87023,18.55062
16.10023,17.55062
15.43023,14.41061
14.55023,12.17062
14.15023,12.97062
13.95023,14.61061
13.35023,16.06062
12.70023,21.06062
13.62023,23.84061
14.45023,25.37062
13.41023,22.17061
12.95023,16.61061
14.45023,12.96062
16.30023,10.47062
17.55023,8.260615
18.55023,5.720615
19.00023,3.040615
18.50023,0.1606152
16.93023,-3.129385
15.35023,-5.929385
15.33023,-7.639385
16.45023,-9.009384
17.23023,-10.33938
17.10023,-11.43938
15.87023,-11.65938
13.60023,-12.82938
11.33023,-18.60938
8.700227,-25.66938
6.150227,-27.68938
4.550227,-24.07938
3.270227,-17.74938
2.050227,-13.73938
1.450227,-13.06938
1.500227,-12.71938
2.050227,-13.02938
2.300227,-14.74938
0.6002271,-16.36938
-1.799773,-15.75938
-1.879773,-12.93938
-0.449773,-10.60938
-1.119773,-10.26938
41.60022,14.82061
41.45022,13.86061
40.90023,12.50062
40.45023,10.84062
40.00023,8.950615
38.50023,6.460615
36.60023,3.840615
34.30023,1.900615
31.80023,0.4706152
30.20023,-1.049385
30.10023,-2.649385
31.20023,-4.199385
32.50023,-6.039385
34.30023,-8.489385
35.70023,-11.04938
35.70023,-13.29938
35.70023,-15.07938
36.80023,-15.53938
38.10023,-14.50938
38.65023,-11.86938
38.40023,-8.329385
38.10023,-4.949385
38.70023,-3.429385
38.10023,-3.569385
33.40023,-1.419385
26.39023,4.980615
21.00023,11.35061
17.95023,13.49061
16.20023,12.40061
14.15023,10.54062
12.30023,9.880615
11.85023,11.20061
11.50023,13.05062
10.50023,15.29062
8.800227,21.24061
9.150227,24.96062
10.00023,23.49061
9.860227,18.11061
10.60023,12.85061
11.80023,10.19061
12.30023,8.790615
13.00023,7.900615
13.80023,6.240615
13.75023,3.990615
13.10023,1.850615
12.60023,-0.7393848
13.00023,-3.829385
14.60023,-6.339385
16.30023,-8.179384
16.75023,-9.999385
16.60023,-11.89938
15.70023,-12.34938
12.70023,-12.24938
9.110227,-16.87938
6.700227,-24.31938
5.250227,-27.58938
3.200227,-24.13938
1.540227,-17.16938
1.100227,-12.53938
1.150227,-11.16938
1.000227,-10.87938
0.750227,-12.86938
-0.09977295,-15.54938
-1.699773,-15.25938
-2.199773,-12.27938
-0.1997729,-9.259384
1.300227,-8.029385
-1.049773,-8.629385
39.00023,10.70061
39.13023,10.68062
39.05022,9.910615
38.73022,8.780615
37.95023,7.430615
36.35023,5.140615
34.25023,2.360615
31.58023,0.6506152
28.95023,0.01061523
28.38023,-0.8693848
29.05023,-2.449385
29.85023,-4.089385
30.40023,-5.849385
31.43023,-8.459385
32.65023,-11.34938
33.30023,-13.81938
33.60023,-15.66938
34.42023,-16.10938
35.60023,-15.02938
36.17023,-12.52938
35.70023,-9.749385
35.42023,-7.559385
36.15023,-6.569385
36.23022,-7.129385
33.15023,-6.219385
27.67023,-0.7993848
22.65023,5.150615
19.40023,7.290615
17.55023,6.960615
14.80023,6.470615
11.90023,6.600615
10.72023,7.850615
9.750227,10.00062
8.020226,13.76062
5.500227,20.06062
5.050227,22.84061
6.700227,19.15062
8.300227,13.90061
9.300227,10.06061
9.580227,8.240615
8.550227,7.650615
8.650227,6.920615
9.550227,5.120615
9.730227,3.360615
9.550227,2.330615
10.15023,0.8206152
11.65023,-1.729385
13.73023,-4.049385
15.55023,-5.709384
15.88023,-7.709384
15.55023,-10.68938
15.43023,-13.55938
14.05023,-14.83938
10.38023,-17.17938
7.200227,-22.93938
5.330227,-27.32938
2.800227,-24.40938
1.220227,-15.93938
1.300227,-10.63938
1.470227,-9.319385
1.300227,-9.199385
0.830227,-11.73938
0.350227,-13.92938
0.9202271,-11.50938
2.750227,-7.329385
4.550227,-5.539385
5.200227,-5.979384
5.120227,-6.359385
35.40023,8.080615
35.15023,9.410615
34.50023,9.890615
33.75023,9.190615
33.10023,7.510615
32.45023,4.260615
31.30023,0.5106152
29.00023,-1.309385
27.20023,-1.249385
27.30023,-1.389385
27.70023,-2.569385
27.35023,-3.649385
27.10023,-4.579385
27.60023,-6.749384
28.80023,-9.769384
30.05023,-12.82938
30.90023,-15.39938
31.35023,-16.36938
31.80023,-15.50938
32.35023,-13.15938
32.80023,-10.78938
33.45023,-9.079385
34.20023,-8.239385
34.20023,-9.259384
32.00023,-9.819385
28.15023,-6.249384
24.10023,-1.219385
21.20023,1.350615
19.30023,2.010615
15.80023,2.370615
12.00023,2.820615
9.850226,4.400615
8.300227,7.070615
6.150227,11.61061
2.800227,17.93061
1.950227,19.78061
4.500227,15.78061
7.150227,11.24061
8.200227,8.240615
7.600227,7.430615
6.100227,7.220615
5.950227,5.700615
6.900227,3.650615
7.850227,2.710615
8.600226,2.660615
10.25023,1.820615
12.40023,-0.4293848
14.15023,-2.739385
15.60023,-4.109385
15.90023,-5.619385
15.20023,-8.399384
14.75023,-12.38938
14.40023,-15.86938
12.95023,-17.61938
10.40023,-20.85938
7.750227,-26.32938
4.900227,-25.43938
3.190227,-16.33938
2.500227,-10.52938
1.950227,-9.599384
1.800227,-9.289385
2.100227,-10.31938
2.800227,-10.25938
4.800227,-6.619385
7.200227,-2.829385
8.800227,-2.279385
10.20023,-3.399385
13.45023,-2.559385
28.10023,10.16061
26.60023,12.33062
25.70023,12.81061
25.83023,10.85061
26.55023,7.630615
27.28023,3.570615
27.05023,-0.3393848
25.75023,-2.029385
24.85023,-1.649385
24.65023,-1.119385
24.00023,-1.289385
23.12023,-1.509385
23.10023,-2.079385
24.00023,-4.179385
25.20023,-7.139385
26.35023,-10.13938
27.15023,-12.74938
27.70023,-14.12938
28.20023,-14.20938
28.90023,-12.92938
29.85023,-11.01938
30.82023,-9.109385
31.65023,-8.389384
31.80023,-10.38938
30.55023,-12.45938
28.05023,-10.24938
25.30023,-5.699385
23.37023,-2.909385
21.35023,-2.049385
16.82023,-1.579385
12.10023,-0.8793848
9.170227,1.290615
7.700227,4.270615
5.850227,8.310615
2.500227,14.26062
1.500227,16.87062
3.700227,14.87062
5.530227,11.96062
6.150227,9.780615
5.720227,9.240615
5.200227,8.670615
5.300227,6.420615
6.050227,4.490615
6.950227,3.970615
7.550227,3.760615
9.450227,3.000615
12.10023,1.190615
13.85023,-1.289385
15.05023,-3.199385
16.00023,-4.819385
16.60023,-6.499384
16.55023,-9.359385
16.10023,-13.46938
15.73023,-15.64938
14.55023,-16.72938
12.20023,-22.67938
9.550227,-26.54939
7.190227,-19.82938
5.400227,-12.89938
4.200227,-11.15938
4.050227,-10.31938
5.050227,-8.929384
6.400227,-6.159385
8.550227,-2.339385
11.20023,0.2406152
14.42023,0.7106152
18.05023,0.7606152
22.37023,3.220615
19.40023,12.91061
18.25023,14.31061
18.30023,13.38062
19.60023,10.12062
20.90023,6.160615
21.50023,2.510615
21.50023,-0.5193847
21.20023,-1.839385
20.80023,-1.599385
20.15023,-0.9993848
19.50023,-0.6393847
19.70023,-0.6693848
20.70023,-1.469385
22.10023,-3.239385
23.20023,-5.279385
23.90023,-7.389385
24.50023,-9.459385
25.00023,-11.03938
25.60023,-12.01938
26.30023,-11.97938
26.90023,-10.88938
27.00023,-9.489385
27.20023,-9.379385
27.75023,-11.73938
27.80023,-13.95938
26.95023,-12.13938
25.90023,-8.239385
24.90023,-5.959384
22.80023,-5.469385
17.65023,-5.219385
12.30023,-4.189384
9.250227,-1.599385
8.100226,1.420615
6.850227,4.980615
3.700227,10.44061
2.150227,14.40061
3.200227,15.03061
3.700227,13.81061
3.700227,12.35061
4.250227,11.50062
5.000227,10.16061
5.500227,7.800615
5.500227,6.030615
5.500227,4.920615
5.400227,3.340615
6.500227,1.550615
9.500227,0.3406152
12.00023,-0.8093848
14.00023,-1.909385
16.75023,-2.879385
19.40023,-4.019385
20.35023,-6.919384
20.30023,-10.69938
19.45023,-13.63938
17.40023,-13.83938
14.30023,-18.14938
11.50023,-25.44938
9.250227,-23.07938
8.100226,-15.72938
7.950227,-12.17938
8.200227,-10.50938
9.250227,-7.739385
10.60023,-3.419385
13.05023,0.8306152
16.70023,3.450615
21.10023,4.920615
25.30023,6.820615
28.50023,10.43062
14.05023,11.33062
13.60023,12.08062
13.65023,11.11061
14.50023,8.280615
14.75023,4.560615
15.05023,1.110615
16.10023,-1.919385
16.65023,-3.179385
16.30023,-2.529385
15.85023,-1.619385
16.35023,-1.129385
17.85023,-0.9193847
19.50023,-1.139385
21.00023,-1.759385
22.20023,-2.699385
23.18023,-4.429385
24.20023,-6.619385
25.03023,-8.879385
25.20023,-10.85938
24.80023,-11.79938
24.00023,-11.62938
22.62023,-11.08938
21.80023,-11.54938
22.65023,-13.36938
23.85023,-14.48938
24.55023,-12.70938
24.80023,-10.01938
24.02023,-8.509384
22.00023,-8.049384
17.82023,-7.789384
13.15023,-6.369385
10.35023,-3.759385
9.300227,-1.319385
8.450227,2.080615
6.150227,6.920615
3.850227,10.75062
2.900227,12.85061
2.050227,12.84062
1.250227,11.21062
1.830227,9.640615
2.900227,8.000615
3.950227,6.230615
4.650227,5.290615
5.370227,5.710615
6.150227,5.860615
6.650227,3.510615
8.750227,1.040615
12.05023,1.300615
15.30023,2.920615
18.70023,3.170615
20.95023,0.3406152
21.55023,-4.759385
22.05023,-8.749385
21.73023,-12.97938
19.75023,-14.97938
15.45023,-17.26938
11.30023,-22.46939
9.150227,-22.68938
9.200227,-17.09938
10.82023,-12.92938
12.55023,-10.93938
13.85023,-8.199385
14.60023,-3.469385
16.27023,2.070615
18.95023,6.380615
21.97023,9.680615
25.05023,13.17062
28.50023,17.01061
12.30023,8.940615
11.35023,9.850615
10.40023,9.370615
10.15023,6.790615
9.000227,3.230615
9.800227,0.1306152
12.70023,-3.049385
13.65023,-4.609385
13.20023,-3.569385
13.60023,-2.219385
15.00023,-1.529385
16.55023,-0.8493847
17.80023,-0.1593848
18.65023,0.1506152
19.50023,-0.3093848
20.80023,-1.949385
22.80023,-4.149384
24.80023,-6.739385
25.30023,-9.199385
24.30023,-10.72938
22.70023,-11.22938
20.60023,-11.46938
19.10023,-12.47938
19.35023,-13.79938
20.50023,-13.89938
21.50023,-12.30938
22.00023,-10.66938
21.20023,-9.639384
19.80023,-9.249385
17.50023,-9.219384
14.20023,-7.659385
11.70023,-5.319385
10.70023,-3.959385
10.60023,-1.039385
9.500227,3.470615
6.750227,6.390615
3.800227,8.450615
1.100227,9.570615
-0.4997729,8.900615
-0.09977295,7.680615
1.100227,6.470615
2.750227,5.690615
4.800227,6.110615
7.250227,9.230615
8.500227,12.67062
8.450227,12.14061
9.300227,8.980615
11.60023,7.540615
13.70023,9.030615
16.10023,8.340615
18.70023,4.350615
20.05023,-0.9893848
21.00023,-5.979384
21.70023,-11.41938
22.30023,-15.43938
20.35023,-18.18938
16.40023,-21.33938
13.00023,-21.79939
11.20023,-17.35938
12.10023,-12.87938
14.70023,-10.73938
16.60023,-8.049384
17.30023,-2.909385
17.85023,3.200615
18.80023,8.120615
20.85023,12.21062
24.50023,16.35061
29.35023,20.09061
12.00023,9.140615
10.35023,9.720615
9.250227,8.410615
8.750227,5.030615
7.200227,1.090615
8.130227,-1.059385
11.25023,-2.219385
12.50023,-2.539385
13.30023,-1.849385
15.22023,-1.379385
17.15023,-1.179385
18.10023,-0.5993847
18.20023,0.1506152
17.97023,0.3506152
18.15023,-0.3293847
19.03023,-1.829385
21.00023,-3.619385
23.55023,-5.389385
24.65023,-6.999384
24.48023,-8.409385
23.80023,-9.379385
22.83023,-10.10938
21.85023,-11.31938
21.25023,-12.24938
21.15023,-11.94938
20.82023,-10.81938
20.05023,-10.02938
19.00023,-9.519384
18.20023,-9.459385
17.05023,-9.579385
14.55023,-7.909385
12.37023,-5.879385
12.05023,-5.359385
12.10023,-2.579385
10.80023,2.060615
8.320227,3.980615
5.350227,4.870615
1.800227,6.480615
-0.5497729,7.370615
0.1002271,7.630615
1.800227,7.820615
3.950227,8.430615
6.500227,9.680615
8.800227,12.33062
9.200227,15.73061
7.730227,16.36061
7.300227,14.11061
8.630227,11.83062
9.650227,11.54062
11.58023,8.950615
15.50023,5.800615
18.75023,1.640615
20.70023,-3.229385
21.33023,-7.319385
22.50023,-12.10938
23.80023,-16.44938
23.60023,-20.27938
21.80023,-22.46939
17.80023,-20.19938
15.52023,-14.45938
16.30023,-9.699385
17.67023,-5.019385
18.35023,0.4506152
18.97023,5.130615
19.75023,8.950615
22.40023,13.19061
26.60023,17.56062
30.30023,20.64062
9.700227,9.350616
8.750227,8.840615
8.200227,6.730615
8.200227,3.710615
8.200227,0.4706152
9.650227,-0.8993847
12.10023,-0.1693848
13.95023,1.370615
16.20023,2.300615
18.75023,2.280615
20.60023,1.960615
21.35023,1.600615
21.10023,1.150615
20.50023,0.1606152
20.50023,-1.189385
20.75023,-2.659385
21.90023,-4.189384
23.70023,-5.389385
24.90023,-6.439384
25.30023,-7.839385
25.30023,-9.139384
25.45023,-9.989385
25.50023,-10.78938
25.20023,-11.33938
24.80023,-11.15938
23.55023,-10.68938
21.50023,-10.62938
19.45023,-10.59938
17.80023,-10.34938
16.40023,-9.639384
14.10023,-7.659385
12.25023,-6.149384
11.60023,-5.929385
9.700227,-2.859385
7.100227,1.780615
6.200227,2.760615
5.500227,2.710615
3.250227,4.390615
1.500227,6.320615
2.400227,7.890615
4.400227,9.290615
6.000227,10.78061
7.400227,12.04062
8.700227,13.27061
9.000227,15.03061
7.350227,15.78061
6.400227,15.13062
8.150227,13.99061
10.30023,13.84062
11.80023,11.38062
14.50023,7.120615
17.15023,2.390615
19.80023,-1.069385
20.45023,-4.319385
20.90023,-9.809384
22.20023,-14.68938
23.70023,-18.81938
25.70023,-21.59938
24.30023,-22.81938
21.15023,-18.02938
19.60023,-10.82938
19.10023,-3.839385
19.00023,1.530615
19.90023,5.000615
21.50023,8.810615
24.65023,13.83062
28.20023,18.02061
29.95023,19.94061
6.250227,7.690615
6.130227,6.260615
5.750227,4.350615
6.120227,3.280615
7.650227,2.530615
10.25023,2.210615
12.95023,2.670615
15.20023,3.670615
17.50023,4.390615
19.57023,4.640615
21.10023,4.220615
21.95023,2.710615
22.40023,0.7306152
22.65023,-1.209385
22.85023,-2.819385
22.83023,-3.999385
23.35023,-5.099385
24.50023,-6.269385
25.55023,-7.629385
26.18023,-9.159385
26.30023,-10.61938
26.37023,-11.60938
26.50023,-12.14938
26.70023,-12.31938
26.80023,-12.22938
26.00023,-12.05938
24.30023,-12.22938
21.67023,-12.67938
18.95023,-12.60938
16.67023,-11.20938
14.55023,-9.249385
13.27023,-8.829385
11.55023,-9.109385
7.650227,-5.849385
4.500227,-1.089385
5.020227,0.4706152
6.400227,1.160615
6.150227,3.200615
5.350227,5.440615
5.870227,7.220615
7.200227,8.840615
7.870227,10.53061
7.900227,11.70061
8.720227,12.53061
9.700227,14.28061
8.470227,16.00061
6.950227,16.27061
8.950227,15.72061
11.65023,15.81061
12.18023,13.41061
12.55023,8.120615
13.93023,3.300615
15.35023,0.1106152
16.48023,-3.119385
18.25023,-8.709385
18.85023,-13.17938
19.65023,-15.89938
22.50023,-17.35938
24.80023,-20.20938
24.57023,-19.90938
23.10023,-14.39938
21.67023,-6.289385
21.05023,-0.7393848
21.45023,2.340615
23.10023,6.500615
26.25023,12.11061
28.95023,16.42061
29.70023,18.66061
2.900227,5.100615
2.900227,3.630615
2.600227,2.720615
3.450227,3.100615
5.700227,3.750615
8.800227,3.820615
11.80023,3.520615
14.15023,3.310615
16.30023,3.310615
18.15023,3.170615
19.50023,2.200615
20.45023,-0.2193848
21.60023,-2.709385
22.80023,-4.189384
23.30023,-5.219385
22.80023,-6.039385
22.70023,-6.629385
23.75023,-7.559385
24.90023,-8.959385
25.70023,-10.38938
26.30023,-11.76938
26.75023,-13.04938
26.90023,-13.94938
26.95023,-14.22938
27.10023,-14.14938
26.70023,-13.89938
25.70023,-13.74938
23.60023,-14.32938
21.00023,-14.79938
18.45023,-13.58938
16.80023,-11.96938
16.75023,-12.18938
15.30023,-12.84938
11.10023,-10.10938
8.200227,-5.599385
8.450227,-2.819385
9.800227,-0.5893847
10.45023,2.230615
10.10023,4.710615
9.800227,6.170615
9.900227,7.410615
9.900227,8.990615
9.400227,10.19061
9.650227,10.65061
10.90023,12.47062
10.00023,15.88062
8.200227,17.37062
9.100226,16.67061
10.40023,15.27061
10.30023,12.21062
10.60023,9.050615
11.45023,5.060615
11.00023,0.5506153
11.90023,-2.489385
14.40023,-7.469385
15.15023,-11.54938
15.20023,-12.37938
17.60023,-12.75938
21.40023,-15.07938
24.30023,-17.83938
24.30023,-15.84938
23.60023,-8.859385
23.50023,-4.139385
24.00023,-1.199385
25.40023,3.440615
27.60023,9.700615
29.40023,14.78061
29.60023,17.48062
0.150227,2.550615
0.3202271,1.970615
1.050227,2.260615
3.020227,3.250615
5.700227,3.960615
8.370227,3.900615
10.25023,3.690615
11.27023,3.860615
12.35023,4.010615
13.67023,3.220615
15.05023,1.240615
16.72023,-1.669385
18.75023,-3.989385
20.40023,-5.099385
21.10023,-6.179385
20.90023,-7.289384
21.05023,-7.849385
22.22023,-8.419385
23.55023,-9.519384
24.30023,-10.75938
25.25023,-11.85938
26.32023,-13.08938
27.05023,-14.54938
27.55023,-15.70938
27.90023,-16.14938
27.42023,-15.92938
26.15023,-15.33938
24.22023,-15.18938
22.10023,-15.54938
20.10023,-15.15938
19.10023,-14.27938
19.57023,-14.24938
19.10023,-14.54938
16.47023,-12.67938
14.50023,-9.169385
14.22023,-5.959384
14.75023,-2.889385
15.10023,0.4006152
14.65023,3.150615
14.02023,4.820615
13.10023,6.100615
12.20023,7.360615
11.75023,8.390615
12.27023,8.840615
13.05023,10.80062
11.65023,15.60061
9.550227,18.52061
8.350226,17.34061
7.900227,13.73061
8.970227,11.64061
10.65023,10.99061
10.63023,6.130615
8.850226,0.9206152
8.780227,-2.089385
10.40023,-6.319385
11.55023,-10.36938
12.55023,-12.13938
14.65023,-12.54938
17.25023,-13.12938
19.92023,-14.97938
22.10023,-14.68938
23.75023,-10.02938
25.15023,-5.239385
26.30023,-0.05938476
27.70023,5.580615
28.72023,10.50062
28.90023,13.67062
27.12023,14.98061
-1.299773,1.480615
-0.449773,1.990615
1.200227,2.730615
3.500227,3.710615
5.800227,4.750615
6.550227,5.640615
5.700227,6.560615
4.550227,7.380615
4.500227,7.510615
5.850227,6.170615
8.100226,3.780615
11.15023,1.060615
14.10023,-1.129385
16.10023,-2.649385
17.20023,-4.139385
17.70023,-5.499385
18.40023,-6.279385
19.65023,-6.839385
20.90023,-7.809385
21.60023,-9.179384
22.50023,-10.37938
23.85023,-11.51938
25.20023,-13.18938
26.70023,-15.23938
28.00023,-16.58938
28.10023,-16.87938
26.90023,-16.45938
24.75023,-15.83938
22.80023,-15.82938
21.45023,-16.01938
20.70023,-15.68938
21.05023,-15.38938
21.10023,-15.49938
19.85023,-14.44938
18.90023,-11.81938
18.85023,-8.709385
19.00023,-5.579385
18.70023,-2.389385
18.20023,0.4506152
17.60023,2.900615
16.20023,4.990615
14.60023,6.170615
14.20023,7.040615
15.20023,8.010615
15.40023,10.28061
12.80023,14.57061
10.70023,17.35061
7.700227,17.12062
6.200227,13.77061
7.200227,12.95061
8.700227,11.26062
8.900227,5.820615
7.000227,1.180615
5.650227,-2.029385
5.900227,-5.139385
7.100227,-7.739385
9.300227,-10.34938
12.70023,-11.95938
15.40023,-12.13938
18.00023,-12.25938
21.10023,-11.03938
22.90023,-5.929385
23.90023,0.3906152
25.15023,5.740615
26.10023,9.220615
25.60023,10.54062
23.90023,10.98061
20.80023,12.54062
-1.299773,2.050615
-0.249773,3.140615
0.6002271,3.750615
1.320227,4.480615
2.100227,5.730615
1.450227,7.280615
-0.5997729,8.690615
-1.729773,9.440615
-1.249773,9.560615
0.6002271,8.930615
3.400227,7.650615
6.970227,5.720615
10.40023,3.640615
12.72023,1.960615
14.15023,0.5306152
14.87023,-0.8693848
15.60023,-2.109385
16.35023,-3.169385
16.95023,-4.449385
17.35023,-6.209384
18.00023,-7.849385
19.17023,-9.109385
20.60023,-10.70938
22.77023,-13.06938
25.10023,-15.14938
26.57023,-16.16938
26.65023,-16.39938
25.32023,-16.05939
24.05023,-15.92938
23.30023,-16.19938
22.40023,-15.98938
21.90023,-15.20938
21.95023,-14.84938
21.60023,-14.36938
21.25023,-12.77938
21.35023,-10.43938
21.45023,-7.979384
21.20023,-5.189384
20.90023,-2.409385
20.15023,0.5706152
18.60023,3.490615
17.10023,5.080615
16.55023,5.930615
17.02023,7.460615
16.20023,10.20061
13.62023,13.06061
12.95023,15.22061
8.850226,16.85061
6.450227,14.23061
5.950227,11.93062
6.850227,8.870615
7.650227,5.390615
6.050227,2.160615
3.600227,-1.109385
2.500227,-3.499385
3.120227,-4.389385
5.200227,-5.749384
7.950227,-7.359385
10.10023,-7.579385
12.12023,-6.409385
14.30023,-3.749385
15.28023,0.6206152
16.35023,4.200615
17.65023,5.870615
17.55023,6.930615
16.22023,8.400615
15.20023,10.40061
14.28023,13.57061
-0.7997729,2.460615
-0.249773,3.710615
-1.099773,4.510615
-1.949773,5.370615
-1.699773,6.590615
-1.999773,8.080615
-3.199773,9.520615
-3.349773,10.53061
-2.499773,11.35061
-1.149773,11.94061
0.900227,11.87062
3.550227,10.60061
5.800227,8.930615
7.600227,7.150615
9.700227,4.640615
11.95023,1.810615
13.50023,-0.4793848
14.00023,-2.099385
13.80023,-3.499385
13.70023,-5.019385
14.20023,-6.469385
15.35023,-7.639385
16.80023,-9.079385
18.70023,-11.31938
20.90023,-13.70938
23.00023,-15.43938
24.20023,-16.25938
24.25023,-15.98938
24.30023,-15.50938
24.50023,-15.68938
24.00023,-15.89938
22.80023,-15.11938
22.30023,-14.07938
22.65023,-13.46938
23.10023,-12.58938
23.35023,-10.98938
23.40023,-9.049384
23.20023,-6.539385
23.10023,-3.989385
22.10023,-1.339385
20.60023,1.690615
19.95023,3.920615
19.20023,4.920615
17.80023,6.160615
16.00023,8.820615
14.55023,11.18062
14.50023,13.75062
10.30023,16.32062
7.700227,13.76062
5.550227,9.110615
5.800227,5.450615
7.000227,4.230615
6.000227,2.450615
3.750227,0.4006152
1.900227,-1.569385
2.350227,-2.329385
4.000227,-2.929385
4.550227,-3.989385
4.300227,-4.339385
5.200227,-3.129385
6.800227,-0.9893848
7.950227,1.080615
9.200227,2.290615
9.350226,3.720615
8.200227,6.370615
7.800227,10.15061
8.500227,13.70061
8.700227,16.03061
0.2002271,2.690615
0.630227,3.820615
-0.8997729,4.810615
-2.769773,5.960615
-2.999773,7.290615
-3.049773,8.870615
-3.699773,10.69061
-3.719773,12.45061
-3.399773,13.88062
-3.249773,14.73061
-2.349773,14.90061
-0.8297729,14.42062
-0.449773,14.37062
-0.949773,13.36061
1.000227,9.000615
5.570227,3.140615
9.200227,-0.9893848
10.07023,-3.039385
9.550227,-3.999385
9.650227,-4.399384
10.90023,-4.929385
12.77023,-5.899384
14.70023,-7.289384
16.35023,-9.209385
17.90023,-11.63938
19.57023,-14.62938
21.15023,-16.92938
22.32023,-16.82938
23.20023,-15.52938
24.10023,-14.73938
24.65023,-14.78938
24.35023,-14.77938
23.80023,-14.12938
24.00023,-13.18938
24.75023,-12.21938
25.43023,-10.90938
25.30023,-9.129385
25.00023,-6.569385
25.20023,-4.209384
24.08023,-2.429385
22.50023,0.01061523
22.20023,2.770615
21.20023,4.190615
19.20023,4.800615
17.85023,6.940615
16.93023,9.560615
15.50023,12.45061
11.72023,15.68061
9.050227,13.65061
5.950227,7.200615
5.450227,3.100615
6.600227,2.570615
6.450227,1.550615
5.050227,0.8706152
3.450227,-0.03938476
3.950227,-0.5793847
5.300227,-1.359385
4.520227,-3.089385
3.500227,-3.889385
4.650227,-2.659385
5.900227,-0.7393848
5.630227,0.8706152
4.700227,2.630615
3.280227,5.900615
2.450227,10.06061
2.780227,13.49061
2.250227,15.58062
0.9802271,17.27061
0.900227,3.540615
1.700227,4.450615
0.6002271,5.050615
-1.899773,5.910615
-3.299773,7.200615
-3.649773,8.900615
-3.999773,11.06061
-4.249773,13.55062
-4.799773,15.66061
-5.999773,16.63062
-5.899773,16.66061
-4.099773,16.50061
-3.499773,17.65062
-5.499773,17.99061
-5.799773,13.36061
-1.199773,5.330615
4.000227,-0.5693848
6.000227,-2.979385
6.100227,-3.249385
6.550227,-2.029385
8.100226,-1.139385
10.40023,-1.979385
12.90023,-3.909385
15.20023,-6.099385
17.10023,-8.529385
18.60023,-12.32938
20.30023,-16.36938
22.10023,-17.65938
23.20023,-16.42938
23.80023,-14.45938
24.80023,-13.29938
25.65023,-13.17938
25.70023,-13.07938
25.55023,-12.43938
26.20023,-11.69938
27.35023,-10.89938
27.40023,-9.589384
26.90023,-7.159385
27.40023,-4.609385
26.65023,-3.049385
24.90023,-1.289385
24.15023,1.370615
23.30023,3.440615
22.05023,4.540615
21.50023,6.580615
19.55023,9.100616
16.90023,11.86061
12.65023,15.22061
8.900227,11.99061
6.550227,5.590615
5.800227,2.160615
6.900227,1.620615
7.000227,0.3806152
5.850227,-0.4393848
4.700227,-0.2093848
4.950227,0.3606152
5.200227,-0.3493848
4.000227,-2.749385
3.800227,-3.519385
5.300227,-1.329385
5.300227,1.080615
3.200227,2.280615
0.400227,3.870615
-1.349773,7.620615
-1.499773,12.21062
-1.999773,15.11061
-4.499773,16.31062
-5.749773,18.36061
1.350227,3.960615
1.970227,5.020615
1.550227,5.190615
-1.119773,5.410615
-3.249773,6.480615
-3.549773,8.280615
-3.799773,10.59062
-4.849773,13.59062
-6.349773,16.34061
-7.869773,17.80062
-8.049773,17.88062
-5.949773,17.07062
-3.799773,17.43061
-5.499773,18.46062
-8.949773,15.80062
-7.199773,8.720615
-1.749773,2.400615
2.420227,-0.5593848
4.300227,-0.6293848
4.850227,1.850615
5.800227,4.020615
7.800227,3.460615
10.40023,0.9406152
13.32023,-2.189385
16.25023,-4.839385
18.67023,-7.729384
20.75023,-11.33938
23.00023,-14.11938
24.60023,-15.01938
25.08023,-14.09938
25.45023,-12.73938
26.22023,-11.91938
26.35023,-11.76938
26.17023,-11.60938
26.65023,-11.09938
27.85023,-10.39938
28.35023,-9.429384
28.13023,-7.459384
28.70023,-4.779385
28.65023,-2.709385
27.30023,-1.259385
26.40023,0.7806152
25.70023,3.060615
24.33023,4.980615
22.85023,6.910615
19.83023,8.900615
17.80023,11.60061
14.35023,14.13062
8.550227,8.540615
7.500227,2.810615
7.350227,1.040615
7.900227,0.3806152
7.950227,-1.229385
6.150227,-2.719385
4.750227,-2.099385
4.870227,-0.8493847
4.700227,-1.999385
3.800227,-4.489385
3.800227,-3.889385
3.750227,0.06061523
2.000227,2.390615
-0.699773,2.260615
-3.199773,3.250615
-4.399773,7.170615
-4.499773,12.14061
-5.349773,15.45061
-7.349773,16.61061
-7.699773,18.39062
2.400227,3.010615
2.200227,4.190615
1.700227,4.560615
-0.9997729,4.810615
-3.199773,5.930615
-3.299773,7.700615
-3.599773,9.960615
-5.349773,13.05062
-7.099773,15.81061
-8.349772,17.69061
-8.899773,18.70061
-7.449773,17.89062
-4.999773,16.94061
-5.899773,17.49061
-10.89977,16.95061
-12.54977,12.85061
-8.799773,7.870615
-3.399773,4.520615
0.300227,3.640615
1.700227,5.400615
2.900227,7.170615
5.050227,6.760615
7.600227,4.630615
10.15023,1.560615
12.90023,-1.119385
15.35023,-2.949385
17.50023,-4.729384
20.15023,-7.089385
22.70023,-9.549384
24.15023,-11.03938
25.10023,-11.44938
26.10023,-11.32938
26.90023,-11.41938
27.05023,-11.35938
27.00023,-10.66938
27.50023,-9.469384
27.90023,-8.029385
28.00023,-6.109385
28.60023,-3.709385
28.75023,-1.629385
27.90023,-0.1993848
26.85023,1.340615
25.80023,2.920615
23.70023,4.610615
21.60023,6.480615
19.95023,8.650615
19.60023,11.44061
17.30023,12.86061
9.700227,5.660615
8.050227,-0.2093848
8.700227,-0.5793847
8.500227,-1.239385
8.000227,-3.049385
5.850227,-4.479385
4.100227,-3.839385
4.250227,-2.839385
4.400227,-4.579385
3.950227,-6.439384
3.400227,-3.979385
1.500227,0.8806152
-1.599773,2.160615
-3.999773,1.110615
-5.299773,2.490615
-6.149773,6.710615
-6.799773,11.46062
-7.549773,14.57061
-8.399773,15.62062
-8.799773,17.50061
3.750227,1.040615
2.400227,1.660615
1.300227,2.720615
-0.9197729,3.960615
-2.699773,5.480615
-2.699773,7.010615
-2.799773,9.070615
-4.249773,12.10061
-6.099773,14.35061
-7.469773,16.07062
-8.549773,18.31062
-8.399773,18.83061
-6.799773,17.17061
-6.629773,15.89061
-9.999773,15.68061
-13.14977,14.62062
-12.09977,12.48061
-8.099772,10.30062
-4.299773,8.860615
-1.749773,8.300615
0.500227,7.730615
2.850227,6.620615
4.950227,5.290615
7.220227,3.610615
9.950227,1.540615
12.25023,-0.5793847
13.95023,-2.349385
15.72023,-3.909385
17.60023,-5.689384
19.20023,-7.389385
20.95023,-8.509384
23.37023,-8.859385
25.60023,-8.749385
26.57023,-8.389384
26.70023,-7.859385
26.73023,-6.799385
27.00023,-5.369385
27.55023,-4.029385
28.25023,-2.759385
28.05023,-1.339385
26.70023,0.1306152
25.30023,1.450615
24.20023,2.410615
23.00023,4.130615
22.15023,6.680615
22.18023,9.000615
21.35023,10.50062
18.32023,9.920615
11.10023,3.930615
7.450227,-2.219385
8.300227,-2.149385
8.150227,-3.159385
7.200227,-4.849385
5.600227,-5.729384
3.900227,-5.209384
3.300227,-4.729384
3.100227,-6.089385
3.130227,-6.779385
2.900227,-3.769385
1.050227,0.09061524
-2.299773,0.2906152
-5.069773,-0.3493848
-6.499773,1.910615
-7.899773,6.090615
-9.449773,10.43062
-10.14977,13.50062
-10.39977,14.72061
-11.81977,16.61061
