U,V
2.63,-0.4465625
2.62,-0.5165625
2.6,-0.5865625
2.59,-0.6565625
2.57,-0.7265625
2.55,-0.7865625
2.53,-0.8565625
2.51,-0.9165625
2.48,-0.9865625
2.45,-1.046562
2.43,-1.116562
2.4,-1.176562
2.36,-1.236562
2.33,-1.306562
2.3,-1.366562
2.26,-1.426562
2.22,-1.476562
2.18,-1.536562
2.14,-1.596563
2.1,-1.646562
2.05,-1.706563
2.01,-1.756562
1.96,-1.806562
1.91,-1.856562
1.86,-1.906562
1.81,-1.956562
1.76,-2.006562
1.71,-2.046562
1.66,-2.096562
1.6,-2.136562
1.54,-2.176563
1.49,-2.216563
1.43,-2.256562
1.37,-2.296562
1.31,-2.326562
1.25,-2.356562
1.18,-2.396562
1.12,-2.426563
1.06,-2.446563
0.9899999,-2.476562
0.93,-2.506562
0.86,-2.526562
0.79,-2.546562
0.73,-2.566562
0.66,-2.586562
0.59,-2.606562
0.52,-2.616562
0.46,-2.626562
0.39,-2.636562
0.32,-2.646562
0.25,-2.656562
0.18,-2.666563
0.11,-2.666563
0.04,-2.666563
-0.03,-2.666563
-0.09999999,-2.666563
-0.17,-2.666563
-0.24,-2.656562
-0.31,-2.646562
-0.38,-2.646562
-0.45,-2.626562
-0.52,-2.616562
-0.59,-2.606562
-0.65,-2.586562
-0.72,-2.566562
-0.79,-2.546562
-0.86,-2.526562
-0.92,-2.506562
6.5,-2.776562
6.38,-2.936563
6.2,-3.086562
6.03,-3.236562
5.85,-3.366562
5.63,-3.496562
5.5,-3.606562
5.28,-3.716563
5.05,-3.816562
4.85,-3.906562
4.65,-3.976562
4.43,-4.056562
4.25,-4.106563
4.02,-4.156562
3.85,-4.206563
3.65,-4.236562
3.45,-4.256562
3.22,-4.276562
3.05,-4.286562
2.82,-4.286562
2.65,-4.276562
2.42,-4.256562
2.25,-4.236562
2.05,-4.206563
1.85,-4.166563
1.67,-4.126563
1.55,-4.076562
1.37,-4.026562
1.2,-3.966563
1.02,-3.896562
0.85,-3.826562
0.75,-3.746562
0.6,-3.666562
0.45,-3.586562
0.3,-3.496562
0.15,-3.406562
0.09999999,-3.316562
-0.05,-3.216563
-0.15,-3.106562
-0.28,-3.006562
-0.35,-2.896562
-0.48,-2.796562
-0.55,-2.686563
-0.63,-2.576562
-0.7,-2.456563
-0.78,-2.346562
-0.8,-2.226562
-0.88,-2.116562
-0.9,-1.996562
-0.95,-1.886562
-0.95,-1.766562
-1.05,-1.656562
-1.05,-1.546562
-1.08,-1.436562
-1.1,-1.326563
-1.1,-1.216563
-1.05,-1.106562
-1.08,-1.006562
-1.1,-0.8965625
-1.08,-0.8065625
-1.05,-0.7065625
-1.03,-0.6165625
-1,-0.5265625
-0.95,-0.4365625
-0.95,-0.3565625
-0.9,-0.2765625
-0.85,-0.1965625
-0.83,-0.1365625
10.6,-5.926562
10.25,-6.166563
9.8,-6.366562
9.45,-6.556562
9,-6.726562
8.65,-6.876562
8.2,-7.006562
7.85,-7.106562
7.4,-7.196562
7,-7.256562
6.6,-7.306562
6.15,-7.336562
5.8,-7.346562
5.35,-7.346562
5,-7.316562
4.6,-7.286562
4.2,-7.226562
3.85,-7.166563
3.5,-7.086562
3.1,-6.996562
2.8,-6.896563
2.45,-6.786562
2.1,-6.666563
1.8,-6.546562
1.5,-6.406562
1.2,-6.266562
0.9,-6.116562
0.65,-5.966562
0.4,-5.796562
0.15,-5.636562
-0.09999999,-5.456563
-0.35,-5.276562
-0.6,-5.086562
-0.75,-4.906562
-1,-4.706563
-1.15,-4.506562
-1.3,-4.296562
-1.5,-4.096562
-1.7,-3.876562
-1.8,-3.666562
-1.9,-3.436563
-2.05,-3.216563
-2.2,-2.986562
-2.25,-2.756562
-2.3,-2.516562
-2.4,-2.286562
-2.4,-2.046562
-2.5,-1.806562
-2.5,-1.576563
-2.5,-1.336563
-2.5,-1.106562
-2.5,-0.8765625
-2.5,-0.6465625
-2.4,-0.4265625
-2.4,-0.2065625
-2.3,0.0034375
-2.2,0.2034375
-2.15,0.3934375
-2.1,0.5934375
-1.95,0.7734375
-1.9,0.9434375
-1.75,1.103437
-1.6,1.263438
-1.45,1.413437
-1.3,1.543437
-1.15,1.673437
-1,1.793437
-0.85,1.893438
13.8,-9.796562
13.15,-10.05656
12.55,-10.28656
11.9,-10.46656
11.25,-10.61656
10.62,-10.72656
10,-10.80656
9.37,-10.85656
8.7,-10.87656
8.12,-10.86656
7.5,-10.82656
6.9,-10.77656
6.35,-10.68656
5.72,-10.59656
5.15,-10.47656
4.62,-10.34656
4.1,-10.19656
3.55,-10.03656
3.05,-9.866562
2.57,-9.686563
2.1,-9.496562
1.65,-9.306562
1.2,-9.096562
0.8,-8.886562
0.4,-8.666562
0,-8.436563
-0.35,-8.206562
-0.73,-7.966562
-1.05,-7.726562
-1.4,-7.476562
-1.7,-7.206563
-1.98,-6.926562
-2.25,-6.636562
-2.53,-6.336562
-2.75,-6.026562
-2.98,-5.696562
-3.15,-5.356563
-3.35,-5.006562
-3.5,-4.646563
-3.63,-4.266562
-3.75,-3.886562
-3.78,-3.496562
-3.85,-3.096562
-3.88,-2.706563
-3.9,-2.306562
-3.85,-1.906562
-3.8,-1.506562
-3.73,-1.116562
-3.65,-0.7365625
-3.53,-0.3665625
-3.45,0.0034375
-3.25,0.3534375
-3.1,0.6834375
-2.93,1.003438
-2.7,1.313437
-2.53,1.593437
-2.3,1.863437
-2.13,2.113437
-1.85,2.343437
-1.65,2.553437
-1.45,2.743438
-1.18,2.913437
-0.95,3.073437
-0.73,3.203437
-0.45,3.333437
-0.25,3.423437
-0.05,3.513438
0.2,3.583437
16.2,-13.92656
15.3,-14.20656
14.4,-14.40656
13.5,-14.55656
12.7,-14.64656
11.8,-14.68656
11,-14.67656
10.15,-14.63656
9.3,-14.55656
8.55,-14.45656
7.7,-14.31656
6.95,-14.16656
6.2,-13.98656
5.45,-13.80656
4.7,-13.58656
4.05,-13.37656
3.4,-13.12656
2.7,-12.88656
2.1,-12.62656
1.5,-12.36656
0.9,-12.09656
0.3,-11.81656
-0.2,-11.52656
-0.75,-11.22656
-1.2,-10.92656
-1.65,-10.60656
-2.1,-10.27656
-2.5,-9.926562
-2.9,-9.566563
-3.25,-9.176562
-3.6,-8.756562
-3.9,-8.316563
-4.2,-7.856562
-4.4,-7.356562
-4.6,-6.836562
-4.85,-6.296562
-4.9,-5.726562
-5.05,-5.146563
-5.1,-4.536562
-5.1,-3.936562
-5.1,-3.316562
-5,-2.706563
-4.9,-2.096562
-4.75,-1.506562
-4.5,-0.9165625
-4.3,-0.3665625
-4.1,0.1834375
-3.8,0.6834375
-3.5,1.173437
-3.2,1.613437
-2.9,2.043437
-2.6,2.423437
-2.3,2.783437
-2,3.103437
-1.6,3.403437
-1.3,3.663437
-1,3.903437
-0.8,4.103437
-0.5,4.293437
-0.2,4.453437
0.09999999,4.593437
0.3,4.713438
0.6,4.813437
0.85,4.893437
1.1,4.963438
1.35,5.013437
1.6,5.053437
1.9,5.063437
18,-17.64656
16.9,-17.98656
15.8,-18.21656
14.75,-18.35656
13.75,-18.39656
12.72,-18.37656
11.7,-18.29656
10.75,-18.16656
9.8,-17.99656
8.9,-17.80656
8,-17.59656
7.07,-17.36656
6.2,-17.11656
5.32,-16.85656
4.4,-16.56656
3.57,-16.27656
2.75,-15.94656
1.92,-15.61656
1.2,-15.26656
0.45,-14.90656
-0.25,-14.52656
-0.9,-14.13656
-1.5,-13.73656
-2.08,-13.31656
-2.65,-12.88656
-3.13,-12.43656
-3.6,-11.95656
-4.05,-11.44656
-4.45,-10.88656
-4.85,-10.28656
-5.25,-9.636562
-5.55,-8.946563
-5.8,-8.196563
-6.03,-7.406562
-6.2,-6.576562
-6.3,-5.726562
-6.35,-4.846562
-6.33,-3.966563
-6.3,-3.086562
-6.1,-2.226562
-5.95,-1.386562
-5.7,-0.5765625
-5.45,0.2034375
-5.1,0.9234375
-4.7,1.603437
-4.38,2.223438
-4,2.793437
-3.63,3.293437
-3.25,3.733437
-2.88,4.103437
-2.5,4.433437
-2.15,4.693438
-1.8,4.903438
-1.5,5.073437
-1.2,5.213438
-0.93,5.333437
-0.65,5.443438
-0.4,5.543437
-0.2,5.653437
0.09999999,5.763437
0.3,5.883437
0.57,6.003438
0.85,6.133437
1.12,6.273438
1.4,6.403437
1.7,6.543437
2.05,6.673437
2.37,6.793437
19.2,-20.25656
18.1,-20.81656
17,-21.20656
15.85,-21.43656
14.7,-21.52656
13.65,-21.50656
12.7,-21.38656
11.65,-21.21656
10.7,-20.99656
9.75,-20.75656
8.8,-20.48656
7.85,-20.21656
6.9,-19.90656
5.9,-19.60656
4.9,-19.24656
3.95,-18.88656
3,-18.47656
2.1,-18.04656
1.2,-17.58656
0.3,-17.11656
-0.5,-16.61656
-1.25,-16.10656
-1.9,-15.59656
-2.55,-15.07656
-3.1,-14.51656
-3.7,-13.94656
-4.3,-13.32656
-4.75,-12.65656
-5.3,-11.91656
-5.75,-11.09656
-6.2,-10.21656
-6.55,-9.256562
-6.9,-8.236563
-7.15,-7.156562
-7.3,-6.046562
-7.45,-4.916563
-7.5,-3.786562
-7.45,-2.676563
-7.4,-1.586563
-7.15,-0.5565625
-6.9,0.4334375
-6.7,1.363437
-6.4,2.253438
-6,3.063437
-5.7,3.833437
-5.3,4.513437
-4.9,5.133437
-4.55,5.643437
-4.1,6.073437
-3.65,6.383437
-3.2,6.603437
-2.75,6.713438
-2.4,6.773438
-1.95,6.753438
-1.6,6.713438
-1.2,6.663437
-0.9,6.613437
-0.5,6.583437
-0.2,6.583437
0.09999999,6.613437
0.5,6.683437
0.8,6.793437
1.2,6.953437
1.5,7.153437
1.9,7.403437
2.35,7.683437
2.7,7.983438
3.25,8.303437
20.15,-21.21656
19.15,-22.18656
18.05,-22.93656
17,-23.43656
15.9,-23.73656
14.9,-23.83656
13.95,-23.80656
13,-23.67656
12.1,-23.45656
11.2,-23.20656
10.25,-22.92656
9.4,-22.63656
8.45,-22.31656
7.47,-21.98656
6.5,-21.60656
5.45,-21.18656
4.45,-20.71656
3.45,-20.19656
2.5,-19.63656
1.55,-19.04656
0.65,-18.44656
-0.15,-17.83656
-0.95,-17.22656
-1.68,-16.63656
-2.4,-16.01656
-3.08,-15.36656
-3.7,-14.67656
-4.35,-13.89656
-4.95,-13.03656
-5.48,-12.06656
-6,-10.99656
-6.4,-9.816563
-6.8,-8.566563
-7.03,-7.266562
-7.2,-5.926562
-7.33,-4.596562
-7.35,-3.296562
-7.35,-2.046562
-7.25,-0.8565625
-7.1,0.2634375
-6.9,1.333437
-6.68,2.333437
-6.4,3.293437
-6.2,4.203437
-5.85,5.073437
-5.53,5.873437
-5.1,6.603437
-4.65,7.203437
-4.2,7.703437
-3.65,8.043437
-3.15,8.253437
-2.6,8.313437
-2.1,8.283438
-1.6,8.163437
-1.15,8.013437
-0.7,7.853437
-0.25,7.703437
0.15,7.593437
0.6,7.523438
1.05,7.523438
1.5,7.583437
1.97,7.723437
2.45,7.943437
2.92,8.243438
3.45,8.593437
3.97,9.003437
4.6,9.413437
5.17,9.823438
20.3,-20.70656
19.55,-22.06656
18.7,-23.19656
17.9,-24.03656
16.9,-24.62656
16.1,-24.95656
15.2,-25.08656
14.35,-25.04656
13.6,-24.91656
12.8,-24.73656
12,-24.50656
11.2,-24.27656
10.4,-24.03656
9.5,-23.78656
8.5,-23.49656
7.55,-23.14656
6.5,-22.72656
5.5,-22.23656
4.5,-21.65656
3.5,-21.03656
2.5,-20.34656
1.6,-19.64656
0.7,-18.93656
-0.15,-18.24656
-1,-17.54656
-1.75,-16.83656
-2.5,-16.07656
-3.25,-15.24656
-3.9,-14.31656
-4.55,-13.23656
-5.1,-12.03656
-5.55,-10.69656
-6,-9.256562
-6.3,-7.726562
-6.5,-6.166563
-6.6,-4.616562
-6.6,-3.106562
-6.6,-1.676562
-6.5,-0.3165625
-6.35,0.9334375
-6.1,2.113437
-5.9,3.223437
-5.7,4.283437
-5.4,5.283437
-5.1,6.243437
-4.75,7.123437
-4.3,7.923437
-3.85,8.583437
-3.4,9.123437
-2.95,9.473437
-2.4,9.683437
-2.05,9.743437
-1.6,9.693438
-1.2,9.543437
-0.8,9.373437
-0.5,9.183437
-0.09999999,9.013437
0.25,8.903438
0.6,8.873437
1.05,8.953437
1.5,9.133437
1.95,9.413437
2.5,9.783438
3.1,10.20344
3.7,10.64344
4.35,11.08344
5,11.48344
5.7,11.81344
19.1,-18.79656
18.83,-20.27656
18.4,-21.56656
17.95,-22.60656
17.45,-23.40656
16.9,-23.93656
16.35,-24.27656
15.87,-24.42656
15.3,-24.46656
14.82,-24.43656
14.25,-24.38656
13.62,-24.34656
12.95,-24.31656
12.17,-24.29656
11.3,-24.25656
10.35,-24.17656
9.349999,-24.02656
8.3,-23.76656
7.2,-23.40656
6.12,-22.92656
5.05,-22.33656
4,-21.66656
3,-20.93656
2.02,-20.18656
1.1,-19.40656
0.15,-18.61656
-0.7,-17.80656
-1.5,-16.91656
-2.3,-15.93656
-3.03,-14.81656
-3.75,-13.54656
-4.3,-12.09656
-4.85,-10.49656
-5.35,-8.756562
-5.75,-6.946562
-6.03,-5.106563
-6.25,-3.296562
-6.33,-1.576563
-6.35,0.0434375
-6.2,1.503438
-6,2.833437
-5.8,4.003438
-5.5,5.043437
-5.23,5.963438
-4.95,6.783437
-4.65,7.483438
-4.4,8.103437
-4.23,8.603437
-4,9.013437
-3.85,9.303437
-3.7,9.533438
-3.5,9.673437
-3.35,9.773438
-3.12,9.813437
-2.9,9.843437
-2.6,9.893437
-2.25,10.00344
-1.85,10.21344
-1.35,10.48344
-0.78,10.81344
-0.15,11.16344
0.5,11.50344
1.2,11.83344
1.82,12.13344
2.5,12.42344
3.05,12.69344
3.65,12.94344
4.07,13.16344
18.4,-16.10656
18.5,-17.55656
18.5,-18.86656
18.4,-19.96656
18.3,-20.88656
18.2,-21.58656
18.1,-22.15656
18,-22.58656
17.9,-22.95656
17.7,-23.28656
17.5,-23.59656
17.05,-23.89656
16.5,-24.19656
15.8,-24.46656
14.9,-24.67656
13.95,-24.82656
12.9,-24.88656
11.85,-24.86656
10.7,-24.72656
9.65,-24.46656
8.5,-24.08656
7.45,-23.58656
6.3,-22.95656
5.25,-22.24656
4.1,-21.44656
3,-20.58656
1.9,-19.66656
0.85,-18.68656
-0.09999999,-17.62656
-1,-16.43656
-1.8,-15.10656
-2.55,-13.58656
-3.2,-11.88656
-3.81,-9.996562
-4.4,-7.986562
-4.86,-5.896563
-5.3,-3.806562
-5.61,-1.796562
-5.8,0.0734375
-5.8,1.713437
-5.7,3.153437
-5.65,4.303437
-5.5,5.243437
-5.35,5.943438
-5.2,6.503438
-5.2,6.933437
-5.3,7.313437
-5.45,7.643437
-5.6,7.983438
-5.75,8.343437
-5.8,8.743438
-5.8,9.153438
-5.8,9.553437
-5.6,9.923437
-5.3,10.28344
-4.95,10.65344
-4.4,11.06344
-3.8,11.49344
-3.2,11.92344
-2.45,12.27344
-1.7,12.53344
-1.05,12.68344
-0.3,12.77344
0.3,12.83344
0.8,12.89344
1.2,12.95344
1.4,13.04344
1.5,13.14344
18.75,-11.80656
19.28,-13.33656
19.7,-14.76656
20,-16.02656
20.25,-17.14656
20.4,-18.07656
20.6,-18.91656
20.83,-19.67656
20.95,-20.42656
21.1,-21.19656
21.1,-21.98656
20.88,-22.78656
20.45,-23.55656
19.7,-24.26656
18.75,-24.85656
17.78,-25.29656
16.7,-25.60656
15.7,-25.78656
14.7,-25.86656
13.82,-25.84656
13,-25.73656
12.07,-25.50656
11.1,-25.14656
9.95,-24.58656
8.7,-23.82656
7.27,-22.84656
5.8,-21.69656
4.37,-20.40656
3.05,-19.03656
1.85,-17.60656
0.85,-16.12656
-0.03,-14.58656
-0.8,-12.94656
-1.48,-11.17656
-2.15,-9.266562
-2.81,-7.226562
-3.45,-5.116562
-4.03,-3.006562
-4.5,-0.9965625
-4.85,0.7934375
-5.1,2.343437
-5.25,3.543437
-5.4,4.473437
-5.48,5.103437
-5.65,5.563437
-5.85,5.903437
-6.1,6.233438
-6.4,6.613437
-6.7,7.073437
-6.95,7.663437
-7.1,8.343437
-7.15,9.093437
-7.05,9.843437
-6.85,10.52344
-6.55,11.11344
-6.13,11.59344
-5.65,11.99344
-5.13,12.33344
-4.55,12.62344
-3.93,12.81344
-3.3,12.91344
-2.55,12.94344
-1.8,12.94344
-1.2,12.94344
-0.8,12.92344
-0.67,12.86344
-0.75,12.75344
-1.05,12.65344
18.7,-6.526562
19.75,-8.146563
20.7,-9.756562
21.5,-11.32656
22.1,-12.79656
22.65,-14.13656
23.1,-15.36656
23.45,-16.50656
23.8,-17.57656
24.1,-18.64656
24.3,-19.70656
24.25,-20.81656
24,-21.93656
23.45,-23.03656
22.7,-24.05656
21.75,-24.92656
20.7,-25.64656
19.8,-26.19656
18.9,-26.61656
18.15,-26.94656
17.5,-27.19656
16.75,-27.32656
15.9,-27.29656
14.75,-26.97656
13.4,-26.32656
11.75,-25.29656
10,-23.96656
8.349999,-22.38656
6.7,-20.68656
5.25,-18.99656
4,-17.35656
2.95,-15.80656
1.9,-14.26656
1,-12.68656
0.09999999,-10.98656
-0.81,-9.116562
-1.7,-7.086562
-2.56,-4.966562
-3.3,-2.856562
-4.01,-0.9065625
-4.6,0.8334375
-5.05,2.213438
-5.4,3.303437
-5.8,4.033437
-6,4.553437
-6.25,4.913437
-6.4,5.253438
-6.55,5.653437
-6.7,6.163437
-6.85,6.853437
-7,7.663437
-7.05,8.593437
-7.1,9.543437
-7.05,10.40344
-6.9,11.13344
-6.7,11.64344
-6.4,12.02344
-6.05,12.29344
-5.6,12.51344
-5.1,12.66344
-4.5,12.76344
-3.8,12.85344
-3.1,12.96344
-2.55,13.11344
-2.2,13.22344
-2.2,13.12344
-2.4,12.83344
-2.65,12.39344
16.1,-2.166563
17.23,-3.486562
18.4,-4.866562
19.55,-6.276562
20.7,-7.736562
21.8,-9.216562
22.8,-10.71656
23.75,-12.20656
24.6,-13.67656
25.38,-15.15656
26,-16.67656
26.45,-18.23656
26.7,-19.80656
26.68,-21.32656
26.45,-22.75656
25.93,-24.03656
25.35,-25.13656
24.58,-26.02656
23.85,-26.75656
23.08,-27.32656
22.3,-27.79656
21.33,-28.14656
20.25,-28.34656
19,-28.30656
17.55,-27.96656
15.92,-27.25656
14.25,-26.22656
12.67,-24.90656
11.1,-23.41656
9.62,-21.86656
8.099999,-20.30656
6.62,-18.76656
5.1,-17.19656
3.62,-15.53656
2.15,-13.72656
0.87,-11.72656
-0.3,-9.566563
-1.31,-7.306562
-2.2,-5.066562
-3.01,-3.006562
-3.75,-1.146562
-4.43,0.3934375
-5.1,1.703437
-5.6,2.733438
-6,3.563437
-6.1,4.193438
-6.05,4.713438
-5.83,5.183437
-5.6,5.673438
-5.43,6.253438
-5.4,6.953437
-5.55,7.813437
-5.75,8.753437
-5.95,9.693438
-6.1,10.51344
-6.08,11.14344
-6,11.63344
-5.7,12.03344
-5.35,12.39344
-4.88,12.74344
-4.4,13.06344
-3.9,13.31344
-3.55,13.51344
-3.35,13.61344
-3.35,13.59344
-3.6,13.32344
-3.95,12.78344
-4.07,12.00344
12.6,-0.4865625
13.55,-1.026562
14.7,-1.456563
16.1,-1.886562
17.7,-2.486562
19.4,-3.416562
21.2,-4.676562
22.85,-6.286562
24.4,-8.146563
25.75,-10.21656
26.9,-12.39656
27.76,-14.65656
28.3,-16.89656
28.75,-19.07656
29,-21.12656
29,-22.94656
28.9,-24.51656
28.7,-25.75656
28.3,-26.71656
27.65,-27.37656
26.8,-27.82656
25.7,-28.10656
24.4,-28.27656
23,-28.38656
21.6,-28.40656
20.15,-28.32656
18.8,-28.08656
17.45,-27.62656
16.1,-26.91656
14.5,-25.91656
12.7,-24.64656
10.7,-23.08656
8.599999,-21.27656
6.44,-19.20656
4.5,-16.93656
2.79,-14.48656
1.4,-11.94656
0.24,-9.466562
-0.7,-7.116562
-1.56,-5.076562
-2.4,-3.286562
-3.2,-1.736562
-4,-0.2465625
-4.7,1.183437
-5.2,2.583437
-5.5,3.753438
-5.5,4.673438
-5.3,5.283437
-4.9,5.753438
-4.65,6.153437
-4.5,6.603437
-4.5,7.233438
-4.6,8.033438
-4.75,8.933437
-4.9,9.793437
-4.9,10.50344
-4.9,11.13344
-4.75,11.68344
-4.5,12.20344
-4.1,12.68344
-3.8,13.09344
-3.55,13.34344
-3.5,13.43344
-3.8,13.32344
-4.3,13.08344
-4.9,12.65344
-5.5,12.03344
-5.9,11.23344
12.9,1.263438
14.22,1.273438
15.65,1.273438
17.33,1.153437
19.15,0.8234375
20.98,0.1934375
22.8,-0.7565625
24.48,-2.086562
26,-3.726562
27.35,-5.656562
28.5,-7.786562
29.41,-10.07656
30.1,-12.46656
30.61,-14.90656
30.95,-17.32656
31.23,-19.64656
31.4,-21.81656
31.58,-23.71656
31.5,-25.37656
31.25,-26.68656
30.65,-27.68656
29.73,-28.30656
28.5,-28.67656
27.12,-28.90656
25.8,-29.10656
24.58,-29.38656
23.45,-29.71656
22.3,-30.01656
20.9,-30.11656
19.02,-29.76656
16.8,-28.89656
14.22,-27.37656
11.65,-25.34656
9.139999,-22.86656
6.95,-20.10656
5.14,-17.18656
3.6,-14.24656
2.32,-11.50656
1.25,-9.056562
0.3,-7.066562
-0.6,-5.386562
-1.43,-3.886562
-2.2,-2.336562
-3,-0.5565625
-3.7,1.353437
-4.25,3.143437
-4.7,4.583437
-4.85,5.443438
-4.95,5.913437
-4.98,6.093437
-4.95,6.273438
-4.95,6.683437
-4.9,7.343437
-4.78,8.243438
-4.65,9.203437
-4.5,10.09344
-4.4,10.84344
-4.3,11.41344
-4.25,11.86344
-4.15,12.17344
-4,12.37344
-3.92,12.37344
-3.9,12.20344
-4.15,11.85344
-4.6,11.42344
-5.3,10.94344
-6.05,10.44344
-6.6,9.923437
16.1,3.783437
17.65,3.803437
19.2,3.653437
20.7,3.343437
22.1,2.883437
23.65,2.203438
25.2,1.263438
26.8,-0.0465625
28.3,-1.656562
29.5,-3.556562
30.6,-5.586562
31.45,-7.716562
32.1,-9.906562
32.65,-12.14656
33.1,-14.39656
33.4,-16.62656
33.7,-18.79656
34,-20.90656
34.2,-22.97656
34.3,-25.01656
34.2,-26.96656
33.55,-28.64656
32.5,-29.98656
31.25,-30.88656
29.8,-31.49656
28.55,-31.89656
27.4,-32.21656
26.15,-32.47656
24.6,-32.59656
22.5,-32.38656
20,-31.70656
17.2,-30.35656
14.4,-28.40656
11.89,-25.86656
9.599999,-22.94656
7.69,-19.78656
6,-16.62656
4.49,-13.71656
3.1,-11.14656
1.95,-9.126562
1,-7.436563
0.15,-5.946562
-0.6,-4.356563
-1.41,-2.516562
-2.2,-0.4565625
-3.01,1.593437
-3.8,3.383437
-4.4,4.573437
-4.8,5.273438
-5.15,5.483438
-5.3,5.593437
-5.35,5.913437
-5.4,6.533437
-5.3,7.523438
-5.2,8.703437
-5.1,9.863438
-4.9,10.83344
-4.8,11.42344
-4.7,11.75344
-4.75,11.85344
-4.8,11.82344
-4.75,11.62344
-4.5,11.26344
-4.35,10.73344
-4.3,10.14344
-4.6,9.573438
-5.1,9.053437
-5.5,8.603437
19,8.743438
20.73,8.433437
22.3,7.843437
23.78,7.073437
25.3,6.223437
27.05,5.233438
28.95,4.033437
30.9,2.503438
32.75,0.6734375
34.2,-1.446562
35.4,-3.746562
36.41,-6.136562
37.2,-8.576562
37.78,-10.98656
38.05,-13.34656
38,-15.54656
37.75,-17.56656
37.45,-19.38656
37.3,-21.15656
37.33,-23.03656
37.25,-25.13656
36.86,-27.48656
36.2,-29.89656
35.1,-32.10656
33.8,-33.91656
32.25,-35.04656
30.55,-35.58656
28.67,-35.48656
26.7,-35.02656
24.55,-34.33656
22.3,-33.51656
19.87,-32.45656
17.5,-30.99656
15.09,-28.89656
12.8,-26.21656
10.64,-23.05656
8.599999,-19.73656
6.72,-16.61656
5.05,-13.84656
3.62,-11.58656
2.45,-9.636562
1.55,-7.886562
0.8,-6.126563
0.09,-4.256562
-0.6,-2.276562
-1.41,-0.3065625
-2.25,1.523438
-2.9,2.973438
-3.4,4.023438
-3.68,4.553437
-3.75,4.833437
-3.73,5.053437
-3.85,5.483438
-4.13,6.343437
-4.5,7.553437
-4.93,8.903438
-5.15,10.08344
-5.13,10.83344
-5,11.25344
-4.85,11.41344
-4.75,11.45344
-4.57,11.37344
-4.3,11.15344
-3.97,10.66344
-3.6,10.00344
-3.4,9.263437
-3.35,8.593437
-3.37,8.053437
18.8,12.33344
21.05,11.97344
23.3,11.37344
25.65,10.48344
27.9,9.333437
30.05,7.863437
32.3,6.173438
34.35,4.323437
36.3,2.413437
38.05,0.4234375
39.6,-1.716563
40.81,-4.066562
41.9,-6.516562
42.76,-8.996562
43.4,-11.40656
43.9,-13.75656
44,-16.08656
43.7,-18.44656
43.3,-20.78656
42.7,-23.09656
42,-25.37656
40.96,-27.72656
39.9,-30.21656
38.71,-32.86656
37.4,-35.40656
35.7,-37.36656
33.7,-38.53656
31.3,-38.65656
28.9,-38.09656
26.65,-37.19656
24.6,-36.33656
22.75,-35.55656
20.8,-34.56656
18.59,-32.90656
16.2,-30.46656
13.64,-27.22656
11.2,-23.63656
9.04,-20.12656
7.1,-16.90656
5.54,-14.19656
4.3,-11.76656
3.34,-9.586562
2.6,-7.506562
1.99,-5.566562
1.4,-3.696563
0.8,-1.886562
0.09999999,-0.1065625
-0.45,1.533437
-0.8,2.933437
-1.05,3.833437
-1.1,4.323437
-1,4.503438
-1.1,4.713438
-1.35,5.283437
-1.9,6.303437
-2.7,7.693437
-3.4,9.013437
-3.8,9.913437
-3.9,10.45344
-3.7,10.68344
-3.4,10.84344
-3.1,10.97344
-2.9,11.01344
-2.6,10.77344
-2.4,10.26344
-2.1,9.563437
-1.8,8.913437
-1.4,8.483438
19.35,15.71344
22.2,16.31344
25.05,16.46344
27.8,15.93344
30.45,14.73344
32.93,12.71344
35.1,10.20344
36.76,7.613437
38.15,5.163437
39.56,2.753438
41,0.1834375
42.28,-2.586562
43.2,-5.406562
43.68,-8.066563
44.1,-10.53656
44.78,-12.93656
45.7,-15.47656
46.56,-18.25656
46.95,-21.23656
46.58,-24.32656
45.6,-27.31656
44.08,-29.95656
42.1,-32.33656
40.1,-34.59656
38.25,-36.82656
36.48,-38.80656
34.75,-40.34656
33,-41.10656
31.2,-41.24656
29.32,-40.87656
27.45,-40.35656
25.62,-39.73656
23.7,-38.89656
21.52,-37.39656
19.1,-35.09656
16.47,-31.81656
13.85,-27.93656
11.46,-23.82656
9.5,-19.91656
8.02,-16.53656
6.85,-13.58656
5.94,-11.02656
5.15,-8.706562
4.47,-6.656562
3.9,-4.786562
3.45,-3.036562
3.1,-1.296562
2.8,0.4234375
2.5,1.993437
2.32,3.123437
2.1,3.783437
1.87,3.963437
1.6,4.033437
1.3,4.383438
0.9,5.153438
0.32,6.403437
-0.35,7.803437
-0.9,8.923437
-1.3,9.603437
-1.35,9.773438
-1.25,9.763437
-0.98,9.793437
-0.8,9.913437
-0.62,9.943438
-0.55,9.793437
-0.45,9.483438
-0.15,9.273438
0.35,9.343437
20.2,21.37344
22.9,22.43344
25.5,22.68344
27.95,21.99344
30.6,20.61344
33.41,18.24344
35.9,15.18344
37.66,11.88344
38.8,8.733438
40.06,5.673438
41.4,2.583437
42.86,-0.6265625
44,-4.016562
44.46,-7.516562
44.4,-10.77656
44.2,-13.46656
44.5,-15.79656
45.25,-17.93656
45.8,-20.03656
46.01,-22.36656
45.7,-25.06656
45.01,-28.07656
43.7,-31.07656
41.61,-33.93656
39,-36.58656
36.35,-38.86656
34.1,-40.74656
32.6,-42.05656
31.6,-42.85656
30.5,-43.13656
29.1,-43.08656
27.35,-42.69656
25.5,-41.96656
23.45,-40.68656
21.3,-38.70656
18.84,-35.68656
16.4,-31.81656
13.99,-27.28656
12.2,-22.74656
10.79,-18.76656
9.8,-15.36656
8.79,-12.57656
7.8,-10.06656
7.04,-7.806562
6.4,-5.696562
6.15,-3.786562
6.1,-1.976562
6.2,-0.3365625
6.2,1.103437
6,2.143437
5.6,2.813437
5.1,3.063437
4.6,3.163437
4.15,3.413437
3.7,4.093437
3.4,5.303437
3,6.763437
2.5,8.063437
1.9,8.903438
1.5,9.053437
1.3,8.863438
1.3,8.633437
1.4,8.583437
1.55,8.673437
1.7,8.743438
1.7,8.783438
1.7,8.943438
2.1,9.473437
18.45,24.52344
20.92,24.95344
23.4,24.66344
25.85,23.50344
28.35,21.67344
30.81,19.21344
33.05,16.46344
34.81,13.60344
36.15,10.76344
36.98,8.083437
37.65,5.523438
38.81,2.853437
40.3,-0.1865625
41.68,-3.896562
42.4,-7.906562
42.23,-11.60656
42.05,-14.68656
42.45,-17.16656
43.1,-19.37656
43.4,-21.37656
43.5,-23.49656
43.76,-26.11656
44.05,-29.17656
43.73,-32.51656
42.2,-35.80656
39.26,-38.60656
35.85,-40.70656
33.05,-41.91656
31.05,-42.51656
29.75,-42.73656
28.6,-42.84656
27.3,-42.78656
25.9,-42.41656
24.42,-41.54656
22.85,-40.09656
21.04,-37.66656
19.05,-34.29656
17.06,-30.00656
15.4,-25.46656
14.06,-21.25656
12.85,-17.57656
11.52,-14.46656
10.3,-11.57656
9.42,-8.826562
8.9,-6.216562
8.74,-3.936562
8.849999,-1.986562
9.05,-0.4865625
9.099999,0.6034375
9.07,1.253438
8.9,1.653437
8.57,1.873437
8.2,2.103437
7.77,2.513438
7.4,3.273438
7.12,4.433437
6.75,5.743437
6.07,6.973437
5.3,7.913437
4.62,8.323438
4.35,8.353437
4.28,8.133437
4.4,7.943437
4.63,7.853437
4.8,7.823437
4.75,7.953437
4.7,8.293437
4.82,8.983438
16.8,24.80344
18.8,25.16344
21,25.12344
23.55,24.12344
26,22.14344
28.06,19.25344
29.7,16.19344
30.96,13.53344
31.6,11.26344
31.3,9.203437
30.6,7.123437
30.56,4.723437
31.6,1.813437
33.41,-1.786562
34.9,-5.786562
35.21,-9.876562
35.3,-13.73656
36.06,-17.44656
37.6,-21.29656
38.56,-25.01656
38.7,-28.10656
38.6,-30.40656
39.3,-32.53656
40.66,-34.93656
41.6,-37.62656
40.85,-40.27656
38.5,-42.33656
35.15,-43.16656
32,-42.96656
29.65,-42.24656
27.9,-41.72656
26.7,-41.68656
25.7,-41.69656
24.8,-41.31656
23.9,-40.38656
22.94,-38.56656
21.9,-35.90656
20.64,-32.33656
19.3,-28.29656
17.74,-24.19656
16.1,-20.26656
14.39,-16.62656
13,-13.12656
11.99,-9.796562
11.4,-6.646563
11.19,-3.996562
11.1,-1.896562
11.1,-0.5465625
11,0.3234375
11,0.8034375
11.1,1.153437
11.3,1.463437
11.6,1.783437
11.6,2.193437
11.4,2.823437
11.05,3.683437
10.5,4.633438
9.7,5.583437
8.7,6.533437
7.9,7.333437
7.6,7.913437
7.6,8.073438
7.8,7.983438
8.05,7.703437
8.099999,7.463438
8.05,7.523438
8,7.903437
8.2,8.653438
16.5,26.04344
17.6,26.75344
19,26.87344
20.93,25.72344
22.9,23.32344
24.28,19.89344
25,16.43344
25.33,13.68344
25.55,11.48344
25.13,9.323438
24.2,6.833437
23.46,3.783437
23.55,0.3934375
24.68,-3.046562
25.75,-6.266562
26.56,-9.276563
27.45,-12.50656
29.13,-16.46656
31.15,-20.98656
32.08,-25.44656
31.7,-29.20656
30.58,-31.70656
30.1,-33.47656
31.4,-35.37656
33.65,-37.99656
35.61,-41.14656
36.2,-43.94656
34.9,-45.13656
32.65,-44.61656
30.34,-42.76656
28.45,-41.00656
27.05,-40.32656
25.85,-40.40656
24.9,-40.60656
24.3,-40.31656
24.12,-39.13656
24.05,-37.22656
23.77,-34.48656
22.95,-31.13656
21.39,-27.21656
19.5,-23.06656
17.69,-18.96656
16.15,-15.01656
15.14,-11.24656
14.45,-7.666563
14.09,-4.626563
13.95,-2.346562
13.75,-1.056562
13.4,-0.2265625
13.05,0.5734375
13.05,1.473437
13.52,2.253438
14.3,2.693437
14.87,2.773438
15.05,2.793437
14.77,2.973438
14.25,3.333437
13.42,3.953437
12.35,4.853437
11.45,6.053437
10.95,7.253438
10.95,8.003437
11.1,8.223437
11.13,7.973437
11.05,7.753438
11.02,7.973437
11.4,8.563437
12.2,9.453437
16,27.29344
16.2,27.27344
16.7,26.84344
17.9,25.64344
19.3,23.57344
20.21,20.50344
20.4,17.10344
20.26,13.93344
20.2,11.13344
19.91,8.433437
19.1,5.603437
18.26,2.433437
17.9,-0.9865625
17.96,-4.406562
18.1,-7.276562
18.55,-9.426562
19.8,-11.65656
22.01,-14.68656
24.3,-18.16656
25.41,-21.28656
25.2,-23.65656
24.35,-25.80656
23.8,-28.31656
24.36,-31.28656
26,-34.87656
28.26,-39.26656
30.1,-43.41656
30.6,-45.66656
30.2,-45.70656
29.34,-43.57656
28.7,-40.94656
27.9,-39.26656
26.8,-38.83656
25.6,-39.27656
24.7,-39.55656
24.7,-39.04656
25.2,-37.81656
25.59,-35.72656
25.4,-32.92656
24.34,-29.32656
22.8,-25.31656
21.14,-21.25656
19.7,-17.22656
18.69,-13.10656
18,-8.966562
17.79,-5.456563
18,-2.976562
17.95,-1.736562
17.6,-0.8565625
16.85,0.3734375
16.4,1.983437
16.7,3.343437
17.4,4.003438
18.15,3.723437
18.5,3.123437
18.5,2.593437
18.2,2.333437
17.4,2.543437
16.3,3.313437
15.2,4.743437
14.5,6.413437
14.4,7.703437
14.6,8.313437
14.55,8.213437
14.4,8.113438
14.35,8.563437
15,9.513437
16.4,10.73344
15.45,26.40344
15.23,25.63344
14.9,24.88344
15.18,24.06344
16.05,22.65344
16.88,20.04344
17.25,16.63344
17.38,12.84344
17.35,9.113438
16.91,5.793437
15.75,2.973438
14.33,0.5634375
13.4,-2.006562
12.91,-5.036562
12.35,-7.826562
12.05,-9.846562
12.9,-11.83656
14.76,-14.58656
16.6,-17.80656
17.91,-20.65656
18.55,-22.48656
18.78,-23.24656
19.3,-24.54656
20.08,-27.43656
20.85,-30.97656
21.73,-34.91656
22.7,-38.92656
23.65,-41.81656
24.4,-42.91656
25.25,-41.78656
26.15,-39.72656
26.85,-37.84656
27,-36.85656
26.43,-37.00656
25.6,-37.50656
25.32,-37.58656
25.75,-36.91656
26.52,-35.27656
26.9,-32.91656
26.47,-29.90656
25.55,-26.61656
24.42,-23.05656
23.35,-19.08656
22.41,-14.49656
22,-9.806562
22.04,-6.066562
22.3,-3.636562
22.27,-2.456563
21.8,-1.456563
21.15,0.1534375
20.7,2.143437
20.87,3.753438
21.35,4.463438
21.83,4.043437
22.1,3.233438
22.25,2.473438
22.3,1.933437
21.85,1.753438
20.8,2.133437
19.45,3.443437
18.5,5.283437
18.32,6.983438
18.55,8.063437
18.82,8.423437
18.8,8.683437
18.9,9.323438
19.45,10.34344
20.6,11.65344
15.5,24.88344
14.65,23.87344
13.6,23.04344
13.15,22.41344
13.4,21.25344
14.21,18.73344
14.9,15.18344
15.46,10.83344
15.6,6.343437
15.01,2.543437
13.5,-0.0465625
11.8,-1.356562
10.7,-2.456563
10.11,-4.396563
9.3,-6.836562
8.599999,-8.986563
8.9,-11.16656
10.11,-14.19656
10.9,-17.86656
11.31,-21.31656
11.5,-23.83656
11.7,-24.77656
12.1,-25.05656
13.05,-26.44656
13.9,-28.58656
14.61,-30.97656
15.3,-33.84656
16.35,-36.55656
17.8,-38.18656
19.45,-38.17656
21.3,-37.25656
23.25,-36.07656
24.9,-35.24656
25.75,-35.13656
25.9,-35.47656
25.9,-35.69656
26.5,-35.30656
27.55,-34.01656
28.4,-32.14656
28.44,-29.83656
28,-27.22656
27.24,-23.94656
26.6,-19.84656
26.09,-14.93656
26,-10.15656
26.04,-6.666563
25.9,-4.446562
25.4,-3.056562
24.9,-1.586563
24.79,0.3034375
24.9,2.223438
25.2,3.583437
25.6,4.193438
25.85,3.913437
26,3.243438
26.2,2.483438
26.5,1.813437
26.35,1.313437
25.6,1.223437
24.15,2.103437
23,3.793437
22.6,5.693438
22.6,7.203437
22.75,8.263437
22.9,9.273438
23.3,10.36344
24,11.46344
24.95,12.64344
15.75,23.28344
14.38,22.34344
13.2,21.30344
12.25,20.41344
11.8,19.14344
12.06,16.85344
12.75,13.79344
13.81,9.823438
14.55,5.263437
13.96,0.9734375
12.45,-2.066562
10.85,-3.216563
9.8,-3.556562
9.2,-4.316562
8.45,-6.096562
7.36,-8.636562
6.7,-11.24656
6.66,-13.93656
6.65,-17.15656
6.11,-20.86656
5.15,-23.72656
4.33,-24.87656
4,-25.16656
4.3,-26.06656
5.1,-27.84656
6.15,-29.66656
7.1,-31.71656
8.3,-33.79656
9.9,-35.18656
12.15,-35.49656
14.85,-35.19656
18,-34.49656
20.95,-33.74656
23.12,-33.14656
24.5,-32.80656
25.62,-32.61656
27.15,-32.26656
28.92,-31.55656
30.3,-30.47656
30.62,-28.73656
30.4,-26.31656
29.92,-22.91656
29.6,-18.75656
29.51,-14.15656
29.65,-10.00656
29.74,-7.086562
29.45,-4.926562
28.92,-2.996562
28.8,-1.006562
29.27,0.7434375
29.65,2.043437
29.72,2.913437
29.75,3.563437
30.2,3.713437
30.7,3.243438
30.73,2.253438
30.4,1.313437
30,0.7134375
29.5,0.4534375
28.52,0.9134375
27.45,2.233438
26.85,4.153438
26.65,5.973437
26.52,7.483438
26.65,8.943438
27.42,10.56344
28.7,12.29344
30.2,14.12344
15.3,21.46344
14.15,21.23344
13.5,20.46344
12.8,19.30344
11.8,17.57344
11.11,15.15344
11.2,12.54344
12.66,9.443438
14.1,5.543437
13.86,1.003438
12.2,-3.106562
10.25,-5.506562
8.8,-6.296562
7.85,-6.466562
6.8,-7.656562
5.61,-10.41656
4.4,-13.30656
3.25,-15.23656
2.1,-17.09656
0.66,-19.93656
-1,-21.85656
-2.45,-22.19656
-3.2,-22.00656
-3.35,-22.31656
-3.3,-23.80656
-2.5,-25.39656
-1.1,-26.65656
0.9,-27.98656
3.2,-29.36656
6.05,-30.39656
9.5,-31.04656
13.3,-31.07656
17,-30.52656
19.9,-29.47656
22.5,-28.43656
25,-27.78656
27.9,-27.51656
30.9,-27.49656
33.1,-27.26656
33.85,-26.13656
33.9,-24.04656
33.64,-20.89656
33.4,-17.15656
33.44,-13.16656
33.8,-9.586562
34.19,-6.976562
34.2,-4.786562
34.04,-2.606562
34.3,-0.5065625
34.85,1.013438
35,1.943437
34.5,2.493438
34.2,2.913437
34.7,2.883437
35.4,2.323437
34.95,1.473437
33.6,0.9634375
32.75,0.9334375
32.7,0.9134375
32.45,1.063437
31.7,1.963437
31.24,3.853437
31.5,5.933437
32.3,7.653437
33.2,9.123437
34.29,10.90344
35.5,13.23344
36.84,16.03344
14.55,21.12344
13.72,21.55344
13.45,21.34344
13.3,20.35344
12.8,18.08344
11.36,14.57344
10.25,11.28344
11.33,8.643437
13.35,5.813437
13.86,1.843437
12.45,-3.086562
9.98,-7.496562
7.8,-9.656562
6.12,-9.476562
4.85,-10.01656
3.71,-13.11656
2.15,-16.64656
-0.2,-18.15656
-2.35,-18.67656
-3.57,-19.74656
-4.65,-20.46656
-5.68,-20.43656
-6.35,-19.96656
-6.55,-20.28656
-6.35,-21.45656
-5.45,-22.02656
-3.9,-21.80656
-1.7,-21.70656
0.7,-22.27656
3.48,-23.28656
6.7,-24.27656
10.23,-24.77656
13.9,-24.52656
17.5,-23.55656
21.05,-22.50656
24.8,-21.94656
28.85,-22.08656
32.88,-22.87656
36,-23.68656
37.67,-23.67656
38.65,-22.59656
38.99,-20.16656
38.9,-16.88656
38.92,-13.06656
39.4,-9.546562
39.89,-7.086562
39.75,-5.066562
39.27,-2.896562
39.15,-0.5965625
39.35,1.483437
39.55,3.003438
39.7,3.373437
39.95,2.773438
40.23,1.593437
40.1,0.6134375
38.77,0.5034375
37.05,1.053437
36.55,1.623437
37.05,1.743437
37.22,1.773438
36.75,2.573437
36.62,4.503438
37.65,6.813437
39.67,8.943438
41.7,10.82344
42.84,12.82344
43.25,15.24344
43.74,18.41344
13.6,21.54344
12.75,21.41344
12.2,21.32344
12.45,21.01344
12.6,19.05344
11.21,14.90344
9.2,10.70344
9.15,7.873437
10.9,5.713438
12.51,2.613437
12.3,-2.396562
10.21,-8.526563
7.7,-12.49656
5.55,-12.55656
3.9,-12.49656
2.51,-15.41656
0.5,-19.01656
-2.7,-19.75656
-5.9,-19.06656
-7.35,-19.74656
-8.3,-20.80656
-8.9,-21.37656
-8.8,-21.53656
-7.9,-21.87656
-6.8,-22.10656
-5.9,-21.17656
-4.7,-19.49656
-3.15,-17.50656
-1.2,-15.95656
1.4,-15.27656
4.7,-15.00656
8.65,-14.84656
13,-14.57656
17.65,-14.27656
22.3,-14.16656
26.75,-14.43656
31.2,-15.23656
35.45,-16.74656
39,-18.53656
41.6,-19.77656
43.7,-20.01656
44.89,-18.64656
45.1,-16.04656
45.19,-12.58656
45.7,-9.366562
45.85,-7.216562
44.8,-5.366562
43.39,-3.066562
42.7,-0.2565625
43.19,2.553437
44.5,4.503438
46.15,4.533437
47.4,3.143437
47.25,1.213437
46,-0.0165625
44.1,0.1034375
42.7,0.7934375
42.65,1.143438
43.2,1.033437
43.1,1.243438
42.3,2.343437
41.94,4.443438
42.9,6.953437
45.14,9.513437
47.5,11.79344
48.69,13.91344
49.1,16.62344
50.19,20.57344
12.25,20.42344
11.88,19.45344
11.35,19.30344
11.37,19.72344
11.85,18.86344
11.23,15.48344
9.599999,11.22344
8.559999,7.743437
9.099999,5.193438
10.58,2.583437
11.3,-1.746562
10.34,-8.556562
8.65,-14.59656
6.38,-16.32656
3.95,-16.21656
1.7,-17.60656
-0.65,-19.50656
-3.65,-18.85656
-7.05,-17.39656
-9.22,-17.95656
-10.8,-18.92656
-11.58,-18.83656
-11.3,-18.16656
-10.55,-17.61656
-9.75,-16.52656
-8.78,-14.66656
-7.8,-12.61656
-6.1,-10.22656
-3.2,-8.196563
0.82,-6.836562
5.6,-5.656562
11.42,-4.786562
17.65,-4.516562
23.7,-5.016562
29.05,-5.986562
33.35,-7.176562
37.35,-8.466562
41.18,-9.976562
44.7,-11.72656
47.5,-13.39656
49.95,-14.56656
51.27,-14.65656
51.3,-13.64656
50.72,-11.46656
50.9,-8.936563
51.02,-6.616562
49.95,-4.366562
48.59,-1.876562
48.3,0.7334375
49.27,2.743438
50.75,3.873437
52.55,3.803437
54.05,2.863437
54.1,1.443437
52.95,0.2234375
51.27,-0.2565625
50.15,-0.1665625
49.97,0.1134375
49.95,0.3334375
49.05,1.023438
47.85,2.543437
47.57,5.053437
48.7,8.063437
51.39,10.88344
54.1,13.01344
55.24,15.18344
55.9,18.52344
57.92,22.85344
11.2,18.91344
11.9,18.04344
11.8,18.01344
11.45,18.65344
11.7,18.53344
12.11,16.02344
11.8,12.00344
10.96,7.823437
10.6,4.373437
10.91,1.593437
11.1,-1.906562
10.56,-8.186563
9.599999,-15.58656
7.75,-19.79656
5,-20.49656
1.8,-20.03656
-0.7,-19.85656
-2.9,-18.79656
-5.3,-17.46656
-7.15,-16.92656
-8.599999,-16.21656
-9.2,-14.97656
-9.599999,-14.14656
-10.55,-13.58656
-10.5,-12.37656
-9.2,-10.78656
-7.5,-8.516562
-3.96,-5.376563
0.7,-2.806562
5.9,-0.7065625
11.8,1.813437
18.85,3.713437
26.4,4.373437
33.35,3.583437
39.3,1.993437
43.85,-0.0065625
47.6,-2.066562
50.85,-4.016562
53.9,-5.926562
56.5,-7.796562
58.7,-9.516562
59.8,-10.82656
59.2,-11.43656
58,-10.86656
57.7,-9.506562
57.94,-7.506562
57.4,-5.206563
56.7,-2.996562
56.8,-1.236562
57.4,-0.1765625
58,0.5434375
59.1,1.053437
60.4,1.323437
61,0.9334375
60.7,0.0234375
59.4,-0.8065625
58,-0.8765625
57.25,-0.0765625
56.9,1.103437
56.35,2.813437
56.1,5.163437
57.04,8.063437
59,10.91344
61.75,13.05344
63.6,14.82344
63.49,17.25344
63.2,20.35344
64.15,22.62344
10.95,19.52344
12.28,19.26344
12.5,19.18344
11.8,19.52344
11.95,19.23344
13.26,16.63344
14.1,12.28344
14.03,7.403437
13.75,3.063437
13.48,-0.3165625
12.85,-3.306562
11.74,-8.006562
10.5,-15.04656
9.28,-21.29656
7.45,-23.61656
4.97,-22.07656
2.95,-20.31656
1.27,-19.73656
-0.3,-19.41656
-1.25,-18.51656
-2.7,-17.32656
-4.65,-16.77656
-6.6,-16.09656
-8.2,-14.25656
-7.9,-11.59656
-5.26,-8.486563
-1.7,-4.436563
3.14,0.3634375
8.7,4.113437
14.62,7.603437
20.85,11.50344
28.7,14.42344
37.3,15.37344
44.68,14.05344
50.7,11.64344
55.3,8.653438
58.95,5.503438
61.73,2.543437
64.05,-0.1365625
65.73,-2.366562
67.2,-4.216562
68.03,-5.606562
67.85,-6.676562
67.3,-7.396562
67.4,-7.896562
67.37,-7.926562
66.65,-7.276562
66.27,-5.866562
66.9,-4.326562
67.5,-3.066562
67.9,-1.976562
68.75,-1.036562
70.2,-0.4965625
71.2,-0.8865625
70.85,-1.756562
69.2,-2.096562
67.7,-1.626562
67.05,-0.6365625
66.4,0.6934375
65.77,2.903437
65.85,5.763437
67.22,8.363438
68.75,9.923437
69.02,10.62344
67.55,12.00344
65.24,14.46344
63.6,16.38344
61.92,16.84344
10.5,20.78344
11.9,20.73344
12,20.41344
11.3,20.40344
12,19.88344
14.26,17.10344
15.9,12.39344
16.06,6.783437
15.7,1.553437
15.36,-2.536562
14.8,-5.426562
13.61,-8.516562
12,-14.10656
10.81,-21.28656
10,-25.31656
9.04,-23.87656
8,-21.41656
6.75,-20.99656
5.4,-21.23656
3.4,-21.03656
0.5,-21.18656
-3.3,-21.43656
-5.7,-19.61656
-5.41,-14.85656
-3.3,-9.026563
0.39,-3.186563
4.7,2.613437
9.69,7.373437
16.3,10.95344
23.99,14.56344
31.3,18.30344
39.8,21.18344
48.8,22.32344
55.6,20.85344
60.9,17.94344
64.51,13.84344
66.9,9.243438
68.26,4.913437
69.1,1.333437
69.7,-1.126562
70.3,-2.746562
70.85,-3.466563
71.1,-3.736562
71.35,-4.056562
72,-4.486562
72.3,-4.696562
71.9,-4.446562
71.85,-3.366562
72.8,-1.906562
74.05,-0.7265625
75.1,-0.0665625
76.15,-0.2565625
77.5,-1.086563
78.05,-2.346562
77.1,-3.226562
75.3,-2.836562
74.4,-1.936562
74.3,-1.536562
73.3,-1.266562
71.15,-0.1465625
69.5,1.713437
69.45,3.533437
69.6,4.613437
67.1,5.383437
62.5,7.173437
58.49,9.693438
56,11.43344
52.6,12.72344
8.849999,20.90344
10.53,21.01344
11,20.35344
10.93,19.86344
12.25,19.22344
15.08,16.89344
17.15,12.66344
17.31,7.013437
16.7,1.343437
16.11,-3.466563
15.7,-6.976562
15.33,-9.506562
14.5,-13.64656
13.16,-20.31656
12.25,-25.21656
11.82,-24.87656
11.3,-23.04656
10.58,-23.16656
9.7,-24.07656
6.2,-24.84656
1.35,-25.34656
-2.83,-23.66656
-3.85,-17.33656
-0.71,-10.87656
2.35,-5.816562
5.91,0.3934375
10.2,6.833437
15.99,13.06344
24.05,19.49344
33.42,25.33344
41.4,28.11344
48.08,27.44344
54.05,25.48344
58.56,22.26344
62.25,18.19344
64.68,13.11344
65.65,7.783437
65.56,3.223437
65.5,-0.4165625
66.05,-3.106562
66.65,-4.906562
67.15,-5.366562
67.6,-4.966562
68.35,-4.066562
69.55,-2.996562
70.35,-1.806562
70.35,-0.8165625
70.4,-0.3365625
71.1,-0.1765625
72,-0.1365625
72.7,-0.2865625
73.35,-0.9665624
73.65,-1.686562
73.2,-1.926562
71.7,-1.746562
69.9,-1.346563
69.3,-1.366562
69.4,-2.196563
68.25,-2.946563
65.4,-2.746562
62.55,-1.646562
61.1,0.1434375
60.2,1.923437
56.9,3.473437
51.75,5.483438
47.69,8.083437
45.3,10.51344
42.7,12.42344
6.1,21.00344
8.4,21.07344
10,19.96344
10.95,18.85344
12.6,18.06344
15.65,16.29344
18.3,12.85344
18.96,7.823437
18.6,2.403437
17.91,-2.816562
17.4,-7.266562
17.4,-10.42656
17.2,-13.98656
16.01,-19.57656
14.5,-24.41656
13.75,-25.10656
13.3,-24.18656
13.05,-24.95656
12.5,-26.82656
8.599999,-28.12656
3.2,-26.81656
0.63,-20.42656
2.7,-11.03656
6.2,-6.346562
9,-3.146562
13.09,3.173437
17.7,10.65344
22.48,19.06344
28.8,28.06344
36.79,34.05344
44.4,35.80344
50.31,33.16344
54.4,28.40344
56.51,22.42344
58.1,16.25344
58.71,10.72344
58.3,6.483438
57.4,3.853437
57.4,1.753438
58.2,-0.0865625
59.2,-1.086563
60.6,-0.9265625
62.4,-0.4365625
64.55,-0.0265625
66.6,0.0934375
67.6,-0.1365625
68.1,-0.7865625
68.8,-2.066562
69.1,-3.396562
68.8,-4.096562
68.7,-4.376563
68.5,-4.476562
67.4,-4.146563
65.75,-3.336562
64,-2.656562
62.65,-2.926563
61.7,-3.826562
60.5,-4.506562
58.3,-4.326562
55.4,-3.236562
52.7,-1.736562
50.9,0.1134375
49.4,1.903437
46.45,3.153437
42.4,4.613437
39.09,7.093437
37.4,9.643437
36.75,10.49344
3.8,21.30344
6.7,21.22344
9.7,20.00344
11.68,18.60344
13.35,17.45344
16,15.92344
19.1,13.30344
21.08,9.193438
21.8,4.203437
21.93,-1.366562
21.75,-6.856562
21.41,-11.31656
20.55,-15.20656
18.43,-19.75656
16.25,-24.11656
15.53,-25.86656
15.55,-25.69656
15.63,-25.58656
14.8,-26.46656
11.67,-27.06656
9.099999,-24.65656
10.11,-17.18656
12.45,-9.286562
13.49,-4.716562
16.25,1.033437
21.76,9.343437
26.55,16.79344
29.19,23.23344
32.05,28.69344
37.02,31.69344
43.05,33.21344
48.95,32.50344
53.3,29.02344
54.39,22.87344
54.2,16.61344
53.83,12.24344
53.4,9.503437
53.3,7.713438
53.55,6.453437
54.47,6.323437
56.2,6.883437
58.8,7.193438
61.65,6.753438
64.08,5.473437
65.85,3.823437
66.73,2.063437
67.4,0.2434375
68.03,-1.556562
68.1,-3.236562
67.63,-4.746562
67.05,-5.986562
65.98,-6.736562
64,-7.156562
61.82,-7.336562
60.1,-7.546562
58.93,-8.176562
57.25,-8.716562
54.35,-7.956563
51.15,-6.146563
48.55,-4.416563
46.35,-3.256562
44.37,-2.276562
42.25,-1.216563
39.17,-0.0365625
35.6,1.833437
33.07,4.593437
32.5,6.663437
33.38,6.433437
3.3,21.91344
6.65,22.68344
10.7,22.21344
13.85,20.78344
15.9,18.83344
17.95,16.56344
20.5,14.03344
22.96,10.57344
24.8,5.983438
25.91,0.1034375
26.4,-6.436563
26.16,-12.37656
24.8,-16.91656
21.11,-20.40656
17.6,-23.78656
17.2,-26.43656
18.4,-27.39656
18.75,-26.24656
17.7,-24.83656
16.2,-23.80656
17.2,-21.13656
20.19,-14.99656
21.2,-8.146563
20.89,-0.5265625
24.3,8.973437
30.09,16.73344
34,22.13344
35.89,26.42344
38,29.64344
40.45,31.82344
42.8,33.73344
46.8,33.08344
50.9,29.36344
52.16,23.70344
51.7,18.75344
51.75,15.53344
52.5,12.87344
53.55,10.66344
54.6,9.933437
56.35,10.96344
58.9,11.67344
61.6,10.97344
63.5,9.203437
63.9,6.963438
63.5,5.143437
62.95,3.843437
63,2.373437
63.6,0.3434375
64,-2.006562
63.8,-4.396563
63.1,-6.336562
61.5,-7.626562
59.4,-8.746562
57.4,-9.976562
55.9,-11.10656
54.9,-12.01656
52.9,-12.37656
49.45,-11.28656
46.4,-9.416562
44.45,-8.076562
42.4,-7.306562
39.95,-6.566562
37.2,-5.636562
33.7,-3.966563
30.3,-1.146562
28.6,1.943437
28.8,3.573437
30.05,3.303437
5.5,21.42344
9.07,23.67344
13.2,24.04344
16.85,22.98344
20.2,21.10344
23.1,18.38344
25.45,15.13344
26.96,11.15344
28.05,6.433437
28.91,0.7034375
29.3,-6.066562
29.01,-13.09656
28.15,-18.65656
25.08,-21.63656
20.95,-23.44656
19.53,-25.29656
20.85,-26.92656
22.15,-26.77656
21.95,-25.05656
21.69,-22.07656
23.3,-17.63656
25.79,-10.77656
27.2,-3.096562
28.86,6.033437
32.35,14.60344
36.19,20.56344
38.75,26.63344
40.89,31.84344
42.55,34.72344
41.22,36.67344
40.45,38.32344
43.76,36.00344
47.6,31.07344
48.93,26.39344
49.1,22.81344
49.8,19.55344
50.95,16.22344
52.1,14.13344
53.45,13.80344
55.37,14.05344
57.55,13.19344
58.9,11.15344
59.1,8.883437
57.88,7.103437
56.45,5.893437
56.05,4.543437
56.85,2.293437
57.63,-0.8565625
57.5,-3.926562
56.48,-6.186563
54.95,-7.696562
53.03,-8.656562
51.05,-9.616562
49.33,-10.91656
48.3,-12.31656
48.18,-13.65656
47.2,-14.72656
44.7,-14.84656
42.25,-14.14656
40.32,-12.92656
38.3,-11.48656
35.9,-10.21656
32.8,-9.006562
29.19,-6.546562
26.35,-2.836562
25.2,0.3734375
25.25,2.003438
25.55,2.323437
9.4,19.91344
12.85,23.52344
16.3,24.22344
19.35,23.21344
23.3,21.96344
27.7,20.00344
31,16.68344
32.01,11.76344
31.9,6.143437
32.01,0.2434375
32,-6.096562
30.56,-13.03656
29.4,-19.15656
28.75,-22.55656
26.9,-23.71656
24.5,-23.83656
23.6,-24.20656
24.4,-24.58656
25,-23.85656
25.44,-20.17656
27,-13.71656
29.64,-4.966562
32.4,3.973437
34.94,12.21344
36.9,18.51344
38.09,24.97344
39.4,33.36344
42.2,38.59344
42.8,39.25344
38.25,39.27344
35.7,39.32344
38.56,35.56344
41.2,30.73344
41.95,27.52344
43.2,25.04344
45.2,22.27344
46.6,19.47344
47.45,17.72344
48.1,16.69344
49.25,15.22344
50.8,13.25344
52.15,11.27344
52.9,9.753437
53,8.683437
53.2,7.163437
54.2,4.143437
55.2,0.3334375
54.55,-3.006562
52.8,-5.436563
50.6,-7.256562
48.5,-8.906562
46.2,-10.35656
43.9,-11.53656
41.45,-12.25656
39.9,-12.69656
39.9,-13.70656
39.9,-15.59656
38.45,-17.34656
36.5,-17.82656
34.65,-16.58656
33.1,-14.78656
31.05,-13.58656
28,-12.17656
24.79,-8.726562
22.7,-4.256562
21.7,-1.066563
21.3,0.6034375
20.7,1.113438
12.3,18.95344
15.5,22.69344
18.75,23.57344
22.1,22.44344
26.5,21.15344
31.13,19.81344
34.65,16.99344
35.71,12.00344
35.1,5.883437
34.66,-0.6365625
34.85,-6.766562
33.26,-12.45656
30.4,-17.67656
29.98,-21.32656
31.35,-23.22656
31.27,-23.22656
29.05,-22.22656
25.85,-20.67656
23.85,-18.80656
24.47,-14.86656
26.85,-8.036562
30.19,1.133438
32.85,9.523438
33.74,16.17344
34,22.90344
34.74,31.28344
36.35,38.63344
38.92,40.22344
39.45,40.34344
34.45,40.64344
30.8,37.94344
32.51,31.32344
34.4,26.03344
35.53,23.60344
37.1,21.68344
38.9,19.81344
40.5,18.79344
41.38,18.30344
41.85,17.44344
43.2,15.81344
45.55,14.06344
48.1,12.79344
50.15,11.91344
51.53,10.35344
52.85,7.103437
53.66,2.173437
53.05,-2.316562
50.9,-4.816562
48.8,-6.406562
47.48,-8.316563
46.2,-10.69656
44.43,-13.19656
41.95,-15.24656
38.22,-15.61656
34.45,-14.36656
32.3,-13.53656
31,-14.80656
29.35,-17.04656
28,-17.91656
27.42,-16.88656
27.25,-15.58656
26,-14.97656
23.7,-13.81656
21.39,-10.24656
19.65,-5.886562
18.6,-3.136562
18.05,-1.986562
16.7,-2.196563
16.3,18.15344
19.8,21.13344
22.8,22.57344
26.6,21.99344
31.8,20.34344
36.15,18.52344
39.1,15.62344
39.96,10.92344
39.1,5.113437
37.61,-1.526562
37.3,-7.566562
37.06,-12.12656
34.6,-15.91656
32.05,-19.06656
32.8,-21.53656
35.25,-22.79656
34.7,-22.49656
28.9,-19.80656
22.5,-15.70656
20.89,-10.26656
22.7,-3.366562
25.29,4.343437
26.9,11.20344
27.34,18.20344
28.2,26.92344
29.89,34.98344
31.8,39.07344
33.5,39.21344
33.7,40.41344
30.26,39.47344
27,32.76344
29.06,25.07344
31.8,21.34344
32.5,20.48344
32.5,19.96344
33.35,19.29344
35.2,19.66344
36.95,20.05344
38,19.10344
39.75,16.98344
42.2,15.13344
44.05,14.01344
45,12.82344
45.7,10.16344
46.8,5.913437
46.81,0.8734375
45.3,-3.286562
43.3,-5.926562
42.3,-8.246562
42.25,-10.88656
42.3,-13.66656
41.8,-16.55656
40.7,-19.43656
37.05,-20.48656
31.5,-18.26656
26.65,-14.76656
23.2,-13.90656
21.3,-15.46656
20.8,-16.18656
21.65,-15.41656
22.5,-14.84656
22,-15.12656
20.4,-14.48656
18.39,-11.16656
16.6,-7.326562
15.9,-5.676562
15.4,-5.726562
13.25,-6.706563
27.35,18.63344
31.02,21.64344
31.95,23.15344
32.58,22.70344
36,21.08344
39.95,18.57344
42.55,14.87344
43.31,9.703437
42.7,3.813437
40.68,-2.396562
38.85,-7.846562
39.18,-11.52656
39.5,-14.36656
37.5,-17.08656
35.85,-19.81656
36.8,-22.21656
37.6,-23.58656
33.75,-21.98656
26.75,-17.67656
21.77,-10.95656
20.45,-3.116562
20.74,4.493437
21.05,11.51344
21.81,20.02344
23.45,29.63344
25.39,35.85344
26.9,37.82344
28.03,37.55344
28.3,36.98344
27.46,31.87344
25.85,23.39344
27.78,18.35344
29.6,18.02344
28.45,19.67344
27.55,21.59344
28.82,22.69344
31.35,22.91344
33.03,21.67344
33.95,19.42344
34.85,17.36344
35.65,15.94344
36.08,14.24344
36.25,11.45344
36.78,7.513437
37.55,3.423437
37.25,-0.1065625
36.15,-3.086562
35.33,-5.696562
35,-8.366562
35,-11.05656
35,-13.53656
35.2,-16.10656
35.5,-19.84656
33.33,-23.33656
28.15,-22.42656
23.09,-17.66656
19.6,-14.94656
17.6,-15.16656
17.15,-15.11656
18.05,-14.82656
18.7,-15.64656
17.8,-16.40656
15.95,-14.83656
14.27,-11.11656
13.45,-8.706562
13.25,-9.016562
12.35,-9.856563
9.25,-10.39656
40.8,21.63344
43.45,24.35344
41.6,23.75344
37.75,21.91344
37.8,20.97344
40.8,19.21344
42.8,15.34344
43.06,9.463437
42.7,3.143437
41.26,-2.436563
39.1,-6.756562
38.8,-9.596562
40.4,-12.01656
41,-14.89656
39.7,-18.19656
38.65,-21.55656
38.4,-24.13656
37.15,-23.83656
33.4,-20.44656
28.79,-13.99656
25.6,-5.936563
23.59,2.353437
22.1,10.28344
21.24,19.26344
20.9,28.51344
21.35,33.98344
22.5,35.06344
24.5,32.74343
25.7,29.44344
26.31,23.89344
26.4,17.28344
26.65,14.50344
25.9,15.64344
23.5,18.93344
23.3,22.97344
25.25,24.27344
27.4,22.94344
28.05,20.35344
28.1,18.62344
28.25,17.88344
28.4,16.46344
29.11,12.72344
30.1,7.653437
31.1,2.773438
31.6,-0.8465625
30.8,-2.896562
29.7,-4.186563
29.3,-5.166563
29,-6.436563
28.45,-8.456562
27.8,-10.71656
27.85,-13.06656
28.3,-17.39656
26.66,-23.10656
22.8,-24.61656
19.7,-21.22656
17.2,-18.20656
14.9,-16.26656
13.9,-14.52656
14,-14.87656
13.5,-16.95656
11.75,-16.79656
10.1,-13.33656
9.9,-10.50656
10.2,-10.87656
9.65,-12.21656
7.5,-12.16656
4,-11.81656
47.55,25.75344
48.35,26.58344
46.2,23.17344
41.73,19.83344
39.85,19.13344
40.93,17.99344
41.35,14.30344
40.48,8.653438
39.5,3.033437
38.68,-1.316562
37.65,-4.526562
37.35,-6.956563
38.65,-9.386562
39.98,-12.43656
40.2,-16.08656
39.68,-20.17656
38.75,-23.80656
37.67,-24.43656
36.85,-21.49656
36.47,-15.62656
36.05,-8.976562
34.49,-2.196563
31.9,4.743437
27.71,13.00344
22.75,22.48344
20.15,29.07344
20.85,30.16344
23.53,26.87344
24.75,23.34344
24.4,19.73344
24.65,15.09344
24,13.09344
21.85,14.64344
19.92,19.24344
20.05,23.94344
21.68,23.54344
23,21.49344
22.68,19.98344
22.3,19.33344
22.55,17.89344
23.5,14.87344
24.96,9.733438
26.6,4.043437
27.88,-0.3665625
27.95,-3.056562
26.08,-4.306562
23.6,-4.956563
22.63,-5.246562
22.85,-6.226562
22.78,-8.556562
22,-11.17656
21.45,-13.55656
21.1,-17.53656
19.43,-23.09656
17.25,-25.81656
15.87,-24.68656
13.95,-21.92656
11.67,-17.41656
10.4,-13.78656
9.28,-14.40656
7.5,-16.40656
5.95,-14.93656
5.7,-11.86656
6.45,-12.01656
6.25,-13.89656
4.27,-13.54656
1.7,-11.94656
-0.53,-11.48656
47.7,26.79344
47.6,25.55344
46.6,21.60344
44,18.65344
42,17.53344
41.35,15.38344
40.2,11.39344
38.35,6.753438
36.7,2.623437
35.85,-0.6165625
35.6,-3.306562
36,-5.686563
37.1,-7.926562
38.4,-10.33656
39,-13.16656
39.4,-16.89656
39.5,-21.21656
38.6,-23.52656
38.5,-21.56656
40.69,-15.67656
43.6,-9.826562
44.45,-5.146563
42.8,-0.6965625
37.19,4.943438
28.4,13.29344
21.69,21.44344
20.8,23.79344
22.65,21.09344
22.9,18.77344
21.4,16.30344
20.9,12.70344
19.85,12.34344
18,15.18344
16.99,20.01344
17,24.12344
17.95,22.78344
18.5,21.83344
17.85,21.27344
17.5,19.52344
18.15,16.01344
19.5,11.89344
21,7.393437
22.6,2.933437
23.9,-0.1965625
23.9,-2.296562
21.25,-4.236562
17.9,-5.776562
17.1,-6.586562
18.5,-7.816562
19.8,-10.02656
19.5,-12.58656
17.5,-14.93656
15.1,-18.25656
13.36,-23.41656
12.3,-27.25656
11.55,-27.41656
10.2,-24.21656
9.24,-18.35656
8.3,-14.17656
5.85,-14.68656
3.4,-15.78656
2.6,-14.23656
3,-13.28656
2.7,-15.03656
1,-15.76656
-0.45,-13.72656
-1.1,-11.77656
-1.4,-11.03656
45.35,23.38344
45,21.68344
44.35,19.17344
43.08,17.42344
42,15.60344
40.7,12.19344
38.95,8.283438
37,5.033437
34.9,2.143437
33.43,-0.6765625
33.15,-3.216563
33.83,-5.306562
34.9,-7.126562
36.48,-9.056562
37.6,-11.29656
38.13,-13.87656
39.1,-17.19656
39.83,-20.49656
40.2,-20.86656
41.89,-16.63656
44.6,-11.25656
46.4,-7.036562
46.45,-4.276562
42.85,-2.336562
34.25,2.373437
24.99,11.20344
21.95,16.67344
22.48,15.44344
21.15,13.47344
18.43,12.02344
17,10.35344
16.2,11.58344
15.35,15.51344
14.65,19.37344
13.35,23.39344
13.28,22.77344
13.85,22.97344
13.63,21.64344
13.8,17.47344
14.45,12.88344
15.4,8.823438
16.55,6.263437
18,4.393437
18.95,2.723438
19.1,0.2534375
17.78,-3.586562
16.05,-6.856562
16.3,-8.116562
18.45,-8.546562
20.35,-9.666562
20.4,-12.23656
17.3,-15.12656
12.8,-17.38656
9.78,-20.96656
7.9,-25.37656
7.25,-27.06656
7.55,-24.68656
7.95,-19.63656
6.5,-15.90656
3.43,-15.47656
1.45,-15.55656
1.07,-14.96656
0.65,-15.19656
-0.9,-15.19656
-1.95,-13.70656
-0.7,-12.02656
0.7,-10.84656
-0.08,-9.876562
42.9,18.72344
42.3,17.85344
41.2,16.54344
40.3,15.07344
39.7,12.60344
38.2,9.033438
36.4,5.953437
34.6,3.803437
32.4,1.763438
30.55,-0.6165625
30.3,-2.916562
31.1,-4.756562
32,-6.586562
33.5,-8.956562
35,-11.67656
35.65,-13.92656
36.6,-15.82656
38.45,-18.16656
40,-19.80656
41.25,-18.34656
42.5,-14.39656
43.4,-10.23656
44.4,-7.826562
43.55,-8.096562
37.4,-6.956563
28.14,1.473437
23.8,9.793437
23.15,10.27344
20.6,8.433437
16.75,8.103437
14.4,8.423437
13.95,10.22344
13.7,14.13344
12.65,17.23344
10.2,20.61344
9.05,22.83344
9.599999,22.98344
10.2,19.95344
10.9,14.85344
10.8,10.77344
10.9,7.803437
11.75,6.573437
12.7,6.393437
12.95,5.743437
13.1,3.503438
13.75,-0.3965625
14.9,-4.076562
16.9,-5.966562
19.2,-6.676562
20.15,-7.746562
19.8,-10.89656
17.6,-15.56656
13.5,-18.15656
9.55,-18.81656
6.4,-20.67656
5.7,-23.80656
6.8,-23.95656
6.3,-19.85656
3.7,-15.58656
1.35,-13.72656
0.7,-13.40656
0.45,-14.50656
-0.3,-15.08656
-0.8,-12.31656
0.3,-8.826562
3.05,-7.806562
4.3,-7.656562
2.05,-7.536562
39.6,13.92344
38.4,14.44344
36.25,14.12344
35.08,12.59344
34.65,9.983438
33.58,6.963438
32.3,4.383438
30.8,2.233438
28.95,0.5234375
28.08,-1.076563
28.2,-2.926563
28.63,-4.626563
29.1,-6.586562
30.1,-9.306562
31.3,-12.14656
32.23,-14.53656
33.2,-16.43656
34.6,-17.78656
36.25,-18.63656
37.77,-18.07656
38.45,-15.91656
38.72,-13.32656
39.55,-11.29656
39.58,-11.27656
36,-11.34656
29.32,-4.596562
25.35,3.703437
23.55,5.323437
20.45,4.243437
16.57,4.653438
13.8,5.623437
13,7.113437
12.55,10.47344
10.7,14.08344
7.65,18.12344
5.42,22.05344
6,20.92344
7.68,16.54344
8.45,12.78344
7.95,9.963437
6.6,8.053437
6.58,6.813437
7.25,6.103437
7.7,5.823437
8.599999,4.823437
10.55,2.603437
13,0.1634375
15.7,-1.926562
18.15,-3.806562
18.53,-5.596562
17.5,-8.296562
16.68,-13.39656
15.95,-18.32656
13.55,-19.24656
9.4,-19.01656
6.33,-21.05656
5.55,-21.47656
4.25,-17.05656
1.6,-12.67656
0.42,-11.12656
0.75,-11.24656
0.93,-13.36656
1.1,-13.93656
2.07,-9.636562
4.05,-5.086562
6.75,-3.896562
8.2,-4.306562
8.17,-4.676562
34.6,10.60344
31.75,13.30344
29.1,14.32344
28.45,12.51344
28.7,9.553437
28.5,6.243437
27.8,2.913437
26.7,0.2434375
25.8,-1.096563
25.95,-1.696562
26.1,-2.616562
25.55,-3.516562
25.3,-5.026562
26.1,-8.086562
27.1,-11.15656
28.2,-13.40656
29.4,-15.52656
30.3,-17.11656
31.4,-17.66656
33,-17.04656
34,-15.95656
34.3,-15.11656
34.6,-13.95656
34.2,-13.53656
32,-13.70656
28.34,-8.936563
25.6,-2.036562
23.25,0.8634375
20.4,1.073437
17.25,1.283437
14.2,1.913437
12.35,3.453437
11.3,6.713438
8.7,10.79344
5.3,15.95344
2.6,20.27344
2.8,18.44344
5.2,13.75344
6.5,11.33344
5.7,9.843437
4.3,7.973437
3.65,5.853437
4.4,4.833437
5.85,4.773438
7.7,4.393437
10.5,3.023438
13.1,1.093437
14.85,-0.8265625
16.8,-2.516562
17.65,-4.406562
16.8,-6.616562
15.85,-10.17656
15.8,-15.36656
15.75,-18.88656
12.8,-19.58656
6.95,-20.02656
3.9,-18.87656
4.2,-14.45656
3.1,-11.72656
1.4,-11.60656
1.3,-11.63656
2.2,-12.39656
3.4,-11.77656
4.8,-7.766562
6.7,-3.936562
9.2,-2.606562
11.9,-2.616562
14.95,-2.386562
25.85,10.48344
22.82,14.54344
22.95,15.46344
24.2,12.50344
24.6,8.933437
24.23,5.123437
23.55,1.183437
23.15,-1.236562
23.35,-1.756562
24,-1.526562
24.1,-1.566562
23,-1.726562
22.1,-2.786562
22.15,-5.896563
22.45,-9.166562
23.15,-10.91656
24.2,-12.37656
25.18,-14.44656
26.35,-16.06656
28.1,-16.01656
29.6,-15.07656
30.52,-14.68656
31.05,-14.81656
30.3,-15.79656
28.5,-16.53656
26.3,-12.47656
24.45,-5.586562
22.5,-1.146562
20.75,-0.6165625
18.58,-1.946562
15.15,-2.166563
12.32,-0.0465625
10.9,3.353437
8.07,7.083437
4.35,12.89344
1.87,18.19344
1.1,17.65344
2.58,14.01344
4.5,12.11344
4.83,10.62344
4.1,8.223437
3.65,5.713438
4.35,4.773438
5.93,4.663437
7.6,4.083437
10.4,2.773438
12.95,0.6334375
14.4,-1.216563
16.1,-2.156563
17.9,-3.656562
19.1,-5.666563
19,-8.266562
18.25,-11.95656
18.38,-15.86656
17.75,-18.47656
11.88,-20.09656
6.35,-19.09656
6.75,-14.94656
7.25,-12.53656
5.45,-12.41656
4.25,-12.09656
5.12,-10.79656
7.05,-8.126562
9.22,-4.576562
11.6,-2.056562
14.52,-0.7965625
18.2,0.1634375
22.25,1.643438
16.8,10.02344
15.8,13.78344
19.6,13.68344
21.75,9.903438
20.9,6.263437
19.8,2.963437
19.5,-0.3465625
20.45,-1.936562
22,-1.866562
23,-1.616562
23.2,-1.756562
22.45,-2.176563
21.7,-3.036562
21.15,-4.886562
20.4,-7.056562
20.3,-8.366562
20.7,-9.476562
21.2,-11.57656
22.1,-13.84656
23.7,-14.51656
25.1,-13.80656
26.35,-13.65656
27.7,-15.19656
27.5,-18.08656
26.1,-19.32656
24.5,-14.63656
22.9,-6.966562
21.45,-2.176563
20.7,-2.266562
19.25,-4.916563
16.2,-5.726562
13.25,-3.206563
11.7,0.1334375
8.8,3.183437
4.8,8.813437
1.9,15.72344
0.2,17.49344
0.7,14.62344
2.6,12.61344
4.2,11.39344
5,9.463437
5.1,7.403437
5.4,6.453437
6.55,6.103437
8,4.773438
8.7,2.203438
9.2,-0.6465625
11.95,-1.566562
15.7,-1.206563
18.85,-1.626562
21.7,-2.986562
23.4,-6.316562
24.3,-9.486563
24.3,-12.92656
25,-16.47656
21.75,-20.12656
14.8,-21.48656
11.35,-18.04656
10.8,-14.19656
10.2,-12.25656
9.4,-11.43656
9.599999,-9.426562
11,-5.256562
13.5,-0.8565625
16.9,1.953437
20.55,3.623437
24.4,5.533437
27.4,8.423437
11.3,7.213438
11.72,10.49344
15.95,10.65344
17.78,7.603437
16.1,4.163437
15.1,1.423437
16.3,-1.426562
18.73,-2.866562
20.85,-2.496562
21.58,-2.266562
21.4,-2.746562
21.23,-3.196563
21.35,-3.286562
21.43,-3.356562
21.2,-4.276562
21.23,-6.226562
21.35,-8.346562
20.85,-10.65656
20.7,-13.13656
21.3,-14.66656
21.4,-14.84656
21.53,-15.09656
22.75,-16.99656
23.95,-20.10656
24,-20.82656
23.15,-15.60656
21.9,-8.426562
20.32,-4.506562
19.4,-4.466562
18.7,-6.646563
16.6,-7.256562
14.3,-4.936563
12.85,-2.486562
10.12,-0.3165625
6.55,4.653438
3.1,12.05344
-0.09999999,15.28344
0.05,12.89344
1.6,10.56344
2.15,9.633437
2.95,8.573438
4.6,7.483438
6.35,7.933437
7.75,9.763437
8.8,9.353437
8.2,5.993437
7,2.863437
10.17,3.043437
14.7,4.123437
17.95,3.333437
20.75,1.163437
23.45,-2.306562
26.1,-4.936563
27.13,-9.206562
28.55,-13.57656
28.48,-18.25656
24.7,-22.36656
19.17,-22.16656
15.2,-18.58656
14.32,-14.07656
14.5,-11.41656
14.57,-9.276563
14.8,-4.846562
16.25,0.4134375
18.7,4.213438
21.47,6.853437
23.95,9.793437
26.65,13.78344
9.2,6.353437
9.5,9.023438
11.7,9.653438
12.7,7.353437
11.1,3.613437
11.3,0.8534375
14.2,-1.626562
16.8,-3.096562
17.8,-2.816562
17.5,-2.756562
17,-3.286562
17.3,-2.936563
17.9,-1.676562
18.45,-0.6865625
18.9,-1.246562
19.95,-3.796562
21.3,-6.626562
21.35,-9.196563
20.8,-11.89656
20.25,-14.11656
18.8,-15.31656
17.25,-16.61656
17.6,-19.13656
19.65,-21.73656
21.3,-21.42656
21.65,-16.29656
21.1,-10.37656
20,-7.106562
19.3,-6.236562
18.8,-7.246562
17.2,-7.456563
15.8,-5.706563
15.5,-4.546562
13.9,-3.666562
11.4,0.3434375
7.1,7.443437
1.3,11.36344
-0.3,10.01344
0.5,8.673437
0.15,8.453437
0.5,7.763437
3.15,7.433437
5.9,9.633437
6.5,13.75344
6.1,14.21344
6.45,11.58344
7.1,9.713437
9.15,9.213437
11.1,9.413437
13.45,7.143437
16.7,4.773438
20.4,2.983438
23.5,-0.6265625
25.3,-6.286562
27.2,-11.02656
29.15,-15.79656
29.6,-21.24656
26.05,-24.72656
20.3,-23.16656
17.7,-16.57656
17.4,-11.26656
17.5,-8.196563
17.9,-3.956563
18.6,0.8134375
19.1,4.603437
20.05,8.003437
22.5,12.17344
26.75,17.03344
9.9,8.923437
9.32,9.783438
9.15,9.423437
8.83,6.873437
7.6,2.943437
8.4,0.5434375
11.5,-0.4765625
13.2,-1.006562
13.25,-1.356562
13.3,-2.186563
13.9,-3.006562
14.85,-2.296562
15.5,-0.4765625
15.97,0.6034375
16.45,-0.0965625
17.53,-2.386562
19.4,-4.756562
20.9,-6.776562
21.2,-8.736563
20.65,-10.48656
19.4,-12.01656
17.93,-14.37656
17.2,-17.83656
18.1,-20.50656
19.9,-20.02656
21.17,-15.88656
21.35,-11.50656
20.32,-8.676562
18.9,-6.836562
17.78,-6.636562
16.7,-6.706563
15.55,-4.916563
15,-3.646562
14.82,-3.946563
14.15,-1.936562
10.3,3.393437
3.2,7.513437
-0.3,8.213437
-0.35,8.563437
-0.18,9.243438
0.75,9.193438
2.97,9.663437
4.9,12.08344
4.72,15.08344
3.65,14.99344
4.08,12.93344
6,12.26344
8,12.06344
9,11.96344
11.08,9.023438
15.45,6.813437
19.2,5.443438
21.55,1.443437
22.15,-4.146563
22.9,-9.986563
24.63,-14.34656
27.15,-18.55656
27.08,-23.73656
22.8,-25.64656
19.92,-18.96656
18.8,-11.25656
18.15,-6.086562
18.95,-1.866562
20.12,1.773438
19.95,5.133437
20.57,9.083437
23.85,14.04344
28.45,18.58344
8.9,9.793437
8.349999,9.103437
7.2,7.943437
6.35,5.913437
5.9,3.033437
7.05,0.7034375
9.7,-0.0365625
11.4,0.4634375
12.2,0.9334375
13.95,1.143438
16.3,1.183437
17.6,1.223437
17.7,1.263438
18,0.6034375
18.5,-0.8165625
18.95,-2.756562
20,-4.536562
21.6,-5.926562
22.5,-7.176562
22.6,-8.416562
22.7,-9.756562
22.65,-11.54656
22.3,-13.82656
22.25,-15.76656
23.3,-16.08656
24.45,-14.31656
24.1,-12.16656
21.85,-10.46656
18.3,-8.596562
15.7,-7.456563
14.1,-7.276562
10.9,-5.256562
7.9,-3.156562
8.65,-3.356562
10.4,-2.446563
8.8,0.8634375
3.8,4.533437
0.6,6.793437
0.09999999,8.233438
1.6,9.683437
3.3,10.61344
3.95,11.64344
4.3,13.32344
4.5,14.61344
4.3,13.96344
4.5,12.57344
6,13.49344
9.05,14.71344
11.3,14.56344
12.55,10.87344
15.8,7.623437
18.15,5.703437
19.2,2.693437
18.6,-2.906562
18.6,-9.706562
19.3,-14.26656
21.6,-17.17656
24.15,-20.48656
23.7,-25.22656
22.15,-21.14656
20.7,-12.73656
18.95,-5.866562
18.9,-1.596563
20.6,1.303437
21.5,4.933437
23,9.743437
26.4,14.78344
29.65,17.94344
4.85,8.663437
4.88,7.343437
4.05,6.233438
4.03,5.713438
5.35,4.593437
7.7,2.393437
10.6,0.9334375
13.02,1.703437
14.85,3.393437
17.4,4.843437
20.25,5.463438
21.5,4.413437
21.4,1.883438
21.53,-1.156562
22.05,-3.516562
22.13,-4.966562
22.45,-6.046562
23.43,-7.056562
24.35,-8.216562
24.6,-9.566563
24.85,-10.89656
25.35,-11.91656
25.55,-12.62656
25.98,-13.06656
27.2,-13.40656
27.95,-13.26656
27.4,-12.67656
25.1,-12.38656
21.55,-11.90656
18.07,-10.72656
15.15,-10.26656
11.4,-10.06656
7.35,-9.176562
6.32,-7.546562
7.5,-4.856563
7.85,-1.426562
6.7,2.313437
5.4,5.183437
4.45,6.783437
5.17,8.193438
6.25,9.473437
5.75,10.83344
5.1,12.23344
5.52,13.52344
6.1,13.79344
6.02,13.23344
6.9,14.52344
10.07,15.89344
12.7,15.34344
13.28,11.95344
14.85,8.493438
15.53,5.703437
14.45,1.633438
13.63,-2.966563
14.9,-8.076562
15.28,-12.04656
16.3,-14.02656
19.53,-15.08656
22.6,-19.36656
24.37,-19.63656
24.5,-14.55656
22.25,-7.496562
20.5,-2.516562
21.27,0.0634375
22.9,3.253438
25.5,8.173437
28.7,13.24344
31.05,16.29344
0.6,7.303437
0.95,5.393437
1.1,4.293437
2.4,4.483438
5.1,4.383438
8.25,3.093437
11.4,1.773438
14.25,1.923437
16.7,2.963437
19.1,3.743438
21.2,3.603437
22.25,1.883438
22.7,-0.9865625
23.15,-4.006562
23.4,-6.256562
22.9,-7.426562
22.6,-8.046562
23.45,-8.796562
24.7,-9.836562
25.2,-11.05656
25.4,-12.23656
25.35,-13.23656
25,-14.07656
25.5,-14.24656
27,-14.13656
27.8,-14.00656
27.6,-13.61656
26.35,-13.67656
24.1,-14.16656
21.35,-13.53656
19,-12.84656
17.8,-14.11656
15.5,-14.83656
12.1,-12.39656
10.9,-8.866562
11.8,-5.006562
12.7,-0.3465625
12.7,3.603437
11.1,5.773438
9.75,6.583437
9.2,7.233438
8.25,8.573438
7.3,9.963437
7.35,11.45344
7.8,13.07344
7.6,14.41344
7.9,15.90344
9.849999,16.00344
11.3,14.15344
12,12.13344
13.8,9.983438
14.85,6.443438
13,0.9834375
11.15,-2.636562
12.2,-6.256562
13.1,-9.896563
13,-11.28656
15.35,-11.49656
19.3,-13.11656
23.85,-14.74656
26.7,-14.08656
25.45,-9.336562
23.3,-4.746562
23.15,-1.856562
25,1.223437
27.65,5.973437
30.2,11.46344
32.1,15.20344
-1.1,4.733438
-0.57,3.403437
0.55,2.803437
2.7,3.073437
5.55,3.393437
8.4,2.983438
10.85,2.173437
12.82,1.923437
14.55,2.433437
15.83,2.763438
16.9,1.813437
18.3,-0.5465625
20,-2.976562
21.3,-4.996562
21.75,-6.916563
21.33,-8.486563
21.05,-9.406562
22.15,-9.996562
23.7,-10.63656
24.73,-11.47656
25.5,-12.46656
25.53,-13.68656
25.15,-15.35656
25.6,-16.51656
26.85,-16.65656
27.27,-16.26656
26.55,-15.58656
25,-14.95656
22.95,-14.93656
21.52,-14.92656
20.65,-14.51656
21.03,-15.15656
20.75,-16.00656
18.57,-14.61656
17.35,-12.05656
17.9,-8.556562
18.35,-3.866562
18.02,0.7034375
16.15,3.793437
13.92,4.963438
12.45,5.633437
11.3,6.853437
10.6,8.043437
10.45,9.193438
10.25,11.41344
9.05,14.80344
8.349999,17.28344
8.25,16.38344
8.8,13.39344
10.85,12.26344
13.55,11.53344
15.05,7.353437
13.2,2.243438
9.75,-1.386562
9.15,-4.846562
11.65,-9.096562
13.45,-11.72656
15.05,-11.66656
17.3,-11.67656
20.48,-12.60656
23.55,-12.82656
24.57,-9.716562
24.45,-5.056562
25.2,-0.2165625
27.45,4.093437
29.5,7.973437
30.4,11.50344
30.07,13.74344
-1.2,2.753438
-0.35,2.903437
1.3,2.993438
3.5,3.343437
5.8,4.143437
7.15,5.003438
6.9,5.603437
6.25,6.043437
6.4,6.533437
7.1,6.273438
8.5,4.573437
11.3,1.673437
14.7,-1.116562
17.25,-3.316562
18.6,-5.206563
19,-6.836562
19.3,-8.046562
20.3,-8.576562
21.4,-8.806562
22.3,-9.496562
23.3,-10.78656
23.95,-12.53656
24.7,-14.90656
26.05,-17.13656
27.4,-18.13656
27.8,-18.01656
27,-17.37656
24.9,-16.26656
22.3,-15.14656
21.1,-14.73656
21.2,-14.74656
21.8,-15.07656
22.3,-15.78656
22,-15.40656
21.7,-13.57656
21.75,-10.70656
21.5,-7.126562
20.7,-3.146562
19.1,0.3434375
17.5,2.743438
15.9,4.493437
14.35,5.743437
13.6,6.623437
13.85,7.663437
13.2,10.19344
10.7,14.00344
9.2,16.52344
7.4,16.62344
7.6,14.12344
8.849999,13.54344
10.6,11.24344
12.05,6.153437
10.6,2.063437
6.85,-1.236562
5.5,-3.706563
8.45,-6.256562
11.3,-8.146563
12.8,-8.236563
13.9,-8.536562
15.7,-9.146563
18.7,-8.666562
21.1,-4.776562
22.1,1.163437
23.6,5.793437
25.6,8.633437
26.5,10.03344
25.9,10.34344
23.95,11.21344
-1.05,2.693437
0.05,3.643437
1.2,4.083437
2.18,4.403438
3.3,5.223437
2.78,6.523438
0.45,7.853437
-0.87,8.703437
-0.25,9.223437
1.42,9.303437
3.85,8.663437
7.62,6.823437
11.75,3.873437
14.75,0.8134375
16.2,-1.136562
16.6,-2.276562
17,-3.686562
17.37,-4.936563
17.5,-5.726562
17.65,-6.816562
18.1,-8.346562
19,-10.04656
20.55,-12.20656
22.97,-14.83656
25.35,-16.81656
26.97,-17.49656
27.65,-17.46656
26.68,-16.91656
24.6,-15.76656
23.13,-14.54656
22.65,-14.12656
22.52,-14.19656
22.75,-14.46656
23.08,-14.41656
23.15,-13.10656
23.05,-10.75656
22.65,-8.316563
22.25,-5.716562
21.6,-2.916562
20.68,0.0234375
19.3,2.813437
17.58,4.363437
16.45,4.853437
16.03,5.893437
14.65,8.973437
12.05,12.53344
11.65,14.90344
8.73,17.09344
7.25,14.85344
6.25,12.09344
7.7,7.503438
9.62,3.393437
9.099999,0.6234375
6.3,-1.716563
4.65,-2.906562
5.4,-3.206563
5.85,-3.336562
5.65,-3.376562
6.2,-3.816562
8.13,-3.546562
11.35,-2.326562
13.88,0.7234375
14.95,4.403438
16.45,5.883437
17.65,6.673437
17.68,7.843437
17.7,8.623437
17.78,10.81344
0,2.843437
1.35,3.873437
1.2,4.713438
-0.09999999,5.483438
-0.2,6.193438
-0.6,6.913437
-2.1,7.823437
-2.55,9.073438
-1.7,10.73344
-0.3,12.49344
1.6,13.59344
4.35,12.99344
7.1,10.37344
9.2,5.963438
11.2,2.063437
12.75,-0.1065625
13.9,-1.986562
14.4,-3.806562
14.2,-5.126563
14.2,-6.336562
14.7,-7.526562
15.55,-8.406562
17,-9.646563
18.95,-11.91656
21.3,-14.33656
23.5,-15.88656
25.3,-16.58656
26.15,-16.46656
25.9,-15.76656
25.7,-14.86656
25.4,-14.41656
24.15,-13.98656
23.3,-13.49656
23.75,-13.23656
24.3,-12.19656
24.35,-9.946562
24.1,-7.856562
23.8,-6.086562
23.7,-4.116562
23,-1.846563
21.7,0.8334375
20.75,2.773438
19.6,3.193437
17.4,3.773438
14.8,6.823437
13.15,10.34344
13.4,13.59344
10.05,17.13344
7.4,14.54344
4.85,9.303437
6.2,4.223437
8.95,1.633438
9.2,-0.0765625
7.55,-1.006562
5.7,-1.846563
4.8,-2.126562
3.4,-1.976562
1.75,-1.896562
1.8,-1.736562
3.8,-0.8165625
6.3,0.2134375
8.099999,1.503438
9.099999,2.543437
9.75,3.203437
9.9,4.993437
10.3,7.683437
11.6,10.03344
12.55,13.16344
1.55,3.183437
3.15,4.103437
2.3,4.993437
-0.6,6.013437
-1.6,7.093437
-1.37,8.043437
-2.05,9.333437
-2.42,11.45344
-2.3,13.99344
-2.55,16.18344
-2.45,17.21344
-1.73,17.12344
-2,16.58344
-2.23,13.19344
0.4,6.903437
5.25,1.043437
8.65,-2.786562
9.3,-4.636562
9.15,-5.136562
10.22,-5.166563
12.15,-5.516562
14.3,-6.256562
16.1,-7.466562
17.2,-9.356563
18.15,-11.68656
19.67,-14.55656
21.65,-16.98656
23.43,-16.98656
24.25,-15.50656
25.3,-14.35656
26.4,-13.86656
26.05,-13.33656
25.45,-12.74656
25.78,-12.44656
26.15,-11.74656
26.33,-10.03656
26.15,-8.146563
25.35,-5.996562
25.05,-3.706563
24.45,-2.136562
23.25,-0.4165625
23.05,1.683437
22.05,2.583437
19.1,2.573437
17,4.823437
15.93,8.413437
14.35,12.47344
10.7,16.36344
8.25,13.69344
4.85,7.413437
5.3,3.563437
7.47,1.703437
7.6,0.1034375
7.07,-0.3065625
6.5,-1.096563
5.9,-1.546562
4.7,-1.426562
2.78,-0.8765625
1.95,0.4834375
3.35,1.963437
4.9,2.573437
5.43,2.673437
5,2.913437
4.33,4.323437
4.3,7.223437
5.18,10.38344
5.7,12.78344
4.88,16.03344
1.7,4.463438
3.15,5.483438
2.7,5.663437
-0.3,5.983438
-2,7.223437
-1.9,8.703437
-2.2,10.56344
-2.4,13.31344
-2.7,16.22344
-4.35,18.31344
-5.6,18.66344
-5.1,18.25344
-5.5,19.46344
-7.9,19.35344
-8,14.09344
-2.5,5.553437
3.2,-1.336563
5.2,-4.466562
5.7,-4.106563
7.2,-1.646562
9.7,-0.3165625
12.55,-1.556562
15,-4.026562
16.5,-6.486562
17.4,-8.656562
18.45,-12.15656
20.2,-16.42656
22.5,-17.81656
24,-16.29656
25,-14.20656
26,-12.57656
26.5,-11.48656
26.9,-11.02656
27.35,-11.07656
27.7,-10.93656
28.2,-10.22656
28.4,-9.126562
27.25,-6.936563
26.8,-3.986562
26.6,-2.056562
25.4,-0.8065625
24.95,1.133438
24.3,2.793437
22.35,3.053437
21.1,4.643437
18.75,7.873437
15.2,11.87344
10.85,15.15344
8.3,11.19344
5.85,5.613437
5.1,3.333437
6.35,1.613437
6.3,-0.3865625
6.2,-1.046562
6.5,-1.316562
6.15,-0.9265625
5.7,-0.6665625
4.85,-0.6565625
3.8,1.163437
3.85,4.073437
4,5.033437
2.3,4.233438
-0.2,3.913437
-1,5.713438
-0.3,9.473437
-0.35,12.97344
-1.4,14.91344
-1.95,17.97344
1.05,4.853437
1.65,6.263437
1.6,6.133437
-1.02,5.893437
-2.95,7.003438
-2.27,8.583437
-2,10.54344
-3.05,13.80344
-4.45,17.18344
-6.55,19.47344
-8.15,19.55344
-6.75,17.88344
-4.7,18.13344
-6.95,19.99344
-11.25,18.82344
-9.33,13.03344
-3.1,6.423437
2.15,1.843437
5.15,1.033437
6.58,3.683437
7.9,5.433437
9.9,4.043437
12.25,0.9034375
14.72,-2.676563
17.2,-5.456563
19.1,-8.116562
20.85,-11.75656
23.22,-14.56656
25.5,-15.16656
26.85,-13.91656
27.3,-12.14656
27.43,-10.84656
27.7,-10.43656
27.4,-10.40656
27.15,-10.12656
28.13,-9.546562
29,-8.746562
28.13,-7.006562
27.75,-4.236562
28.18,-1.826562
27.35,-0.3565625
26.55,1.593437
26.1,3.823437
24.43,4.813437
22.15,5.823437
18.45,7.933437
15.7,11.33344
12.45,13.51344
8.15,7.313437
7.47,3.013438
6.55,1.713437
7.2,-0.5065625
7.15,-2.666563
5.97,-3.366562
5.35,-2.836562
5.28,-1.376562
5.8,-1.466563
6.3,-2.796562
5.2,-0.8165625
3.2,3.883437
1.25,5.123437
-1.98,3.213437
-4.75,2.453437
-4.3,5.033437
-3.2,10.05344
-4.02,14.02344
-4.95,15.53344
-4.25,18.03344
1.4,3.563437
1,5.033437
0.8,5.633437
-1.7,6.053437
-3.7,7.323437
-2.5,8.593437
-2.2,10.33344
-4.55,13.74344
-6.7,16.95344
-8.4,19.10344
-10.1,19.78344
-8.9,18.09344
-5.8,17.10344
-6.7,18.80344
-11.9,20.37344
-13.55,19.11344
-9.7,15.85344
-3.95,11.45344
0.8,8.343437
3.2,7.913437
5,7.853437
6.95,6.653437
8.8,4.373437
10.95,0.8834375
13.9,-2.566562
16.6,-4.776562
18.7,-6.586562
21.15,-8.586562
23.8,-10.23656
25.55,-10.79656
26.7,-10.73656
27.95,-10.71656
28.9,-10.68656
28.2,-10.48656
27.3,-10.14656
27.7,-9.266562
28,-7.556562
26.95,-5.336562
26.7,-3.106562
27.4,-1.176562
26.8,0.4334375
25.55,2.383437
24.6,4.253438
22.55,5.353437
20,6.253438
18.15,8.003437
18,11.10344
15.85,12.25344
8.9,4.353437
8.45,-0.0365625
8.099999,-0.2765625
7.9,-2.666563
7.8,-4.926562
5.7,-6.006562
4.3,-5.276562
4.9,-3.206563
5.9,-3.436563
6.6,-5.126563
4.8,-2.356562
1.15,3.293437
-2,3.883437
-4.95,1.103437
-6.5,0.7534375
-5.5,4.333437
-5,9.783438
-5.75,13.76344
-6,15.34344
-6.45,17.60344
2.45,1.803437
1.18,2.433437
0.85,3.943437
-0.9,5.503438
-2.7,7.133437
-2.22,8.073438
-2.4,9.543437
-4.67,12.91344
-6.6,15.57344
-8.27,17.13344
-10.25,18.94344
-10.13,18.88344
-7.8,17.35344
-7.15,17.14344
-9.8,18.59344
-11.75,19.72344
-10.85,19.11344
-7.93,16.08344
-4.45,12.39344
-1.33,9.983438
1.9,8.543437
5,6.953437
7.1,4.853437
8.7,2.333437
10.8,-0.5165625
12.77,-2.986562
14.4,-4.496562
16.27,-5.276562
18.1,-6.026562
19.52,-6.676562
21.35,-7.186563
24.08,-7.346562
26.5,-6.966562
27.27,-6.766562
27.25,-7.086562
27.18,-6.896563
26.9,-5.676562
26.4,-4.166563
26.6,-2.966563
26.65,-1.406562
24.95,0.5934375
22.73,2.403437
21.85,3.733437
21.45,5.233438
20.9,7.123437
21,8.963437
20.8,10.74344
17.62,9.683437
10.5,2.773438
8.08,-2.266562
8.15,-1.136562
6.62,-2.686563
6.95,-4.256562
5.87,-5.846562
4.85,-6.576562
5.13,-5.446562
5.4,-5.216562
5.43,-5.806562
4.25,-3.036562
1.3,1.283437
-2.35,1.253438
-5.3,-0.4765625
-6.5,0.6634375
-6.45,4.473437
-6.8,9.053437
-7.17,12.85344
-7.3,15.06344
-9.15,17.10344
