U,V
2.30769,-1.444995
2.26769,-1.504995
2.22769,-1.564995
2.18769,-1.624995
2.13769,-1.684995
2.09769,-1.734995
2.04769,-1.794995
1.99769,-1.844995
1.94769,-1.894995
1.89769,-1.944995
1.84769,-1.994995
1.79769,-2.044995
1.74769,-2.094995
1.68769,-2.134995
1.62769,-2.174995
1.57769,-2.224995
1.51769,-2.264995
1.45769,-2.294995
1.39769,-2.334995
1.33769,-2.374995
1.26769,-2.404995
1.20769,-2.434995
1.13769,-2.474995
1.07769,-2.494995
1.00769,-2.524995
0.9476904,-2.554995
0.8776904,-2.574995
0.8076904,-2.594995
0.7376904,-2.614995
0.6776904,-2.634995
0.6076904,-2.654995
0.5376904,-2.664995
0.4676904,-2.684995
0.3976904,-2.694995
0.3276904,-2.704995
0.2476904,-2.704995
0.1776904,-2.714995
0.1076904,-2.714995
0.03769043,-2.724995
-0.03230957,-2.724995
-0.1023096,-2.714995
-0.1723096,-2.714995
-0.2423096,-2.714995
-0.3123096,-2.704995
-0.3823096,-2.694995
-0.4623096,-2.684995
-0.5323095,-2.664995
-0.5923095,-2.654995
-0.6623095,-2.634995
-0.7323096,-2.624995
-0.8023096,-2.604995
-0.8723096,-2.574995
-0.9423096,-2.554995
-1.00231,-2.524995
-1.072309,-2.504995
-1.13231,-2.474995
-1.202309,-2.444995
-1.26231,-2.414995
-1.322309,-2.374995
-1.39231,-2.344995
-1.452309,-2.304995
-1.51231,-2.264995
-1.572309,-2.224995
-1.62231,-2.184995
-1.68231,-2.134995
-1.74231,-2.094995
-1.79231,-2.044995
-1.842309,-2.004995
5.99769,-4.624995
5.77769,-4.744995
5.54769,-4.854995
5.32769,-4.944995
5.09769,-5.024995
4.87769,-5.094995
4.64769,-5.164995
4.37769,-5.214995
4.14769,-5.254995
3.89769,-5.284995
3.64769,-5.304995
3.42769,-5.314995
3.14769,-5.324995
2.97769,-5.314995
2.74769,-5.304995
2.52769,-5.284995
2.29769,-5.254995
2.07769,-5.204995
1.84769,-5.164995
1.62769,-5.104995
1.39769,-5.054995
1.22769,-4.984995
0.9976904,-4.904995
0.8276904,-4.834995
0.6476904,-4.744995
0.4476904,-4.654995
0.2976904,-4.564995
0.1476904,-4.464995
-0.00230957,-4.354995
-0.2023096,-4.254995
-0.3523096,-4.144995
-0.4723096,-4.034995
-0.6023096,-3.914995
-0.7523096,-3.794995
-0.8523095,-3.674995
-1.00231,-3.544995
-1.10231,-3.424995
-1.202309,-3.294995
-1.30231,-3.174995
-1.42231,-3.034995
-1.50231,-2.914995
-1.572309,-2.784995
-1.65231,-2.654995
-1.72231,-2.514995
-1.75231,-2.384995
-1.85231,-2.254995
-1.85231,-2.124995
-1.952309,-1.994995
-1.952309,-1.864995
-2.05231,-1.734995
-2.05231,-1.604995
-2.05231,-1.474995
-2.05231,-1.354995
-2.102309,-1.224995
-2.102309,-1.104995
-2.102309,-0.9749951
-2.102309,-0.8649951
-2.102309,-0.7449951
-2.102309,-0.6249951
-2.102309,-0.5149951
-2.05231,-0.4049951
-2.05231,-0.2849951
-2.05231,-0.1849951
-1.972309,-0.07499512
-1.952309,0.02500488
-1.90231,0.1250049
-1.85231,0.2150049
-1.80231,0.3150049
9.89769,-8.264995
9.44769,-8.424994
8.99769,-8.564995
8.54769,-8.664995
8.097691,-8.764995
7.64769,-8.824995
7.19769,-8.874995
6.74769,-8.894995
6.29769,-8.894995
5.84769,-8.874995
5.39769,-8.844995
4.94769,-8.784995
4.49769,-8.714995
4.04769,-8.614995
3.59769,-8.514995
3.24769,-8.394995
2.79769,-8.254995
2.44769,-8.114995
2.09769,-7.954995
1.69769,-7.784995
1.29769,-7.614995
0.9976904,-7.434995
0.6976904,-7.244995
0.2976904,-7.044995
-0.00230957,-6.854995
-0.2523096,-6.644995
-0.5023096,-6.444995
-0.8023096,-6.224995
-1.00231,-6.014995
-1.30231,-5.804995
-1.50231,-5.584995
-1.75231,-5.364995
-1.90231,-5.144995
-2.152309,-4.924995
-2.30231,-4.714995
-2.45231,-4.484995
-2.602309,-4.274995
-2.75231,-4.054995
-2.902309,-3.834995
-3.05231,-3.614995
-3.102309,-3.404995
-3.25231,-3.194995
-3.30231,-2.974995
-3.402309,-2.754995
-3.50231,-2.554995
-3.55231,-2.344995
-3.602309,-2.144995
-3.652309,-1.934995
-3.702309,-1.734995
-3.702309,-1.524995
-3.702309,-1.334995
-3.702309,-1.134995
-3.702309,-0.9449951
-3.702309,-0.7449951
-3.702309,-0.5649951
-3.702309,-0.3749951
-3.702309,-0.1949951
-3.602309,-0.01499512
-3.602309,0.1650049
-3.55231,0.3550049
-3.50231,0.5150049
-3.45231,0.6950049
-3.402309,0.8550048
-3.30231,1.025005
-3.20231,1.185005
-3.152309,1.355005
-3.102309,1.505005
-2.95231,1.675005
13.64769,-12.09499
12.97769,-12.325
12.34769,-12.51499
11.67769,-12.65499
10.99769,-12.76499
10.32769,-12.825
9.64769,-12.84499
8.89769,-12.81499
8.19769,-12.76499
7.52769,-12.67499
6.84769,-12.55499
6.177691,-12.39499
5.54769,-12.21499
4.927691,-12.00499
4.29769,-11.785
3.67769,-11.545
3.04769,-11.285
2.52769,-11.01499
1.94769,-10.72499
1.44769,-10.43499
0.9476904,-10.13499
0.4476904,-9.824995
0.04769043,-9.524995
-0.4023096,-9.204995
-0.8023096,-8.894995
-1.202309,-8.584995
-1.55231,-8.264995
-1.90231,-7.944995
-2.20231,-7.634995
-2.50231,-7.304995
-2.80231,-6.984995
-3.05231,-6.664995
-3.30231,-6.344995
-3.50231,-6.014995
-3.75231,-5.694995
-3.902309,-5.364995
-4.05231,-5.044995
-4.20231,-4.714995
-4.35231,-4.394995
-4.45231,-4.064995
-4.502309,-3.744995
-4.60231,-3.424995
-4.652309,-3.114995
-4.672309,-2.794995
-4.652309,-2.494995
-4.652309,-2.184995
-4.60231,-1.884995
-4.60231,-1.594995
-4.55231,-1.304995
-4.47231,-1.024995
-4.402309,-0.7549951
-4.30231,-0.4849951
-4.20231,-0.2349951
-4.072309,0.01500488
-3.952309,0.2550049
-3.80231,0.4950049
-3.702309,0.7150049
-3.55231,0.9350049
-3.402309,1.135005
-3.22231,1.345005
-3.102309,1.535005
-2.902309,1.725005
-2.75231,1.905005
-2.602309,2.085005
-2.45231,2.245005
-2.25231,2.425005
-2.102309,2.575005
-1.952309,2.735005
16.59769,-15.77499
15.84769,-16.10499
14.99769,-16.38499
14.19769,-16.585
13.29769,-16.72499
12.49769,-16.79499
11.59769,-16.81499
10.69769,-16.755
9.79769,-16.65499
8.99769,-16.48499
8.097691,-16.27499
7.19769,-16.03499
6.29769,-15.745
5.49769,-15.415
4.69769,-15.075
3.89769,-14.69499
3.09769,-14.31499
2.34769,-13.90499
1.69769,-13.495
0.9976904,-13.075
0.3976904,-12.64499
-0.2023096,-12.21499
-0.8023096,-11.785
-1.30231,-11.34499
-1.80231,-10.915
-2.25231,-10.47499
-2.70231,-10.035
-3.05231,-9.584995
-3.402309,-9.134995
-3.702309,-8.674994
-4.002309,-8.204995
-4.30231,-7.734995
-4.60231,-7.254995
-4.80231,-6.764995
-5.002309,-6.274995
-5.152309,-5.774995
-5.30231,-5.284995
-5.352309,-4.784995
-5.402309,-4.294995
-5.45231,-3.804995
-5.502309,-3.314995
-5.402309,-2.824995
-5.402309,-2.364995
-5.252309,-1.894995
-5.20231,-1.444995
-5.05231,-0.9949951
-4.902309,-0.5749951
-4.70231,-0.1549951
-4.502309,0.2350049
-4.30231,0.6250049
-4.10231,0.9850048
-3.80231,1.335005
-3.50231,1.665005
-3.30231,1.985005
-3.00231,2.265005
-2.70231,2.555005
-2.402309,2.795005
-2.102309,3.045005
-1.80231,3.255005
-1.50231,3.465005
-1.202309,3.645005
-0.9023095,3.815005
-0.6023096,3.955005
-0.3023096,4.095005
-0.00230957,4.205005
0.2976904,4.315005
0.5976904,4.405005
0.8976904,4.485005
18.09769,-18.755
17.32769,-19.23499
16.49769,-19.64499
15.62769,-19.95499
14.74769,-20.18499
13.84769,-20.325
12.89769,-20.38499
11.94769,-20.36499
10.99769,-20.27499
9.99769,-20.095
8.99769,-19.85499
7.99769,-19.55499
6.99769,-19.19499
5.97769,-18.78499
4.99769,-18.335
4.04769,-17.85499
3.09769,-17.345
2.22769,-16.80499
1.34769,-16.265
0.5476904,-15.705
-0.2023096,-15.14499
-0.9023095,-14.575
-1.55231,-13.995
-2.152309,-13.415
-2.652309,-12.81499
-3.152309,-12.21499
-3.602309,-11.60499
-4.05231,-10.96499
-4.402309,-10.31499
-4.80231,-9.644995
-5.102309,-8.964995
-5.37231,-8.264995
-5.602309,-7.554995
-5.752309,-6.824995
-5.902309,-6.094995
-6.022309,-5.364995
-6.05231,-4.644995
-6.102309,-3.924995
-6.05231,-3.224995
-5.95231,-2.534995
-5.852309,-1.864995
-5.652309,-1.214995
-5.45231,-0.6049951
-5.22231,-0.01499512
-4.95231,0.5550049
-4.70231,1.085005
-4.402309,1.595005
-4.10231,2.075005
-3.75231,2.525005
-3.45231,2.945005
-3.102309,3.335005
-2.77231,3.705005
-2.45231,4.045005
-2.122309,4.355005
-1.75231,4.645005
-1.42231,4.915005
-1.05231,5.175005
-0.7223095,5.405005
-0.3523096,5.605005
-0.00230957,5.805005
0.3976904,5.975005
0.7776904,6.125005
1.19769,6.255005
1.57769,6.365005
1.99769,6.455005
2.39769,6.525005
2.79769,6.565005
3.17769,6.605005
18.79769,-20.69499
17.94769,-21.37499
17.19769,-21.98499
16.29769,-22.46499
15.49769,-22.86499
14.59769,-23.14499
13.69769,-23.335
12.74769,-23.415
11.79769,-23.40499
10.79769,-23.27499
9.79769,-23.085
8.74769,-22.78499
7.59769,-22.415
6.54769,-21.95499
5.39769,-21.44499
4.34769,-20.87499
3.29769,-20.265
2.24769,-19.60499
1.29769,-18.925
0.3976904,-18.21499
-0.5023096,-17.505
-1.25231,-16.77499
-2.00231,-16.02499
-2.70231,-15.27499
-3.30231,-14.51499
-3.80231,-13.71499
-4.30231,-12.90499
-4.752309,-12.06499
-5.20231,-11.205
-5.55231,-10.31499
-5.902309,-9.404995
-6.152309,-8.474995
-6.402309,-7.534995
-6.55231,-6.584995
-6.70231,-5.644995
-6.70231,-4.704995
-6.70231,-3.794995
-6.652309,-2.884995
-6.502309,-2.014995
-6.252309,-1.164995
-6.002309,-0.3549951
-5.652309,0.4450049
-5.30231,1.195005
-4.902309,1.935005
-4.502309,2.625005
-4.05231,3.285005
-3.602309,3.895005
-3.152309,4.455005
-2.70231,4.945005
-2.352309,5.375005
-1.90231,5.735005
-1.50231,6.045005
-1.202309,6.285005
-0.8023096,6.505005
-0.5023096,6.685005
-0.1023096,6.865005
0.1976904,7.015005
0.5476904,7.175005
0.9976904,7.315005
1.34769,7.455005
1.79769,7.565005
2.24769,7.685005
2.69769,7.765005
3.04769,7.845005
3.49769,7.915005
3.94769,7.975005
4.39769,8.025004
4.74769,8.075005
19.29769,-20.89499
18.54769,-21.925
17.69769,-22.835
16.87769,-23.60499
15.99769,-24.255
15.17769,-24.755
14.29769,-25.14499
13.44769,-25.40499
12.54769,-25.55499
11.59769,-25.585
10.64769,-25.52499
9.62769,-25.335
8.597691,-25.05499
7.49769,-24.65499
6.39769,-24.175
5.24769,-23.575
4.09769,-22.90499
3.01769,-22.15499
1.94769,-21.345
0.9476904,-20.48499
-0.00230957,-19.595
-0.8523095,-18.685
-1.65231,-17.765
-2.402309,-16.825
-3.102309,-15.88499
-3.702309,-14.915
-4.252309,-13.93499
-4.832309,-12.94499
-5.30231,-11.915
-5.70231,-10.865
-6.05231,-9.804995
-6.382309,-8.724995
-6.602309,-7.644995
-6.80231,-6.554995
-6.902309,-5.474995
-6.902309,-4.394995
-6.902309,-3.334995
-6.78231,-2.284995
-6.652309,-1.244995
-6.43231,-0.2149951
-6.152309,0.7950048
-5.882309,1.795005
-5.55231,2.755005
-5.132309,3.685005
-4.70231,4.565005
-4.272309,5.345005
-3.80231,6.035005
-3.352309,6.605005
-2.902309,7.055005
-2.45231,7.385005
-2.00231,7.625005
-1.62231,7.805005
-1.202309,7.935005
-0.8723096,8.065004
-0.4523095,8.195004
-0.1023096,8.345005
0.3476904,8.515005
0.7976904,8.695004
1.34769,8.875005
1.82769,9.045005
2.39769,9.195004
2.89769,9.345005
3.44769,9.465005
3.92769,9.575005
4.39769,9.665005
4.927691,9.755005
5.44769,9.825005
5.927691,9.875005
19.49769,-19.88499
18.95769,-21.245
18.29769,-22.495
17.49769,-23.55499
16.69769,-24.47499
15.89769,-25.20499
15.09769,-25.825
14.34769,-26.29499
13.49769,-26.65499
12.74769,-26.90499
11.89769,-27.06499
10.99769,-27.10499
9.99769,-27.04499
8.94769,-26.835
7.89769,-26.505
6.74769,-26.005
5.59769,-25.39499
4.49769,-24.62499
3.39769,-23.745
2.34769,-22.755
1.39769,-21.70499
0.4976904,-20.595
-0.4023096,-19.46499
-1.15231,-18.325
-1.90231,-17.185
-2.652309,-16.05499
-3.402309,-14.92499
-4.002309,-13.785
-4.60231,-12.64499
-5.102309,-11.495
-5.602309,-10.34499
-5.902309,-9.174994
-6.20231,-8.004995
-6.45231,-6.844995
-6.602309,-5.684995
-6.652309,-4.514995
-6.70231,-3.354995
-6.652309,-2.174995
-6.602309,-0.9849951
-6.502309,0.2350049
-6.402309,1.475005
-6.20231,2.725005
-6.002309,3.945005
-5.70231,5.105005
-5.402309,6.165005
-5.05231,7.065005
-4.60231,7.795005
-4.152309,8.335005
-3.702309,8.715005
-3.25231,8.945004
-2.902309,9.075005
-2.45231,9.165005
-2.102309,9.235004
-1.65231,9.325005
-1.202309,9.445004
-0.7523096,9.645004
-0.3023096,9.865005
0.1976904,10.145
0.7976904,10.445
1.39769,10.76501
1.99769,11.065
2.59769,11.355
3.19769,11.605
3.79769,11.835
4.39769,12.005
4.99769,12.145
5.59769,12.225
6.09769,12.275
18.59769,-17.435
18.45769,-19.02499
18.19769,-20.505
17.75769,-21.81499
17.29769,-22.97499
16.72769,-23.96499
16.14769,-24.81499
15.62769,-25.52499
15.09769,-26.14499
14.52769,-26.665
13.89769,-27.10499
13.17769,-27.44499
12.29769,-27.68499
11.29769,-27.77499
10.24769,-27.73499
9.097691,-27.48499
7.89769,-27.085
6.72769,-26.47499
5.64769,-25.70499
4.59769,-24.77499
3.64769,-23.745
2.69769,-22.595
1.84769,-21.40499
0.9976904,-20.165
0.1976904,-18.90499
-0.6023096,-17.65499
-1.40231,-16.38499
-2.152309,-15.125
-2.852309,-13.85499
-3.53231,-12.585
-4.152309,-11.31499
-4.632309,-10.05499
-5.05231,-8.824995
-5.402309,-7.594995
-5.70231,-6.384995
-5.902309,-5.164995
-6.102309,-3.924995
-6.18231,-2.634995
-6.20231,-1.294995
-6.252309,0.1250049
-6.252309,1.595005
-6.18231,3.095005
-6.05231,4.545005
-5.902309,5.885005
-5.70231,7.045005
-5.45231,7.925004
-5.20231,8.555005
-4.87231,8.915005
-4.55231,9.095005
-4.272309,9.155005
-4.002309,9.155005
-3.652309,9.195004
-3.352309,9.285005
-3.00231,9.495005
-2.652309,9.815004
-2.20231,10.275
-1.702309,10.825
-1.15231,11.435
-0.5523096,12.035
0.09769043,12.55501
0.7476904,12.975
1.34769,13.285
1.89769,13.475
2.44769,13.59501
2.89769,13.675
3.32769,13.755
3.74769,13.825
4.14769,13.885
17.39769,-13.79499
17.80769,-15.56499
17.99769,-17.29499
18.00769,-18.87499
17.99769,-20.335
17.85769,-21.595
17.69769,-22.73499
17.54769,-23.72499
17.39769,-24.62499
17.14769,-25.39499
16.79769,-26.10499
16.29769,-26.69499
15.69769,-27.175
14.79769,-27.495
13.79769,-27.68499
12.59769,-27.65499
11.39769,-27.46499
10.19769,-27.075
8.99769,-26.53499
7.89769,-25.835
6.89769,-25.02499
5.89769,-24.085
4.99769,-23.06499
3.99769,-21.96499
2.99769,-20.79499
2.04769,-19.55499
1.09769,-18.265
0.09769043,-16.925
-0.8023096,-15.55499
-1.65231,-14.15499
-2.402309,-12.75499
-3.00231,-11.375
-3.50231,-10.02499
-4.002309,-8.684995
-4.402309,-7.364995
-4.70231,-6.034995
-5.002309,-4.664995
-5.252309,-3.214995
-5.402309,-1.684995
-5.55231,-0.05499512
-5.70231,1.635005
-5.70231,3.325005
-5.70231,4.935005
-5.70231,6.335005
-5.602309,7.465005
-5.602309,8.195004
-5.502309,8.615005
-5.45231,8.735004
-5.402309,8.675005
-5.30231,8.595005
-5.20231,8.555005
-5.05231,8.685004
-4.902309,8.955005
-4.60231,9.445004
-4.20231,10.065
-3.852309,10.835
-3.30231,11.635
-2.80231,12.425
-2.30231,13.09501
-1.702309,13.585
-1.10231,13.885
-0.6023096,14.005
-0.1023096,14.005
0.2476904,13.985
0.4976904,13.975
0.7476904,14.015
0.9976904,14.09501
1.29769,14.185
16.89769,-9.794995
17.55769,-11.615
18.09769,-13.46499
18.52769,-15.26499
18.84769,-16.995
19.10769,-18.56499
19.34769,-20.02499
19.57769,-21.325
19.74769,-22.51499
19.94769,-23.575
20.04769,-24.54499
19.99769,-25.39499
19.74769,-26.14499
19.24769,-26.755
18.54769,-27.20499
17.64769,-27.44499
16.64769,-27.51499
15.54769,-27.37499
14.44769,-27.09499
13.34769,-26.65499
12.19769,-26.11499
11.06769,-25.46499
9.847691,-24.70499
8.597691,-23.80499
7.24769,-22.77499
5.86769,-21.585
4.54769,-20.28499
3.24769,-18.88499
2.04769,-17.425
0.9676904,-15.96499
-0.00230957,-14.50499
-0.8523095,-13.06499
-1.60231,-11.64499
-2.23231,-10.23499
-2.852309,-8.814995
-3.382309,-7.344995
-3.80231,-5.804995
-4.232309,-4.184995
-4.60231,-2.464995
-4.902309,-0.6749951
-5.20231,1.145005
-5.43231,2.905005
-5.652309,4.545005
-5.80231,5.905005
-5.95231,6.955005
-6.122309,7.575005
-6.252309,7.875005
-6.352309,7.875005
-6.45231,7.775005
-6.572309,7.745005
-6.602309,7.895005
-6.502309,8.335005
-6.352309,8.975005
-6.05231,9.815004
-5.70231,10.715
-5.322309,11.585
-4.95231,12.365
-4.522309,12.995
-4.10231,13.485
-3.702309,13.795
-3.25231,13.965
-2.72231,14.025
-2.25231,14.035
-1.85231,14.045
-1.60231,14.065
-1.452309,14.065
-1.35231,14.035
-1.202309,13.975
16.29769,-6.144995
17.30769,-7.674995
18.19769,-9.354995
19.05769,-11.125
19.79769,-12.955
20.40769,-14.745
20.89769,-16.505
21.45769,-18.14499
21.89769,-19.72499
22.30769,-21.165
22.59769,-22.52499
22.84769,-23.76499
22.89769,-24.94499
22.84769,-25.98499
22.59769,-26.925
22.09769,-27.62499
21.49769,-28.14499
20.74769,-28.39499
19.89769,-28.48499
18.99769,-28.36499
17.99769,-28.11499
16.74769,-27.68499
15.29769,-27.085
13.74769,-26.26499
12.09769,-25.22499
10.44769,-23.96499
8.79769,-22.55499
7.29769,-21.05499
5.89769,-19.52499
4.59769,-18.04499
3.39769,-16.575
2.29769,-15.165
1.19769,-13.72499
0.1476904,-12.25499
-0.8023096,-10.72499
-1.702309,-9.094995
-2.402309,-7.404995
-3.102309,-5.634995
-3.702309,-3.814995
-4.252309,-1.944995
-4.70231,-0.08499511
-5.252309,1.715005
-5.70231,3.375005
-6.102309,4.765005
-6.402309,5.835005
-6.70231,6.465005
-6.902309,6.755005
-7.002309,6.765005
-7.102309,6.695005
-7.20231,6.755005
-7.30231,7.055005
-7.30231,7.765005
-7.30231,8.725005
-7.102309,9.845005
-6.902309,10.915
-6.55231,11.795
-6.20231,12.455
-5.902309,12.865
-5.602309,13.105
-5.30231,13.265
-4.902309,13.405
-4.45231,13.575
-4.002309,13.785
-3.602309,14.025
-3.402309,14.205
-3.352309,14.235
-3.402309,14.105
-3.25231,13.855
15.19769,-3.154995
16.22769,-4.254995
17.24769,-5.504995
18.32769,-6.914995
19.39769,-8.454995
20.45769,-10.10499
21.49769,-11.825
22.47769,-13.54499
23.39769,-15.27499
24.22769,-16.97499
24.99769,-18.69499
25.47769,-20.37499
25.79769,-22.015
25.85769,-23.55499
25.69769,-24.995
25.24769,-26.255
24.74769,-27.35499
24.12769,-28.21499
23.44769,-28.88499
22.64769,-29.325
21.74769,-29.585
20.64769,-29.575
19.34769,-29.31499
17.86769,-28.70499
16.29769,-27.81499
14.71769,-26.64499
13.14769,-25.335
11.79769,-23.96499
10.44769,-22.60499
9.097691,-21.29499
7.69769,-19.98499
6.16769,-18.61499
4.59769,-17.095
2.99769,-15.415
1.59769,-13.59499
0.3176904,-11.665
-0.8023096,-9.694995
-1.63231,-7.734995
-2.45231,-5.804995
-3.132309,-3.914995
-3.80231,-2.024995
-4.482309,-0.1849951
-5.102309,1.615005
-5.78231,3.215005
-6.352309,4.555005
-6.652309,5.455005
-6.80231,5.965005
-6.772309,6.105005
-6.652309,6.095005
-6.55231,6.115005
-6.55231,6.365005
-6.622309,7.075005
-6.752309,8.155005
-6.832309,9.435004
-6.80231,10.655
-6.602309,11.565
-6.402309,12.175
-6.102309,12.465
-5.80231,12.59501
-5.502309,12.715
-5.252309,12.895
-4.97231,13.195
-4.752309,13.555
-4.70231,13.885
-4.752309,14.075
-4.902309,13.995
-5.152309,13.665
-5.252309,13.185
14.69769,-0.7649951
15.64769,-1.414995
16.59769,-2.134995
17.64769,-2.964995
18.69769,-3.994995
19.90769,-5.264995
21.09769,-6.754995
22.45769,-8.444995
23.79769,-10.26499
25.15769,-12.165
26.39769,-14.115
27.50769,-16.075
28.29769,-18.02499
28.80769,-19.915
28.99769,-21.73499
28.80769,-23.40499
28.39769,-24.93499
27.74769,-26.23499
26.99769,-27.37499
26.14769,-28.26499
25.09769,-28.98499
23.99769,-29.44499
22.69769,-29.68499
21.24769,-29.63499
19.89769,-29.335
18.49769,-28.755
17.19769,-28.01499
15.94769,-27.175
14.59769,-26.26499
13.14769,-25.26499
11.39769,-24.10499
9.49769,-22.69499
7.49769,-21.005
5.59769,-19.005
3.79769,-16.80499
2.29769,-14.50499
0.9976904,-12.205
-0.00230957,-10.01499
-0.9023095,-7.954995
-1.65231,-6.044995
-2.30231,-4.194995
-3.05231,-2.354995
-3.902309,-0.4549951
-4.752309,1.465005
-5.502309,3.265005
-6.05231,4.645005
-6.30231,5.545005
-6.152309,5.895005
-5.902309,5.935005
-5.652309,5.855005
-5.502309,5.915005
-5.502309,6.445005
-5.70231,7.425004
-5.852309,8.795005
-6.002309,10.165
-6.002309,11.225
-5.902309,11.905
-5.70231,12.215
-5.502309,12.325
-5.20231,12.425
-5.002309,12.605
-4.902309,12.925
-5.002309,13.245
-5.152309,13.455
-5.30231,13.435
-5.602309,13.115
-6.002309,12.525
-6.252309,11.815
15.14769,1.825005
16.22769,1.555005
17.34769,1.205005
18.49769,0.6850049
19.74769,-0.01499512
20.94769,-0.9749951
22.19769,-2.174995
23.45769,-3.644995
24.64769,-5.324995
25.87769,-7.174995
27.09769,-9.154995
28.27769,-11.23499
29.39769,-13.415
30.30769,-15.64499
31.04769,-17.90499
31.45769,-20.085
31.54769,-22.12499
31.27769,-23.915
30.79769,-25.45499
30.02769,-26.68499
29.09769,-27.69499
28.04769,-28.46499
26.94769,-29.09499
25.72769,-29.59499
24.54769,-29.97499
23.27769,-30.17499
21.94769,-30.20499
20.52769,-29.97499
18.84769,-29.51499
16.84769,-28.745
14.64769,-27.63499
12.34769,-26.11499
10.04769,-24.27499
7.91769,-22.085
5.99769,-19.70499
4.34769,-17.20499
2.94769,-14.665
1.79769,-12.245
0.8976904,-9.974995
0.1676904,-7.974995
-0.4523095,-6.154995
-1.15231,-4.424995
-1.90231,-2.584995
-2.902309,-0.5249951
-3.852309,1.645005
-4.68231,3.635005
-5.152309,5.185005
-5.272309,5.965005
-5.152309,6.155005
-4.922309,5.915005
-4.80231,5.675005
-4.772309,5.845005
-4.902309,6.525005
-5.002309,7.805005
-5.152309,9.295005
-5.152309,10.675
-5.152309,11.665
-5.12231,12.065
-5.102309,12.115
-5.022309,12.045
-4.95231,12.045
-4.852309,12.205
-4.80231,12.395
-4.87231,12.435
-5.002309,12.205
-5.22231,11.665
-5.45231,10.915
-5.652309,10.135
15.49769,3.825005
16.84769,3.725005
18.19769,3.535005
19.69769,3.195005
21.19769,2.685005
22.79769,1.935005
24.39769,0.9150048
25.85769,-0.4049951
27.09769,-1.964995
28.25769,-3.714995
29.29769,-5.584995
30.20769,-7.564995
31.09769,-9.694995
31.85769,-11.98499
32.59769,-14.43499
33.05769,-16.95499
33.39769,-19.47499
33.40769,-21.85499
33.29769,-24.03499
32.85769,-25.89499
32.19769,-27.45499
31.44769,-28.65499
30.69769,-29.61499
29.79769,-30.40499
28.89769,-31.13499
27.84769,-31.755
26.59769,-32.22499
25.09769,-32.41499
23.19769,-32.27499
20.99769,-31.64499
18.49769,-30.585
15.94769,-29.05499
13.39769,-27.14499
11.04769,-24.915
8.89769,-22.46499
6.93769,-19.81499
5.19769,-17.075
3.89769,-14.365
2.79769,-11.80499
2.09769,-9.604995
1.49769,-7.764995
0.8976904,-6.184995
0.1976904,-4.574995
-0.8523095,-2.674995
-1.90231,-0.4349951
-2.95231,1.965005
-3.80231,4.155005
-4.20231,5.615005
-4.402309,6.285005
-4.30231,6.095005
-4.20231,5.605005
-4.152309,5.385005
-4.20231,5.715005
-4.35231,6.825005
-4.402309,8.355004
-4.502309,9.985004
-4.502309,11.265
-4.502309,11.835
-4.502309,11.885
-4.502309,11.655
-4.502309,11.465
-4.45231,11.465
-4.30231,11.545
-4.152309,11.525
-4.10231,11.215
-4.002309,10.565
-4.002309,9.735004
-3.952309,8.925005
16.64769,7.235005
18.42769,7.405005
20.29769,7.435005
22.34769,7.225005
24.49769,6.735005
26.72769,5.815005
28.89769,4.505005
30.85769,2.775005
32.54769,0.7750049
33.85769,-1.394995
34.79769,-3.644995
35.60769,-5.904995
36.24769,-8.194995
36.55769,-10.47499
36.64769,-12.72499
36.52769,-14.90499
36.29769,-17.06499
36.12769,-19.29499
35.89769,-21.62499
35.50769,-24.01499
34.94769,-26.30499
34.12769,-28.325
33.24769,-30.02499
32.37769,-31.34499
31.54769,-32.40499
30.54769,-33.245
29.44769,-33.86499
28.07769,-34.21499
26.44769,-34.285
24.62769,-33.98499
22.59769,-33.335
20.39769,-32.21499
18.04769,-30.665
15.54769,-28.585
12.94769,-26.075
10.38769,-23.14499
8.14769,-19.98499
6.31769,-16.80499
4.94769,-13.80499
3.96769,-11.295
3.29769,-9.254995
2.74769,-7.684995
2.09769,-6.234995
1.31769,-4.564995
0.3976904,-2.484995
-0.6523095,-0.02499512
-1.60231,2.475005
-2.382309,4.465005
-2.902309,5.725005
-3.152309,6.015005
-3.152309,5.755005
-3.05231,5.405005
-2.95231,5.405005
-2.902309,6.155005
-3.00231,7.465005
-3.182309,9.075005
-3.402309,10.465
-3.52231,11.225
-3.602309,11.465
-3.602309,11.335
-3.602309,11.155
-3.50231,11.105
-3.352309,11.125
-3.122309,11.065
-2.902309,10.785
-2.672309,10.165
-2.402309,9.345005
-2.072309,8.505005
18.09769,11.375
20.39769,11.795
22.79769,11.995
25.19769,11.825
27.69769,11.165
30.05769,9.905005
32.29769,8.185004
34.20769,6.145005
35.89769,3.965005
37.40769,1.675005
38.89769,-0.7649951
40.10769,-3.364995
41.09769,-6.024995
41.75769,-8.594995
42.09769,-11.035
42.05769,-13.31499
41.89769,-15.52499
41.65769,-17.72499
41.39769,-20.085
40.85769,-22.665
39.89769,-25.29499
38.55769,-27.77499
37.09769,-30.04499
35.70769,-31.93499
34.29769,-33.47499
32.89769,-34.61499
31.49769,-35.45499
29.99769,-35.97499
28.59769,-36.27499
27.24769,-36.355
25.79769,-36.23499
24.24769,-35.745
22.29769,-34.765
19.89769,-33.015
17.09769,-30.55499
14.13769,-27.34499
11.39769,-23.68499
9.08769,-19.89499
7.19769,-16.31499
5.94769,-13.325
4.99769,-10.89499
4.29769,-9.084995
3.69769,-7.524995
3.24769,-5.914995
2.79769,-4.024995
2.14769,-1.794995
1.39769,0.5750049
0.5976904,2.705005
-0.2023096,4.345005
-0.8523095,5.175005
-1.202309,5.465005
-1.25231,5.475005
-1.10231,5.575005
-0.9523095,6.125005
-0.9023095,7.095005
-1.00231,8.415005
-1.40231,9.665005
-1.75231,10.535
-2.00231,11.01501
-2.102309,11.135
-2.102309,11.105
-1.952309,11.065
-1.80231,11.05501
-1.65231,10.995
-1.60231,10.76501
-1.35231,10.315
-1.10231,9.665005
-0.7523096,8.905005
18.79769,15.515
21.19769,16.255
23.64769,16.60501
26.09769,16.285
28.59769,15.315
30.97769,13.585
33.09769,11.375
34.75769,8.965005
36.19769,6.645005
37.77769,4.485005
39.54769,2.235005
41.40769,-0.3049951
42.94769,-3.094995
44.12769,-5.984995
45.09769,-8.844995
46.12769,-11.705
47.09769,-14.75499
47.62769,-17.97499
47.59769,-21.14499
46.77769,-24.04499
45.54769,-26.68499
43.95769,-29.01499
42.19769,-31.11499
40.35769,-33.02499
38.44769,-34.745
36.44769,-36.125
34.44769,-37.20499
32.62769,-38.015
30.89769,-38.62499
29.32769,-39.02499
27.74769,-39.16499
26.19769,-38.93499
24.44769,-38.30499
22.46769,-36.96499
20.09769,-34.90499
17.36769,-31.825
14.54769,-28.005
11.93769,-23.72499
9.74769,-19.505
8.08769,-15.89499
6.74769,-12.89499
5.76769,-10.55499
5.09769,-8.514995
4.74769,-6.564995
4.59769,-4.574995
4.54769,-2.544995
4.39769,-0.5749951
4.06769,1.175005
3.54769,2.615005
2.84769,3.605005
2.19769,4.275005
1.69769,4.735005
1.49769,5.215005
1.47769,5.895005
1.49769,6.745005
1.41769,7.725005
1.14769,8.705005
0.6976904,9.525004
0.2476904,10.155
-0.07230957,10.505
-0.2023096,10.635
-0.2223096,10.615
-0.1523096,10.59501
-0.1523096,10.575
-0.1523096,10.535
-0.1723096,10.425
-0.05230957,10.285
0.2976904,10.115
17.99769,20.205
20.14769,21.235
22.49769,21.555
24.99769,20.925
27.89769,19.465
30.65769,17.075
32.99769,14.185
34.60769,11.295
35.99769,8.655005
37.45769,6.255005
39.29769,3.885005
41.50769,1.345005
43.59769,-1.644995
44.95769,-5.234995
45.69769,-9.074995
46.30769,-12.665
47.19769,-15.90499
48.20769,-18.90499
48.69769,-21.78499
48.50769,-24.44499
47.79769,-26.915
46.95769,-29.245
45.89769,-31.505
44.45769,-33.695
42.59769,-35.77499
40.40769,-37.535
37.99769,-38.93499
35.79769,-39.945
33.79769,-40.68499
31.69769,-41.15499
29.59769,-41.30499
27.49769,-41.07499
25.59769,-40.55499
23.89769,-39.64499
22.09769,-38.16499
19.78769,-35.64499
17.29769,-32.11499
14.68769,-27.665
12.39769,-23.005
10.48769,-18.825
8.89769,-15.23499
7.59769,-12.26499
6.59769,-9.554995
6.09769,-6.954995
5.99769,-4.474995
6.29769,-2.304995
6.59769,-0.5549951
6.79769,0.6850049
6.79769,1.565005
6.44769,2.195005
5.89769,2.785005
5.29769,3.475005
4.69769,4.285005
4.29769,5.195005
3.99769,6.115005
3.84769,6.945005
3.59769,7.705005
3.19769,8.405005
2.69769,9.075005
2.39769,9.515005
2.09769,9.685004
1.89769,9.545005
1.69769,9.375005
1.49769,9.285005
1.29769,9.355004
1.14769,9.575005
1.19769,9.945004
1.54769,10.51501
15.49769,24.085
17.59769,24.555
19.99769,24.165
22.75769,22.945
25.69769,21.175
28.70769,18.955
31.39769,16.43501
33.47769,13.635
35.04769,10.615
36.12769,7.535005
37.19769,4.635005
38.75769,1.985005
40.69769,-0.7749951
42.37769,-4.054995
43.09769,-7.704995
42.75769,-11.14499
42.54769,-14.085
43.62769,-16.71499
45.29769,-19.56499
46.30769,-22.62499
46.59769,-25.595
46.60769,-28.35499
46.54769,-31.085
46.15769,-33.84499
44.99769,-36.54499
42.87769,-38.90499
40.24769,-40.72499
37.69769,-41.82499
35.44769,-42.40499
33.32769,-42.57499
31.19769,-42.515
29.02769,-42.23499
27.04769,-41.82499
25.34769,-41.20499
23.59769,-40.18499
21.66769,-38.22499
19.49769,-35.22499
17.26769,-31.085
15.14769,-26.45499
13.26769,-21.98499
11.54769,-17.90499
9.98769,-14.29499
8.847691,-10.825
8.11769,-7.444995
7.79769,-4.244995
7.91769,-1.614995
8.19769,0.3150049
8.49769,1.345005
8.69769,1.795005
8.74769,1.885005
8.64769,1.985005
8.32769,2.405005
7.84769,3.135005
7.31769,4.135005
6.84769,5.145005
6.47769,5.955005
6.09769,6.585005
5.49769,7.155005
4.99769,7.815005
4.64769,8.345005
4.49769,8.525004
4.32769,8.265005
4.04769,7.875005
3.72769,7.615005
3.39769,7.665005
3.17769,8.255005
3.19769,9.205005
3.76769,10.405
13.59769,25.975
15.94769,25.785
18.69769,24.965
21.70769,23.445
24.69769,21.365
27.10769,18.915
29.19769,16.465
31.15769,14.085
32.79769,11.535
33.50769,8.595005
33.49769,5.535005
33.60769,2.725005
34.49769,0.08500488
36.05769,-2.584995
36.99769,-5.504995
36.65769,-8.744995
36.19769,-12.17499
37.20769,-15.93499
39.49769,-20.05499
41.45769,-24.245
42.09769,-27.98499
42.10769,-30.745
42.29769,-32.90499
42.90769,-34.90499
43.09769,-37.15499
42.20769,-39.63499
40.29769,-41.93499
37.79769,-43.425
35.39769,-44.07499
33.39769,-43.925
31.59769,-43.50499
30.04769,-43.06499
28.49769,-42.675
26.84769,-42.20499
25.19769,-41.46499
23.39769,-39.925
21.69769,-37.46499
19.88769,-33.835
18.09769,-29.575
16.28769,-25.05499
14.49769,-20.64499
12.98769,-16.425
11.69769,-12.295
10.83769,-8.214995
10.29769,-4.394995
10.14769,-1.304995
10.09769,0.8850049
10.14769,1.935005
10.19769,2.265005
10.34769,2.165005
10.49769,2.005005
10.59769,2.125005
10.59769,2.555005
10.14769,3.275005
9.69769,4.045005
9.14769,4.725005
8.597691,5.275005
7.94769,5.835005
7.19769,6.545005
6.84769,7.215005
6.69769,7.525005
6.64769,7.325005
6.49769,6.935005
6.19769,6.675005
5.89769,6.845005
5.79769,7.775005
5.99769,9.195004
6.74769,10.895
13.44769,26.575
15.72769,26.735
18.29769,26.615
21.05769,25.615
23.49769,23.445
25.00769,20.27501
25.84769,17.215
26.82769,15.095
28.24769,13.365
29.37769,11.075
29.54769,7.895005
28.88769,4.025005
28.44769,0.1850049
28.82769,-3.134995
29.59769,-6.134995
30.12769,-9.264995
30.54769,-12.85499
31.58769,-16.925
32.99769,-21.11499
33.93769,-25.01499
33.89769,-28.48499
33.32769,-31.31499
33.19769,-33.56499
34.12769,-35.245
35.44769,-36.96499
36.37769,-39.105
36.24769,-41.43499
34.79769,-43.265
32.89769,-44.265
31.34769,-44.21499
30.34769,-43.68499
29.74769,-43.05499
29.14769,-42.57499
28.04769,-42.22499
26.69769,-41.765
25.26769,-40.73499
23.94769,-38.90499
22.66769,-35.90499
21.24769,-32.07499
19.58769,-27.61499
17.89769,-22.95499
16.48769,-18.325
15.44769,-13.81499
14.58769,-9.444995
13.94769,-5.314995
13.46769,-1.954995
13.19769,0.4250049
12.79769,1.565005
12.44769,2.025005
12.24769,2.155005
12.34769,2.245005
12.77769,2.405005
13.14769,2.625005
13.14769,2.885005
12.84769,3.135005
12.34769,3.405005
11.69769,3.755005
10.99769,4.375005
10.34769,5.225005
9.847691,6.105005
9.54769,6.635005
9.32769,6.625005
9.097691,6.395005
8.82769,6.365005
8.69769,6.865005
8.86769,8.165005
9.49769,9.915005
10.61769,11.80501
14.09769,27.43501
15.54769,27.795
17.29769,27.975
19.50769,27.155
21.39769,24.825
22.20769,21.155
22.19769,17.69501
22.35769,15.625
23.19769,14.175
24.40769,11.915
24.89769,8.385005
24.35769,3.965005
23.59769,-0.3349951
23.15769,-3.844995
23.29769,-6.614995
23.95769,-8.944995
24.79769,-11.50499
25.75769,-14.50499
26.69769,-17.675
27.05769,-20.915
26.69769,-24.245
26.35769,-27.77499
26.29769,-31.47499
26.60769,-34.585
27.29769,-36.88499
28.40769,-38.66499
29.39769,-40.495
29.35769,-42.16499
28.69769,-43.31499
28.04769,-43.59499
27.89769,-43.23499
28.39769,-42.48499
28.79769,-41.87499
28.64769,-41.61499
27.99769,-41.495
27.04769,-41.04499
26.09769,-39.84499
25.23769,-37.34499
24.19769,-33.82499
22.83769,-29.38499
21.49769,-24.63499
20.48769,-19.915
19.69769,-15.35499
18.93769,-10.96499
18.19769,-6.764995
17.58769,-3.264995
17.19769,-0.7349951
16.59769,0.5550049
15.89769,1.265005
15.24769,1.805005
14.99769,2.355005
15.49769,2.845005
16.09769,3.115005
16.54769,3.095005
16.59769,2.855005
16.09769,2.545005
15.39769,2.405005
14.69769,2.835005
13.99769,3.785005
13.59769,4.955005
13.29769,5.835005
12.99769,6.155005
12.69769,6.155005
12.44769,6.275005
12.29769,6.925005
12.64769,8.395004
13.39769,10.295
14.64769,12.34501
14.84769,27.865
15.37769,27.735
15.99769,27.705
17.22769,26.775
18.54769,24.175
19.10769,20.27501
18.94769,16.93501
18.94769,15.195
19.59769,13.785
20.37769,11.01501
20.49769,6.885005
19.78769,2.415005
19.04769,-1.244995
18.85769,-3.844995
18.74769,-5.994995
18.52769,-7.964995
18.49769,-10.23499
19.17769,-13.25499
20.09769,-16.80499
20.60769,-20.585
20.59769,-24.325
20.52769,-27.69499
20.84769,-30.85499
21.05769,-33.84499
20.89769,-36.18499
21.12769,-37.31499
21.94769,-38.21499
22.79769,-39.43499
23.29769,-40.63499
23.69769,-41.285
24.49769,-41.335
25.84769,-40.785
27.19769,-40.175
28.12769,-39.925
28.39769,-40.02499
28.12769,-40.035
27.74769,-39.40499
27.29769,-37.43499
26.69769,-34.27499
25.96769,-30.06499
25.24769,-25.495
24.66769,-20.96499
24.09769,-16.595
23.31769,-12.335
22.54769,-8.224995
21.98769,-4.814995
21.59769,-2.324995
21.09769,-0.9349951
20.29769,0.02500488
19.34769,0.9350049
18.84769,1.875005
19.07769,2.655005
19.69769,3.145005
20.34769,3.225005
20.69769,2.965005
20.54769,2.365005
20.09769,1.715005
19.34769,1.565005
18.54769,2.145005
17.94769,3.515005
17.59769,5.025005
17.46769,6.145005
17.44769,6.845005
17.49769,7.365005
17.64769,8.125005
17.99769,9.425005
18.54769,11.105
19.51769,13.055
15.69769,26.945
15.29769,26.195
14.89769,26.045
15.10769,25.26501
15.89769,22.695
16.45769,18.84501
16.39769,15.755
16.49769,14.255
16.99769,12.785
17.15769,9.705005
16.59769,5.395005
15.45769,1.155005
14.59769,-1.974995
14.50769,-4.004995
14.49769,-5.924995
13.80769,-8.194995
12.99769,-11.115
12.95769,-14.76499
13.09769,-18.685
12.95769,-22.48499
12.49769,-25.85499
12.15769,-28.36499
12.49769,-30.26499
13.60769,-32.105
14.19769,-33.89499
14.49769,-34.855
15.29769,-35.55499
16.39769,-36.72499
17.49769,-38.035
18.64769,-38.765
20.19769,-38.88499
22.39769,-38.36499
24.79769,-37.73499
26.74769,-37.43499
28.09769,-37.66499
28.64769,-38.09499
28.89769,-38.09499
28.99769,-36.77499
28.99769,-34.14499
28.83769,-30.23499
28.69769,-25.86499
28.43769,-21.44499
28.09769,-17.20499
27.33769,-13.13499
26.69769,-9.324995
26.24769,-6.284995
25.89769,-4.054995
25.49769,-2.514995
24.79769,-1.164995
24.19769,0.1650049
23.79769,1.345005
23.79769,2.135005
24.09769,2.575005
24.49769,2.735005
24.79769,2.705005
24.99769,2.365005
24.99769,1.715005
24.74769,1.045005
24.09769,0.8750049
23.24769,1.835005
22.49769,3.555005
22.09769,5.525005
21.99769,7.215005
22.24769,8.595005
22.79769,9.945004
23.59769,11.495
24.59769,13.135
25.79769,14.855
16.74769,25.045
15.94769,24.025
14.44769,23.695
13.22769,22.975
13.04769,20.665
13.60769,17.27501
14.19769,14.675
14.92769,13.245
15.29769,11.375
14.73769,7.755005
13.34769,3.265005
11.72769,-0.6349951
10.44769,-3.364995
9.65769,-5.264995
8.99769,-7.274995
8.20769,-9.654995
7.29769,-12.455
6.55769,-15.67499
5.89769,-18.80499
4.907691,-21.335
3.84769,-23.64499
3.30769,-25.88499
3.49769,-28.05499
4.52769,-30.12499
5.64769,-31.67499
6.54769,-32.48499
7.44769,-33.355
8.677691,-34.47499
10.24769,-35.36499
12.52769,-35.55499
15.34769,-35.30499
18.77769,-34.75499
22.14769,-34.23499
24.94769,-34.13499
27.04769,-34.625
28.32769,-35.445
29.19769,-35.835
29.81769,-34.90499
30.39769,-32.68499
31.03769,-29.12499
31.64769,-24.995
31.91769,-20.825
31.74769,-16.90499
31.03769,-13.285
30.39769,-10.06499
30.04769,-7.544995
29.74769,-5.534995
29.39769,-3.644995
29.19769,-1.684995
29.26769,0.1350049
29.44769,1.515005
29.52769,2.255005
29.64769,2.525005
29.74769,2.365005
29.64769,2.095005
29.24769,1.955005
29.19769,1.865005
29.47769,1.455005
29.59769,0.8250049
29.02769,0.7650049
27.94769,1.785005
27.11769,3.935005
26.94769,6.335005
27.29769,8.535005
27.94769,10.635
29.14769,12.855
30.74769,15.085
32.64769,17.085
17.39769,23.065
16.89769,22.445
14.89769,21.93501
12.15769,20.745
10.49769,18.295
10.85769,15.395
12.19769,13.445
13.75769,12.255
14.49769,10.105
13.25769,5.835005
11.09769,0.7650049
8.807691,-3.214995
6.79769,-5.764995
5.05769,-7.644995
3.59769,-9.824995
2.45769,-12.15499
1.49769,-14.285
0.6576904,-16.30499
-0.2023096,-18.185
-1.35231,-19.47499
-2.602309,-20.70499
-3.142309,-22.02499
-3.30231,-23.345
-3.392309,-24.96499
-3.102309,-26.335
-2.25231,-27.075
-0.8023096,-27.73499
1.34769,-28.44499
4.09769,-29.09499
7.44769,-29.42499
11.39769,-29.59499
15.44769,-29.59499
19.19769,-29.575
22.34769,-29.71499
24.89769,-30.20499
26.79769,-30.78499
28.59769,-31.01499
30.44769,-30.36499
32.29769,-28.89499
33.94769,-26.39499
35.29769,-23.35499
35.68769,-20.015
35.39769,-16.71499
34.48769,-13.455
33.89769,-10.46499
33.79769,-8.164995
33.79769,-6.284995
33.69769,-4.364995
33.89769,-2.294995
34.39769,-0.3149951
34.79769,1.315005
35.09769,2.425005
35.49769,2.865005
35.74769,2.345005
35.29769,1.495005
33.89769,1.305005
32.79769,1.935005
32.94769,2.595005
33.79769,2.435005
33.84769,1.835005
33.09769,2.055005
32.59769,3.855005
33.19769,6.405005
34.39769,8.975005
35.59769,11.235
36.49769,13.515
37.59769,15.935
39.24769,18.295
16.69769,22.865
17.04769,23.305
15.54769,22.59501
12.25769,20.175
9.64769,16.645
9.307691,13.405
10.44769,11.575
12.42769,10.715
13.64769,8.805005
12.53769,4.285005
10.04769,-1.574995
7.33769,-6.424995
4.74769,-9.254995
2.22769,-10.85499
-0.05230957,-12.835
-1.54231,-15.14499
-2.55231,-17.03499
-3.172309,-18.29499
-3.902309,-19.40499
-4.72231,-20.35499
-5.752309,-21.085
-6.522309,-21.44499
-7.05231,-21.55499
-7.22231,-21.55499
-6.70231,-21.52499
-5.55231,-21.44499
-3.952309,-21.47499
-1.65231,-21.53499
1.19769,-21.54499
4.57769,-21.47499
8.29769,-21.345
12.14769,-21.075
15.89769,-20.85499
19.52769,-20.90499
23.04769,-21.325
26.42769,-22.02499
29.84769,-22.85499
33.32769,-23.675
36.29769,-24.22499
38.24769,-23.835
39.29769,-22.37499
39.34769,-19.665
38.74769,-16.435
38.03769,-13.075
37.99769,-9.964994
38.69769,-7.624995
39.24769,-5.854995
39.44769,-4.334995
39.64769,-2.824995
39.86769,-1.264995
39.94769,0.3250049
40.26769,1.565005
40.99769,1.985005
41.62769,1.285005
41.09769,0.2650049
38.94769,0.2550049
36.94769,1.555005
36.99769,3.215005
38.24769,4.015005
39.04769,3.975005
38.99769,4.285005
39.19769,5.805005
40.39769,8.045005
42.24769,10.435
43.44769,12.585
43.66769,14.695
43.79769,17.01501
44.91769,19.545
14.79769,23.305
15.49769,24.775
14.79769,24.235
12.55769,21.245
10.39769,16.975
9.35769,12.875
9.49769,10.145
10.89769,8.895004
12.39769,7.215005
12.10769,2.975005
10.09769,-3.314995
7.25769,-9.344995
4.39769,-12.94499
1.24769,-14.02499
-1.60231,-15.04499
-3.49231,-16.78499
-4.80231,-18.425
-5.752309,-19.265
-6.902309,-20.14499
-7.80231,-21.36499
-8.902309,-22.19499
-10.05231,-22.46499
-10.50231,-22.18499
-10.20231,-21.255
-9.50231,-20.13499
-8.402309,-18.80499
-6.902309,-17.55499
-4.80231,-16.085
-2.00231,-14.365
1.59769,-12.915
5.59769,-11.77499
9.89769,-10.76499
14.39769,-10.125
19.09769,-10.245
23.89769,-11.02499
28.55769,-12.44499
33.09769,-14.375
37.30769,-16.73499
40.59769,-19.05499
42.19769,-20.21499
43.09769,-19.81499
43.49769,-17.65499
43.49769,-14.90499
43.19769,-12.14499
43.39769,-9.584995
44.09769,-7.484995
44.49769,-5.654995
44.49769,-4.004995
44.59769,-2.544995
44.49769,-1.164995
44.59769,0.07500488
45.19769,0.7250049
46.09769,0.5750049
46.44769,-0.3449951
45.49769,-1.324995
43.09769,-1.114995
41.19769,0.3450049
41.44769,2.265005
42.99769,3.665005
44.24769,4.485005
44.59769,5.355005
44.94769,6.805005
45.99769,8.655005
47.24769,10.605
47.69769,12.565
47.74769,15.135
48.49769,18.26501
50.68769,21.585
12.94769,22.735
13.14769,24.275
12.44769,24.115
11.65769,22.085
11.09769,18.795
10.40769,14.515
9.64769,10.425
10.00769,7.645005
11.29769,5.385005
12.05769,1.745005
11.14769,-3.984995
8.93769,-10.77499
6.19769,-15.67499
2.79769,-16.71499
-0.7523096,-16.265
-3.25231,-16.60499
-4.752309,-17.62499
-5.902309,-18.005
-7.402309,-18.15499
-8.772309,-19.005
-10.35231,-19.47499
-12.15231,-18.915
-13.30231,-18.04499
-13.65231,-17.04499
-13.35231,-15.44499
-11.88231,-13.34499
-9.70231,-11.325
-6.582309,-8.894995
-2.352309,-6.554995
2.56769,-4.894995
7.79769,-3.404995
13.66769,-1.994995
19.94769,-1.174995
26.19769,-1.364995
32.09769,-2.424995
37.35769,-4.314995
41.99769,-6.744995
45.85769,-9.584995
48.64769,-12.47499
49.74769,-14.575
50.24769,-15.35499
50.64769,-14.59499
50.59769,-13.23499
49.86769,-11.625
49.24769,-9.994995
48.86769,-8.364995
48.14769,-6.504995
47.61769,-4.414995
47.74769,-2.504995
48.06769,-1.124995
48.29769,-0.2249951
48.87769,0.03500488
49.64769,-0.3549951
49.59769,-1.234995
48.39769,-1.904995
46.56769,-1.564995
45.34769,-0.3349951
45.79769,1.395005
47.09769,2.995005
48.24769,4.255005
48.59769,5.435005
48.99769,7.085005
50.29769,9.095005
51.86769,10.935
52.69769,12.965
53.46769,16.385
55.59769,20.585
58.86769,24.175
12.49769,22.215
12.04769,23.245
10.99769,23.035
10.65769,21.635
10.99769,19.325
11.05769,15.515
10.39769,10.885
9.95769,6.775005
10.79769,3.545005
12.15769,0.2650049
12.39769,-4.384995
11.16769,-10.995
9.19769,-17.175
6.14769,-19.20499
2.39769,-18.075
-0.6523095,-16.95499
-2.602309,-17.38499
-3.902309,-17.86499
-5.402309,-17.595
-7.102309,-17.62499
-9.102309,-17.60499
-10.90231,-16.72499
-12.20231,-15.40499
-12.50231,-13.48499
-11.50231,-11.14499
-9.552309,-8.774995
-7.102309,-5.814995
-3.00231,-2.114995
2.09769,0.7250049
7.84769,3.025005
14.39769,5.715005
21.99769,8.075005
30.29769,9.355004
38.34769,9.015005
45.49769,7.315005
51.40769,4.445005
56.39769,0.9550049
60.10769,-2.804995
62.69769,-6.524995
63.55769,-9.764995
63.39769,-12.205
62.79769,-13.285
61.59769,-13.325
59.79769,-12.44499
58.19769,-11.27499
56.74769,-9.854995
54.89769,-8.064995
53.69769,-6.034995
53.49769,-4.214995
53.59769,-2.944995
53.49769,-2.064995
53.84769,-1.584995
54.29769,-1.414995
54.34769,-1.424995
53.89769,-1.414995
52.99769,-0.9949951
52.39769,0.005004883
52.59769,1.655005
53.49769,3.505005
54.79769,5.215005
55.69769,6.705005
56.49769,8.545005
58.29769,10.745
60.49769,13.065
61.49769,15.885
62.13769,19.635
63.79769,23.01501
65.49769,24.85501
12.34769,23.285
11.72769,23.76501
10.79769,23.255
10.50769,21.51501
10.89769,18.915
11.50769,15.185
11.49769,10.615
11.08769,5.975005
11.39769,1.945005
12.62769,-1.504995
13.54769,-5.284995
13.03769,-10.865
11.89769,-17.40499
9.95769,-21.27499
7.09769,-21.23499
4.04769,-19.47499
1.84769,-19.11499
-0.05230957,-19.94499
-1.90231,-20.10499
-3.602309,-19.835
-5.70231,-19.675
-7.582309,-18.72499
-8.352309,-16.06499
-7.732309,-12.40499
-6.102309,-9.054995
-4.20231,-5.674995
-1.65231,-1.054995
2.41769,4.025005
7.89769,7.985005
14.73769,12.05501
22.49769,16.545
31.49769,19.415
40.44769,19.905
47.80769,17.985
53.94769,14.955
59.17769,11.155
63.54769,7.015005
67.05769,3.015005
69.89769,-0.6249951
71.77769,-3.774995
72.89769,-6.584995
73.32769,-8.844995
72.99769,-10.52499
72.07769,-11.42499
71.09769,-11.825
69.47769,-11.59499
67.14769,-10.71499
65.49769,-9.214995
64.84769,-7.554995
64.54769,-6.084995
63.94769,-4.784995
63.81769,-3.624995
64.29769,-2.564995
65.04769,-1.844995
65.39769,-1.524995
64.62769,-1.154995
63.74769,-0.2049951
63.59769,1.405005
64.24769,3.335005
65.69769,5.405005
66.94769,7.225005
67.36769,8.675005
67.64769,10.145
67.49769,12.395
66.19769,15.545
65.04769,18.455
64.44769,19.975
62.12769,20.425
10.69769,24.655
10.14769,24.755
9.597691,23.985
9.85769,21.895
10.69769,18.975
11.95769,15.265
12.99769,10.745
13.10769,5.665005
13.09769,0.8550048
13.85769,-3.144995
14.79769,-6.674995
14.80769,-11.045
13.89769,-17.015
12.65769,-22.345
10.69769,-24.14499
8.24769,-22.665
6.19769,-21.65499
4.44769,-22.175
2.19769,-22.825
-0.5523096,-23.37499
-3.402309,-23.075
-5.01231,-20.29499
-4.402309,-15.205
-2.612309,-10.365
-1.00231,-6.564995
0.9376904,-1.864995
3.79769,4.455005
8.98769,10.84501
16.19769,15.905
24.48769,20.965
32.19769,25.235
40.24769,26.295
47.39769,24.525
52.15769,20.415
55.99769,15.875
59.35769,11.525
62.29769,7.535005
64.85769,4.325005
67.19769,1.825005
69.54769,0.02500488
71.69769,-1.554995
73.54769,-3.134995
74.89769,-4.844995
75.84769,-6.674995
76.39769,-8.464995
75.84769,-9.734995
74.49769,-10.18499
73.49769,-9.674994
73.19769,-8.724995
73.14769,-7.404995
72.99769,-5.994995
73.29769,-4.804995
74.19769,-3.924995
75.19769,-3.384995
75.49769,-3.134995
74.29769,-2.644995
72.89769,-1.444995
72.44769,0.1550049
72.39769,1.675005
72.69769,3.095005
72.69769,4.375005
71.59769,5.385005
69.39769,6.545005
65.69769,8.535005
61.49769,11.115
58.74769,13.285
56.09769,14.745
51.49769,15.935
7.64769,23.725
7.59769,23.815
7.64769,22.775
8.32769,20.825
9.69769,18.69501
11.87769,16.01501
14.04769,12.165
15.35769,6.875005
15.79769,1.155005
16.18769,-4.004995
16.84769,-8.124995
17.10769,-11.68499
16.24769,-16.31499
14.63769,-21.78499
12.84769,-25.075
10.82769,-24.81499
9.04769,-24.005
8.24769,-24.05499
6.59769,-24.915
2.24769,-26.77499
-1.55231,-26.165
-2.092309,-20.075
-0.7023095,-11.245
1.04769,-6.734995
2.59769,-4.074995
5.43769,1.475005
10.09769,9.115005
17.30769,17.555
26.19769,24.93501
33.79769,29.855
38.89769,30.875
43.82769,28.245
48.74769,24.305
52.10769,19.635
54.74769,15.005
56.92769,10.605
58.54769,6.585005
59.75769,3.365005
61.19769,0.6850049
62.95769,-1.514995
64.74769,-3.214995
66.14769,-4.014995
67.34769,-4.334995
68.67769,-4.594995
69.94769,-4.934995
70.54769,-5.234995
70.39769,-5.494995
70.32769,-5.754995
70.74769,-5.804995
71.37769,-5.294995
72.04769,-4.564995
72.82769,-4.054995
73.39769,-3.754995
73.74769,-3.424995
73.59769,-3.074995
72.01769,-2.464995
70.24769,-1.524995
69.44769,-0.7849951
68.79769,-0.6649951
67.67769,-0.8249951
65.99769,-0.4149951
63.44769,1.165005
60.29769,3.355005
56.16769,5.355005
51.59769,7.225005
48.16769,9.565004
45.34769,12.175
42.32769,13.785
4.79769,21.085
5.59769,21.575
6.59769,20.85501
7.74769,19.68501
9.29769,18.675
11.75769,17.085
14.69769,14.135
17.15769,9.175005
18.49769,2.985005
18.80769,-3.514995
19.39769,-9.054995
19.90769,-12.76499
19.19769,-16.165
17.05769,-20.56499
14.89769,-24.46499
13.09769,-25.76499
11.59769,-25.665
11.69769,-25.52499
10.99769,-26.94499
6.14769,-29.79499
1.49769,-27.84499
0.9276904,-18.15499
2.09769,-7.534995
3.34769,-3.744995
6.19769,-0.7549951
11.83769,5.855005
18.59769,13.725
25.23769,22.375
31.79769,30.225
37.09769,33.445
41.49769,32.875
46.40769,30.165
51.19769,26.705
54.40769,22.705
56.49769,18.505
57.70769,14.055
57.79769,9.635005
57.15769,5.795005
56.99769,2.395005
57.65769,-0.6849951
58.39769,-3.134995
59.04769,-4.244995
59.89769,-4.584995
61.29769,-4.454995
62.69769,-4.184995
63.49769,-3.954995
64.09769,-4.024995
64.54769,-4.384995
64.99769,-4.584995
65.34769,-4.214995
65.89769,-3.634995
66.49769,-3.124995
66.49769,-2.664995
65.99769,-2.174995
65.29769,-1.724995
63.69769,-1.534995
61.99769,-1.734995
61.04769,-2.464995
60.19769,-3.444995
58.29769,-3.884995
55.59769,-3.054995
52.59769,-0.7449951
50.09769,1.615005
47.29769,3.095005
43.59769,4.855005
40.14769,7.835005
38.09769,10.59501
37.64769,11.09501
2.54769,18.835
4.37769,19.785
6.74769,20.305
9.14769,20.405
11.19769,19.835
13.37769,18.085
15.99769,15.285
18.95769,11.105
21.14769,5.595005
21.85769,-1.304995
22.19769,-8.274995
22.82769,-13.615
22.64769,-17.23499
20.30769,-20.15499
17.59769,-23.35499
15.85769,-25.825
14.99769,-26.78499
15.32769,-26.86499
14.69769,-28.335
10.29769,-29.88499
6.54769,-25.97499
7.05769,-15.33499
8.24769,-5.764995
9.387691,-0.2649951
13.49769,6.725005
20.95769,15.155
27.94769,21.77501
31.98769,27.385
34.54769,31.735
38.54769,34.075
43.89769,35.535
49.37769,35.245
53.89769,33.035
56.22769,29.205
57.64769,24.555
58.73769,18.925
58.74769,13.285
57.75769,8.945004
57.19769,5.815005
57.49769,3.675005
58.09769,1.885005
58.99769,0.2750049
60.09769,-1.324995
61.12769,-2.834995
61.64769,-4.154995
61.52769,-5.164995
61.39769,-5.854995
61.22769,-5.934995
60.94769,-5.494995
61.02769,-4.804995
61.34769,-4.234995
61.47769,-3.824995
60.99769,-3.494995
60.12769,-3.304995
59.14769,-3.234995
57.89769,-3.604995
56.69769,-4.474995
55.49769,-5.454995
53.84769,-5.854995
51.39769,-5.164995
48.64769,-3.794995
46.26769,-2.304995
44.24769,-1.154995
41.54769,0.4250049
37.89769,3.265005
35.14769,6.275005
34.34769,7.505005
34.89769,6.665005
1.59769,17.205
4.04769,18.69501
7.39769,20.52501
11.14769,22.045
14.59769,22.115
17.10769,19.785
19.19769,16.115
21.65769,11.925
24.29769,7.235005
25.50769,1.125005
25.59769,-6.124995
26.00769,-13.205
26.19769,-18.435
24.24769,-20.95499
20.89769,-22.87499
18.85769,-25.43499
18.49769,-27.51499
18.94769,-28.09499
18.09769,-28.21499
15.34769,-26.52499
14.59769,-20.97499
17.68769,-12.535
19.39769,-5.674995
19.08769,2.265005
22.09769,13.745
29.28769,22.995
35.49769,28.415
37.54769,32.035
38.49769,35.335
41.49769,38.885
45.19769,41.305
48.65769,40.355
51.09769,37.325
52.00769,33.335
53.09769,28.51501
54.95769,22.51501
55.89769,16.915
55.75769,12.965
56.19769,10.105
57.45769,7.945005
58.79769,5.685005
60.20769,3.185005
61.59769,0.5150049
62.30769,-2.094995
62.19769,-4.424995
61.49769,-6.054995
60.49769,-6.804995
59.54769,-6.524995
58.99769,-5.994995
58.99769,-5.724995
59.09769,-5.734995
58.34769,-5.834995
57.19769,-5.874995
55.94769,-6.004995
54.59769,-6.244995
53.49769,-6.724995
52.59769,-7.444995
51.19769,-8.044995
48.99769,-8.034995
46.64769,-7.384995
44.49769,-6.674995
42.24769,-6.084995
39.39769,-4.874995
35.84769,-1.944995
32.69769,1.605005
31.49769,3.395005
31.79769,3.225005
31.69769,2.625005
3.94769,17.835
6.19769,20.235
8.89769,22.365
12.51769,24.535
16.79769,25.675
21.10769,23.715
24.24769,19.175
26.15769,13.385
28.14769,7.785005
29.70769,2.205005
29.99769,-4.134995
29.65769,-11.38499
29.69769,-18.11499
28.82769,-22.015
25.74769,-23.53499
22.44769,-24.54499
21.39769,-26.335
22.27769,-27.70499
22.44769,-26.97499
21.88769,-22.80499
23.74769,-16.825
27.91769,-10.535
29.89769,-4.284995
29.52769,5.415005
31.24769,17.44501
35.91769,26.255
38.84769,32.155
39.59769,36.725
40.49769,40.765
41.21769,43.325
41.89769,43.86501
43.07769,40.875
43.79769,36.625
43.87769,31.955
45.34769,27.01501
47.67769,22.525
48.24769,19.385
47.85769,16.905
48.39769,13.925
50.07769,10.445
51.84769,6.825005
53.42769,3.395005
54.64769,0.3450049
55.40769,-2.214995
55.79769,-4.314995
55.92769,-5.524995
55.84769,-5.984995
55.87769,-6.134995
56.14769,-6.634995
56.07769,-7.304995
55.44769,-7.784995
53.94769,-8.034995
52.14769,-8.114995
50.54769,-8.224995
48.94769,-8.484995
47.89769,-9.054995
47.24769,-9.924994
46.19769,-10.93499
44.64769,-11.64499
42.69769,-11.785
40.29769,-11.43499
36.94769,-10.19499
33.09769,-7.614995
30.11769,-3.974995
28.59769,-1.074995
28.39769,0.03500488
28.44769,0.3950049
27.49769,0.6850049
7.99769,19.875
9.79769,22.815
11.49769,24.245
13.84769,25.825
17.89769,27.205
23.85769,26.115
29.29769,22.225
31.95769,15.775
33.29769,8.725005
34.30769,2.335005
34.49769,-3.624995
33.50769,-9.914995
32.69769,-16.73499
32.80769,-22.30499
31.29769,-24.85499
27.24769,-24.38499
24.39769,-24.18499
24.79769,-25.38499
25.89769,-25.22499
27.18769,-20.62499
30.09769,-13.705
34.38769,-6.394995
36.69769,1.455005
36.83769,11.835
36.79769,22.045
36.98769,29.555
37.09769,36.11501
38.74769,41.735
40.49769,44.61501
38.49769,44.18501
35.79769,42.565
36.25769,38.235
37.29769,33.27501
37.75769,28.045
39.19769,22.84501
40.59769,19.715
40.49769,18.43501
40.20769,16.505
40.89769,13.34501
42.45769,9.755005
44.19769,6.425005
45.45769,3.545005
46.19769,0.9750049
46.55769,-1.294995
47.19769,-3.284995
48.19769,-4.634995
49.09769,-5.564995
50.44769,-6.534995
51.29769,-7.764995
50.59769,-8.674994
49.19769,-9.164995
47.44769,-9.534995
45.59769,-9.864995
43.99769,-9.984995
42.49769,-10.19499
41.59769,-11.18499
41.09769,-12.81499
40.29769,-14.52499
39.19769,-15.705
37.24769,-15.875
34.29769,-14.995
30.84769,-12.665
27.59769,-9.444995
25.89769,-6.414995
25.19769,-4.104995
24.74769,-2.364995
24.29769,-1.214995
23.14769,-1.474995
13.69769,19.235
15.44769,21.825
16.19769,22.675
17.57769,23.805
21.54769,24.885
27.69769,24.025
33.94769,21.27501
37.78769,16.27501
39.19769,9.775004
39.10769,2.645005
38.34769,-4.064995
36.65769,-9.784995
34.99769,-15.38499
34.90769,-21.38499
35.09769,-25.90499
32.81769,-25.95499
28.99769,-23.51499
27.04769,-21.97499
27.29769,-21.085
28.88769,-17.29499
31.14769,-10.455
33.38769,-1.584995
34.14769,7.705005
32.63769,16.925
30.94769,25.115
31.71769,33.005
33.79769,40.655
36.44769,44.535
37.49769,45.045
33.22769,43.415
29.29769,40.445
31.28769,34.015
34.19769,28.385
34.95769,23.305
35.44769,18.645
35.34769,16.975
34.79769,16.385
35.12769,14.425
36.14769,11.84501
37.67769,9.525004
39.39769,7.515005
40.92769,5.745005
42.14769,3.775005
43.15769,1.335005
44.29769,-1.264995
45.17769,-3.534995
45.89769,-5.434995
46.92769,-6.974995
47.14769,-8.324995
45.64769,-9.364995
43.89769,-10.31499
42.02769,-11.325
39.69769,-12.01499
37.37769,-11.85499
35.39769,-11.60499
34.19769,-12.545
33.39769,-14.44499
32.54769,-16.425
31.59769,-17.61499
29.99769,-17.22499
28.04769,-15.48499
26.21769,-12.785
24.44769,-10.26499
22.69769,-8.124995
21.19769,-5.644995
20.32769,-3.514995
20.14769,-3.114995
19.45769,-4.814995
22.39769,16.335
23.74769,18.375
23.19769,19.805
24.09769,21.635
28.29769,22.785
33.74769,21.615
38.69769,18.835
41.95769,14.675
43.19769,9.445004
42.60769,3.045005
40.89769,-3.914995
38.30769,-9.844995
36.19769,-14.375
35.80769,-19.45499
36.69769,-25.38499
36.64769,-27.81499
33.89769,-25.18499
29.89769,-20.72499
27.69769,-17.95499
27.04769,-14.77499
26.19769,-8.534995
25.28769,1.115005
24.59769,10.715
24.23769,18.43501
25.39769,25.955
28.48769,34.86501
30.89769,42.445
31.84769,44.385
31.59769,43.04501
28.25769,41.375
25.69769,35.995
28.70769,28.235
32.19769,23.035
32.45769,18.885
32.19769,15.745
31.29769,15.985
30.29769,15.945
30.24769,14.285
31.39769,12.575
33.54769,11.005
35.79769,9.365005
37.79769,7.655005
39.79769,5.605005
41.50769,3.165005
42.79769,0.6150049
43.50769,-1.814995
43.89769,-4.244995
44.54769,-6.504995
44.29769,-8.524995
42.59769,-10.335
40.79769,-12.115
38.39769,-13.60499
34.99769,-14.27499
31.44769,-13.47499
28.59769,-12.35499
26.89769,-12.51499
25.59769,-14.01499
24.49769,-16.06499
23.79769,-17.21499
23.39769,-16.37499
23.09769,-14.47499
22.34769,-12.56499
20.79769,-10.92499
18.49769,-8.484995
16.59769,-5.414995
16.29769,-4.224995
16.69769,-5.684995
16.10769,-8.534995
33.24769,13.955
33.79769,16.245
32.84769,19.285
33.14769,21.93501
36.29769,22.745
39.90769,20.825
42.29769,17.255
43.57769,12.675
43.79769,7.715005
43.12769,2.535005
41.54769,-3.114995
38.55769,-8.804995
36.09769,-13.10499
35.87769,-16.79499
36.94769,-22.39499
37.95769,-27.95499
37.04769,-28.53499
33.78769,-23.36499
30.19769,-18.595
25.86769,-14.97499
21.64769,-8.554995
19.88769,1.615005
20.09769,11.185
22.33769,19.385
25.44769,28.51501
26.76769,37.155
26.14769,42.335
25.79769,42.665
26.44769,40.575
26.12769,36.70501
25.49769,28.775
26.97769,20.975
29.24769,17.205
28.57769,15.505
27.94769,14.855
26.99769,16.215
26.14769,16.085
26.94769,15.265
29.54769,14.675
32.29769,13.155
33.89769,10.695
34.80769,7.805005
35.74769,4.905005
36.60769,2.285005
37.39769,-0.08499511
38.02769,-2.424995
38.59769,-4.974995
39.09769,-7.474995
38.84769,-9.544995
37.62769,-11.21499
36.29769,-12.915
34.09769,-14.60499
30.84769,-15.80499
27.54769,-15.455
24.59769,-14.09499
22.14769,-13.335
19.94769,-14.02499
18.34769,-15.42499
17.64769,-15.97499
17.74769,-15.14499
17.54769,-13.865
16.54769,-12.21499
15.14769,-9.904995
13.86769,-6.944995
13.09769,-5.044995
13.42769,-6.634995
13.69769,-10.05499
11.92769,-12.56499
41.49769,14.195
42.09769,18.415
41.99769,22.18501
41.24769,23.225
41.89769,22.175
43.05769,19.485
43.49769,15.725
43.30769,11.185
42.79769,6.375005
42.05769,1.855005
40.99769,-2.344995
38.70769,-6.854995
36.29769,-11.10499
35.85769,-14.325
36.79769,-18.595
37.75769,-25.40499
37.59769,-29.70499
36.48769,-26.06499
34.49769,-19.995
30.49769,-15.43499
25.99769,-9.424994
24.13769,0.1450049
23.89769,10.535
24.63769,21.01501
25.29769,31.005
23.39769,37.555
21.09769,40.575
21.59769,39.735
23.79769,36.235
25.20769,30.405
25.19769,22.575
24.85769,15.605
25.19769,13.425
24.29769,13.855
23.29769,15.805
22.34769,16.615
22.79769,16.415
25.24769,17.545
28.29769,18.245
29.90769,16.035
30.09769,12.275
29.95769,8.155005
29.99769,4.265005
30.05769,0.8650048
30.29769,-2.144995
30.84769,-4.704995
31.19769,-6.984995
31.04769,-8.594995
30.49769,-9.654995
29.84769,-10.65499
29.39769,-12.02499
28.35769,-14.205
26.69769,-16.835
24.89769,-18.13499
22.49769,-17.515
19.39769,-16.29499
16.09769,-15.94499
13.84769,-15.90499
12.49769,-15.17499
11.84769,-13.875
11.09769,-12.26499
10.59769,-9.884995
10.49769,-7.314995
10.64769,-6.044995
10.79769,-7.314995
10.80769,-11.335
9.597691,-14.665
6.79769,-14.97499
44.24769,18.895
45.34769,23.775
46.04769,25.125
44.77769,22.775
43.49769,19.665
43.00769,16.565
42.34769,13.195
41.62769,9.365005
41.04769,5.305005
40.00769,1.495005
38.64769,-1.894995
37.82769,-5.104995
36.94769,-8.624995
36.42769,-12.22499
36.64769,-15.94499
36.85769,-21.70499
36.24769,-27.38499
35.96769,-26.505
36.39769,-21.075
36.16769,-15.745
35.09769,-10.785
33.48769,-3.334995
30.69769,6.975005
27.16769,18.335
23.84769,27.485
20.26769,33.065
17.94769,36.155
19.67769,34.575
23.14769,29.365
24.30769,23.51501
23.14769,17.895
21.77769,13.715
20.79769,13.255
20.01769,15.245
19.04769,17.385
18.69769,16.665
20.59769,18.18501
22.97769,20.905
23.84769,20.245
23.75769,15.575
24.24769,10.905
25.00769,6.915005
25.39769,3.085005
25.37769,-0.4749951
25.29769,-3.594995
25.09769,-5.894995
24.54769,-7.394995
23.64769,-7.844995
22.99769,-8.224995
22.77769,-9.354995
22.49769,-10.96499
21.82769,-13.60499
21.34769,-17.27499
20.69769,-20.345
19.39769,-21.48499
16.82769,-20.54499
13.84769,-19.13499
11.09769,-17.20499
8.597691,-14.30499
7.21769,-11.495
6.94769,-9.474995
7.22769,-8.094995
7.74769,-7.664995
8.27769,-9.354995
8.097691,-12.745
6.59769,-15.50499
4.14769,-15.51499
1.94769,-13.60499
44.49769,23.76501
45.84769,24.93501
46.29769,22.93501
44.80769,19.785
42.99769,16.625
41.65769,13.365
40.39769,10.215
39.15769,7.005005
38.09769,3.845005
36.94769,1.225005
35.59769,-1.334995
35.69769,-3.864995
36.69769,-6.474995
36.95769,-9.784995
36.89769,-13.60499
36.60769,-18.56499
35.49769,-23.95499
34.79769,-24.94499
35.49769,-21.095
37.54769,-15.80499
39.69769,-11.615
39.94769,-6.524995
36.59769,1.725005
30.48769,11.605
24.29769,19.865
18.99769,26.165
16.49769,29.715
18.85769,27.76501
22.49769,22.675
22.50769,17.725
19.99769,13.965
18.49769,13.185
17.39769,14.565
16.64769,15.705
15.99769,16.915
16.44769,17.325
18.79769,20.995
19.54769,22.725
18.29769,18.745
18.30769,12.835
20.19769,8.895004
21.85769,5.805005
22.39769,2.435005
22.60769,-0.7049951
22.69769,-3.464995
21.89769,-5.664995
20.39769,-7.174995
19.09769,-7.504995
18.69769,-7.844995
18.49769,-9.104995
17.59769,-10.665
16.04769,-12.67499
14.99769,-15.365
14.30769,-18.78499
13.89769,-22.31499
13.29769,-23.55499
12.09769,-22.31499
9.24769,-18.63499
5.89769,-13.50499
4.74769,-9.994995
4.99769,-9.004995
4.89769,-9.494995
5.09769,-11.02499
4.95769,-14.115
3.39769,-16.87499
1.19769,-16.22499
-0.00230957,-13.54499
-0.00230957,-11.92499
44.44769,22.34501
45.42769,20.10501
44.94769,17.395
43.22769,15.475
41.29769,13.185
39.12769,10.275
37.19769,7.715005
35.54769,5.425005
33.69769,3.465005
33.12769,2.165005
33.49769,0.4450049
34.22769,-2.224995
35.19769,-5.024995
36.00769,-7.794995
36.39769,-11.22499
36.20769,-15.58499
35.59769,-19.52499
35.57769,-20.46499
35.99769,-18.47499
36.86769,-15.18499
38.69769,-12.27499
40.76769,-8.864995
39.94769,-3.534995
34.59769,3.525005
27.14769,10.995
20.11769,18.34501
16.99769,22.975
19.22769,22.26501
21.94769,18.325
20.82769,13.775
17.44769,11.195
15.89769,12.265
15.59769,14.315
14.67769,14.275
13.19769,16.895
13.74769,20.135
15.69769,23.285
15.47769,22.115
14.14769,16.055
14.85769,11.505
16.89769,8.705005
18.32769,6.255005
19.04769,3.775005
19.69769,1.455005
20.04769,-0.5749951
19.19769,-2.834995
17.84769,-5.224995
17.19769,-6.854995
17.34769,-8.014995
17.29769,-9.514995
16.29769,-11.22499
14.77769,-12.50499
12.94769,-13.06499
11.47769,-14.325
10.59769,-17.085
10.55769,-20.69499
10.39769,-22.425
7.54769,-19.38499
4.24769,-13.50499
3.79769,-10.39499
3.79769,-10.365
2.77769,-11.615
2.04769,-13.67499
0.3776904,-15.76499
-1.85231,-15.75499
-1.452309,-12.93499
0.6476904,-10.615
0.8476904,-10.93499
43.89769,16.825
44.14769,14.785
42.79769,12.925
40.89769,11.435
38.79769,9.465005
35.84769,7.475005
33.49769,6.035005
31.54769,4.815005
29.69769,3.955005
30.29769,3.295005
32.49769,1.745005
33.60769,-1.134995
33.69769,-4.594995
33.89769,-7.684995
34.49769,-10.875
34.65769,-14.43499
34.89769,-16.69499
36.44769,-16.505
37.79769,-15.30499
37.04769,-13.665
36.49769,-11.825
38.69769,-9.924994
40.59769,-7.644995
37.34769,-3.774995
29.99769,2.395005
22.04769,10.475
17.89769,16.755
19.49769,17.885
22.09769,14.635
20.75769,10.105
16.79769,8.305005
14.59769,9.895004
13.99769,12.335
12.64769,12.765
10.49769,16.02501
10.04769,21.945
11.49769,23.195
11.95769,19.625
11.39769,14.065
11.44769,10.815
12.59769,8.105004
13.94769,6.205005
14.79769,4.985005
15.19769,3.585005
15.29769,2.195005
14.84769,0.5350049
14.69769,-1.964995
15.49769,-4.504995
16.79769,-6.554995
17.44769,-8.814995
17.29769,-11.51499
16.54769,-13.64499
14.89769,-14.09499
12.99769,-13.73499
11.49769,-13.745
10.25769,-16.30499
9.097691,-20.20499
6.09769,-19.22499
3.29769,-13.79499
3.49769,-10.63499
3.29769,-10.39499
1.34769,-11.98499
-0.4023096,-14.31499
-2.05231,-14.30499
-2.20231,-11.48499
1.04769,-8.274995
3.99769,-7.114995
2.29769,-8.564995
42.39769,12.005
41.69769,11.34501
40.14769,10.145
38.49769,8.305005
35.99769,6.335005
32.64769,5.235005
30.39769,4.585005
28.99769,3.875005
28.09769,3.495005
29.44769,2.745005
31.49769,1.065005
31.82769,-1.024995
31.19769,-3.784995
31.17769,-7.354995
31.74769,-10.97499
32.17769,-14.52499
32.84769,-16.825
34.69769,-16.27499
36.54769,-14.38499
35.89769,-12.205
34.49769,-10.575
35.94769,-10.26499
38.44769,-10.40499
36.89769,-9.024995
31.34769,-4.714995
23.89769,3.195005
18.54769,10.635
19.49769,12.675
22.54769,9.935004
21.47769,6.375005
17.29769,5.175005
14.37769,6.345005
12.84769,8.835005
10.84769,10.535
8.19769,14.535
6.41769,21.09501
7.64769,20.455
9.82769,16.245
9.79769,13.265
8.94769,11.005
8.99769,7.915005
10.42769,6.315005
11.39769,5.335005
11.49769,4.035005
11.59769,2.915005
12.29769,1.795005
13.59769,-0.1949951
15.22769,-2.544995
17.04769,-4.514995
18.32769,-6.864995
18.54769,-10.10499
17.84769,-13.625
16.74769,-16.40499
15.52769,-17.335
13.79769,-16.19499
11.09769,-15.865
8.39769,-18.78499
5.44769,-18.71499
3.49769,-14.125
3.72769,-10.93499
3.44769,-10.005
1.97769,-11.39499
1.04769,-13.26499
1.79769,-11.22499
4.29769,-6.684995
7.44769,-3.684995
8.99769,-3.154995
8.54769,-4.824995
39.49769,9.995005
38.99769,9.505005
38.29769,8.025004
36.99769,5.795005
34.09769,4.065005
30.69769,3.415005
28.69769,2.755005
27.74769,2.255005
27.49769,2.365005
28.59769,1.875005
28.89769,0.7950048
27.59769,0.2550049
26.89769,-1.104995
27.60769,-4.804995
28.69769,-9.084995
29.55769,-13.22499
30.29769,-16.62499
31.39769,-16.89499
32.59769,-14.94499
32.99769,-12.59499
32.89769,-11.25499
33.79769,-11.40499
35.39769,-12.22499
34.79769,-12.545
31.39769,-10.51499
25.29769,-3.514995
19.79769,4.205005
20.34769,6.395005
22.99769,4.565005
21.59769,2.965005
17.69769,2.255005
14.24769,2.745005
11.69769,5.025005
9.19769,7.715005
5.59769,13.215
2.89769,19.51501
4.79769,18.085
8.24769,14.625
8.097691,13.755
6.59769,12.425
6.59769,9.275004
7.99769,6.655005
9.097691,4.925005
9.64769,3.985005
10.39769,3.395005
12.24769,2.345005
14.49769,0.4950049
16.04769,-1.554995
17.69769,-2.884995
19.54769,-4.894995
19.99769,-8.364995
18.50769,-12.285
16.39769,-16.185
15.49769,-18.685
14.09769,-17.90499
10.74769,-16.52499
7.79769,-18.425
5.44769,-17.935
3.69769,-13.955
3.89769,-11.65499
4.29769,-10.65499
4.69769,-10.755
5.69769,-10.73499
7.79769,-7.334995
10.29769,-2.804995
11.84769,-0.5549951
12.89769,-0.4849951
15.94769,-1.674995
33.69769,10.09501
33.82769,8.785005
33.74769,7.185005
32.17769,5.715005
29.59769,4.485005
27.57769,3.115005
26.49769,1.575005
25.69769,1.135005
25.39769,1.495005
25.17769,1.405005
23.84769,1.245005
22.47769,1.405005
22.49769,0.5150049
23.85769,-2.834995
25.19769,-6.904995
26.12769,-10.505
26.89769,-13.43499
27.54769,-14.30499
28.59769,-13.835
29.94769,-12.90499
30.89769,-11.625
31.37769,-10.77499
32.29769,-11.585
32.57769,-14.035
30.74769,-14.43499
26.39769,-8.304995
22.54769,-1.124995
22.87769,0.5450048
23.59769,-0.1249951
21.07769,0.1650049
17.49769,-0.4049951
13.84769,-0.7349951
10.84769,1.215005
8.29769,3.985005
4.04769,10.26501
1.42769,16.535
3.64769,16.125
6.29769,15.085
5.89769,15.975
4.52769,14.655
4.44769,11.375
5.34769,8.085005
6.39769,6.175005
7.72769,5.365005
8.99769,4.565005
11.04769,3.305005
13.84769,1.555005
15.54769,-0.2349951
16.84769,-1.484995
19.49769,-3.604995
21.84769,-6.494995
21.32769,-9.824995
18.64769,-13.94499
16.27769,-17.11499
12.79769,-17.28499
7.87769,-16.925
5.79769,-18.31499
5.11769,-16.45499
3.89769,-12.80499
4.37769,-11.94499
6.09769,-11.285
8.37769,-9.484995
10.59769,-6.634995
12.51769,-2.434995
14.44769,0.8550048
16.27769,1.805005
18.49769,1.675005
22.62769,2.235005
24.69769,10.435
24.34769,9.825005
23.59769,9.235004
22.24769,8.175005
22.39769,6.105005
22.79769,3.075005
22.59769,0.5350049
22.39769,0.1950049
21.89769,0.4850049
20.69769,0.3850049
19.49769,0.5750049
19.64769,0.6250049
20.69769,-0.2049951
21.94769,-2.384995
22.89769,-5.044995
23.54769,-7.034995
24.19769,-8.514995
24.99769,-9.744995
26.19769,-11.035
27.54769,-11.44499
27.89769,-10.18499
27.59769,-9.094995
28.29769,-10.60499
29.29769,-14.54499
28.79769,-15.98499
26.94769,-10.56499
25.49769,-4.774995
25.14769,-3.624995
23.69769,-3.164995
20.54769,-2.104995
16.99769,-2.854995
13.24769,-3.574995
10.59769,-2.094995
8.597691,0.3650049
4.09769,6.355005
1.49769,13.565
3.59769,15.555
4.29769,15.715
2.99769,16.175
2.24769,14.705
2.39769,11.755
2.79769,8.935004
3.19769,7.485005
4.29769,6.175005
5.59769,4.215005
7.34769,2.845005
10.89769,2.005005
14.09769,1.195005
15.89769,0.2550049
19.09769,-1.544995
22.99769,-3.714995
23.99769,-7.074995
22.89769,-11.15499
19.84769,-15.43499
14.29769,-17.46499
7.74769,-17.915
5.59769,-18.245
5.84769,-15.665
5.29769,-12.995
6.24769,-13.115
8.69769,-12.39499
11.59769,-8.744995
13.89769,-3.144995
15.89769,2.415005
18.39769,5.865005
21.84769,7.215005
25.19769,8.285005
28.24769,10.665
14.24769,9.735004
13.82769,10.045
13.09769,9.675005
12.09769,7.575005
14.84769,5.165005
17.72769,2.335005
18.49769,-0.7449951
18.92769,-1.674995
18.39769,-1.204995
17.24769,-0.7749951
17.19769,-0.3749951
18.77769,-0.3449951
20.34769,-0.7549951
21.24769,-1.564995
21.79769,-2.684995
22.67769,-3.894995
23.94769,-5.264995
24.87769,-7.094995
25.39769,-9.154995
25.64769,-10.255
24.89769,-9.944995
23.54769,-10.165
23.34769,-12.335
24.69769,-15.285
25.94769,-15.575
26.36769,-11.35499
25.99769,-7.684995
24.27769,-6.264995
21.74769,-4.494995
19.22769,-3.624995
15.64769,-4.324995
12.04769,-4.684995
10.99769,-4.094995
9.82769,-2.234995
5.54769,3.065005
2.66769,10.115
3.79769,13.775
3.97769,14.315
2.09769,13.525
0.9476904,12.145
0.8476904,10.275
1.22769,7.825005
1.74769,6.325005
2.99769,6.085005
4.69769,6.505005
6.677691,7.145005
9.89769,7.295005
13.62769,6.595005
15.54769,6.045005
18.39769,4.245005
21.74769,0.1550049
23.04769,-4.734995
23.54769,-8.414995
22.25769,-13.67499
18.84769,-17.765
13.47769,-18.87499
10.74769,-18.19499
9.427691,-15.96499
7.49769,-14.52499
8.94769,-15.08499
12.19769,-14.335
14.76769,-9.834995
16.24769,-2.494995
17.19769,4.705005
18.99769,9.565004
22.17769,12.405
25.39769,14.905
28.44769,17.745
6.79769,6.915005
7.44769,6.685005
8.097691,5.875005
6.74769,3.375005
8.29769,2.295005
12.44769,1.325005
15.29769,-1.904995
15.69769,-3.844995
14.69769,-2.894995
14.04769,-1.544995
14.99769,-0.9849951
16.84769,-0.6849951
18.19769,-0.5349951
18.69769,-0.6449951
18.99769,-1.104995
20.49769,-2.134995
22.79769,-3.544995
24.39769,-5.164995
24.89769,-7.014995
24.74769,-8.604995
23.79769,-9.504995
22.14769,-11.045
21.19769,-13.73499
22.14769,-15.48499
23.89769,-14.73499
24.49769,-11.96499
23.39769,-9.694995
21.39769,-7.634995
19.59769,-5.464995
17.94769,-5.164995
14.39769,-5.394995
11.09769,-4.964995
11.39769,-5.314995
11.54769,-4.654995
8.69769,-0.1649951
5.44769,6.205005
4.69769,10.335
4.49769,11.365
3.19769,10.59501
1.79769,10.605
0.9976904,10.465
1.64769,8.615005
3.39769,7.395005
5.64769,8.905005
7.59769,12.075
8.69769,14.955
10.09769,15.175
12.39769,12.895
13.99769,12.605
16.34769,10.615
19.99769,6.145005
21.94769,0.9250048
22.49769,-4.714995
22.60769,-11.42499
22.39769,-17.14499
19.74769,-20.015
17.69769,-19.745
15.29769,-17.40499
10.69769,-15.43499
10.44769,-15.00499
13.99769,-13.42499
16.99769,-8.224995
18.19769,-0.9049951
18.09769,5.585005
18.69769,10.205
20.94769,13.665
24.19769,16.975
28.29769,19.815
5.54769,6.335005
6.27769,5.085005
7.69769,3.265005
7.04769,0.1650049
6.64769,-1.224995
10.07769,-1.244995
13.34769,-3.034995
13.29769,-4.334995
12.49769,-3.434995
13.24769,-2.404995
14.59769,-1.784995
15.89769,-0.8149951
16.89769,-0.1149951
17.24769,-0.3849951
17.44769,-1.254995
18.74769,-2.294995
20.94769,-3.124995
23.24769,-3.814995
24.74769,-4.874995
25.07769,-6.354995
24.99769,-7.614995
24.57769,-9.054995
23.79769,-11.15499
23.57769,-12.575
23.64769,-12.34499
22.37769,-11.035
20.19769,-9.454995
19.12769,-7.614995
18.94769,-6.514995
17.74769,-6.604995
14.19769,-5.984995
10.94769,-4.884995
11.39769,-5.704995
12.79769,-5.584995
11.69769,-1.654995
8.62769,3.195005
5.94769,6.455005
4.64769,7.945005
4.14769,8.025004
3.34769,9.155005
2.29769,10.365
3.12769,10.225
5.59769,10.215
8.177691,11.275
10.04769,13.855
9.14769,16.675
8.39769,17.305
10.89769,16.285
13.44769,16.735
15.12769,13.605
19.24769,10.30501
22.14769,6.155005
22.69769,-0.4749951
22.47769,-6.984995
23.19769,-13.745
22.69769,-18.575
22.44769,-20.585
21.49769,-20.015
15.99769,-17.755
13.27769,-14.665
15.29769,-10.76499
17.51769,-4.564995
18.69769,1.255005
19.27769,4.735005
19.64769,8.085005
21.24769,13.195
24.69769,18.335
28.77769,20.445
5.99769,7.965005
6.34769,6.035005
7.69769,3.055005
8.94769,-0.2849951
9.597691,-2.444995
11.59769,-2.594995
13.69769,-2.724995
14.14769,-2.454995
14.89769,-1.524995
16.49769,-0.6749951
17.69769,0.2350049
18.34769,1.085005
19.19769,1.025005
19.69769,-0.2549951
19.79769,-1.954995
20.09769,-3.244995
21.09769,-3.994995
23.19769,-4.464995
25.19769,-5.164995
25.89769,-6.314995
26.29769,-7.664995
26.94769,-8.654995
26.89769,-9.434995
26.29769,-10.13499
25.49769,-10.40499
23.19769,-10.27499
20.39769,-9.814995
19.39769,-8.884995
19.29769,-8.154995
17.89769,-7.554995
14.79769,-6.474995
11.44769,-5.704995
10.29769,-6.154995
8.99769,-4.074995
7.39769,0.1750049
6.84769,1.795005
5.49769,2.865005
3.99769,5.005005
4.29769,6.145005
4.89769,7.525005
4.49769,9.225005
5.29769,10.575
6.89769,11.465
8.69769,11.665
10.59769,12.925
9.44769,16.075
7.79769,18.975
10.09769,19.675
13.19769,19.93501
14.69769,16.10501
17.19769,11.135
19.64769,6.595005
20.99769,1.855005
20.59769,-3.524995
20.99769,-10.51499
21.29769,-15.51499
22.09769,-18.71499
23.09769,-20.425
19.69769,-20.78499
16.94769,-16.62499
17.69769,-10.81499
18.64769,-4.574995
19.29769,0.08500488
20.54769,1.855005
21.19769,5.105005
22.29769,12.575
25.49769,18.77501
28.94769,19.60501
5.09769,7.425004
5.27769,5.255005
6.34769,2.415005
8.477691,0.7650049
10.49769,0.1150049
12.34769,0.08500488
14.44769,0.3650049
16.12769,1.395005
17.59769,2.625005
18.97769,3.345005
19.89769,3.425005
20.49769,2.335005
21.19769,0.3750049
22.04769,-1.824995
22.54769,-3.704995
22.52769,-4.934995
22.69769,-5.744995
24.07769,-6.504995
25.69769,-7.344995
26.34769,-8.254995
26.79769,-9.464994
27.42769,-10.51499
27.54769,-10.92499
27.47769,-11.09499
27.29769,-11.205
26.02769,-11.335
24.24769,-11.71499
22.79769,-11.60499
21.24769,-10.665
19.12769,-9.274995
16.84769,-8.364995
14.22769,-8.994995
11.29769,-9.844995
6.24769,-6.194995
2.69769,-0.9549951
4.27769,-0.1149951
5.94769,0.3050049
5.44769,2.975005
5.84769,4.865005
7.19769,6.185005
7.69769,8.015005
8.177691,10.125
8.54769,11.515
9.14769,11.59501
10.34769,12.625
9.39769,16.615
7.24769,20.795
7.94769,21.155
10.14769,19.885
11.72769,16.10501
13.74769,11.105
15.89769,6.435005
17.69769,2.495005
17.52769,-2.144995
17.74769,-8.254995
17.82769,-12.64499
18.49769,-14.64499
20.62769,-16.30499
20.49769,-19.15499
19.42769,-17.39499
19.64769,-11.955
20.32769,-6.024995
20.59769,-2.064995
21.27769,-0.7949951
21.74769,2.725005
23.24769,10.665
26.84769,15.945
29.29769,17.645
3.09769,4.975005
3.44769,3.075005
4.49769,1.235005
6.24769,1.215005
8.097691,2.045005
10.29769,2.465005
12.89769,2.585005
15.09769,2.895005
16.69769,3.095005
18.04769,2.725005
19.29769,1.655005
20.14769,-0.2549951
20.89769,-2.524995
21.69769,-4.584995
22.39769,-6.234995
22.64769,-7.194995
22.89769,-7.784995
23.99769,-8.544995
25.29769,-9.544995
25.94769,-10.255
26.69769,-11.005
27.39769,-11.995
27.49769,-12.85499
27.59769,-13.39499
27.79769,-13.665
27.39769,-13.52499
26.49769,-13.43499
24.79769,-13.26499
22.59769,-12.80499
20.34769,-11.785
18.89769,-11.02499
17.54769,-12.075
14.99769,-13.43499
10.84769,-11.05499
8.097691,-6.534995
8.89769,-3.934995
10.49769,-1.834995
10.24769,1.355005
9.99769,3.855005
10.69769,5.175005
10.79769,6.505005
10.49769,8.605004
10.19769,10.455
10.04769,10.625
10.09769,11.59501
8.847691,16.27501
6.69769,20.645
5.79769,20.315
6.59769,17.315
8.597691,13.305
10.89769,10.895
13.29769,7.235005
14.69769,2.355005
14.39769,-0.8749951
14.49769,-5.674995
14.94769,-10.625
15.19769,-11.52499
16.99769,-11.71499
19.19769,-14.50499
19.79769,-15.10499
19.99769,-11.455
20.59769,-6.684995
20.79769,-4.034995
20.64769,-2.634995
20.89769,1.655005
23.64769,8.975005
27.89769,13.545
28.74769,16.495
0.5476904,2.645005
1.57769,1.925005
3.19769,1.605005
5.14769,1.985005
7.09769,2.385005
9.177691,2.195005
11.09769,1.765005
12.72769,1.455005
14.19769,1.135005
15.72769,0.5750049
17.29769,-0.3049951
18.72769,-1.564995
19.89769,-3.154995
20.64769,-5.084995
21.04769,-7.114995
21.17769,-8.444995
21.44769,-8.894995
22.77769,-9.154995
24.14769,-9.754995
24.92769,-10.365
26.04769,-11.01499
27.29769,-12.14499
27.84769,-13.745
28.09769,-15.29499
28.24769,-16.175
27.77769,-16.185
26.29769,-15.575
23.79769,-14.56499
21.64769,-14.15499
20.34769,-13.79499
19.84769,-13.22499
19.57769,-13.76499
17.49769,-14.34499
15.04769,-12.93499
14.59769,-10.245
15.17769,-7.334995
15.74769,-4.234995
15.57769,-0.8149951
14.79769,2.125005
14.52769,3.925005
13.94769,5.185005
12.59769,6.775005
11.79769,8.515005
11.82769,8.985004
11.34769,10.355
9.47769,15.165
7.34769,18.625
4.84769,17.985
4.59769,14.795
6.84769,13.055
9.69769,12.775
11.47769,7.375005
11.79769,2.035005
10.99769,0.6150049
10.39769,-2.294995
11.69769,-7.914995
12.89769,-10.285
14.77769,-9.884995
17.49769,-11.31499
18.92769,-12.705
19.54769,-11.005
20.62769,-7.974995
21.24769,-5.714995
20.97769,-1.684995
21.84769,4.665005
24.74769,10.655
27.14769,13.715
25.84769,15.175
-1.30231,2.335005
0.3976904,2.665005
2.19769,3.015005
4.49769,3.095005
6.69769,2.845005
7.69769,2.565005
7.39769,2.755005
7.09769,3.605005
7.49769,4.365005
9.097691,4.395005
11.49769,3.685005
14.49769,2.155005
17.19769,0.05500488
18.89769,-2.674995
19.69769,-5.654995
19.64769,-7.714995
19.59769,-8.284995
20.19769,-7.924995
20.99769,-7.804995
21.54769,-8.234995
22.59769,-9.064995
24.29769,-10.44499
25.79769,-12.495
27.04769,-14.915
27.89769,-16.665
27.79769,-17.325
26.29769,-17.10499
23.44769,-15.92499
21.59769,-15.34499
20.94769,-15.22499
20.99769,-14.64499
21.29769,-14.71499
19.79769,-14.88499
17.34769,-13.615
16.89769,-11.68499
17.74769,-9.454995
18.39769,-6.714995
18.59769,-3.554995
17.99769,-0.6049951
17.29769,1.835005
16.29769,3.785005
14.49769,5.195005
13.39769,6.535005
14.19769,7.375005
13.59769,9.105004
10.64769,13.225
8.99769,15.715
5.74769,16.665
4.29769,15.725
5.04769,15.815
7.69769,14.105
9.54769,7.075005
9.99769,1.915005
8.49769,1.135005
6.89769,-0.02499512
8.19769,-3.784995
10.29769,-6.214995
12.54769,-6.174995
15.39769,-7.024995
18.04769,-8.954995
20.29769,-9.414995
22.04769,-7.734995
22.69769,-4.624995
22.99769,1.695005
24.29769,8.195004
24.34769,11.445
22.59769,12.645
19.89769,14.195
-1.90231,3.465005
-1.202309,3.575005
-0.5023096,3.355005
1.24769,3.315005
2.49769,3.755005
1.72769,4.995005
0.2976904,6.655005
-0.2023096,8.355004
0.3476904,9.615005
2.32769,9.995005
5.39769,9.375005
9.177691,7.245005
12.69769,4.155005
15.09769,0.8850049
16.39769,-1.904995
16.74769,-3.684995
16.84769,-4.504995
17.02769,-4.764995
17.29769,-5.194995
17.39769,-5.944995
17.69769,-6.904995
18.67769,-8.204995
20.14769,-9.984995
22.19769,-12.43499
24.29769,-14.72499
25.72769,-16.03499
25.39769,-16.52499
23.89769,-16.095
23.24769,-15.88499
23.09769,-16.005
22.79769,-15.415
22.62769,-14.76499
21.54769,-14.56499
19.62769,-13.69499
18.64769,-12.22499
19.04769,-10.705
19.59769,-8.914995
19.79769,-6.224995
19.69769,-3.354995
18.99769,-0.5449951
17.84769,2.235005
16.42769,3.955005
15.69769,4.925005
16.62769,5.925005
15.64769,7.935005
11.94769,11.225
11.44769,13.315
8.32769,16.44501
5.69769,17.075
4.44769,15.565
6.04769,12.125
8.39769,6.975005
8.99769,2.375005
7.14769,0.6550049
5.34769,-0.08499511
6.32769,-1.354995
8.14769,-2.404995
10.04769,-3.134995
12.59769,-4.324995
15.19769,-5.834995
17.84769,-6.534995
20.09769,-4.914995
21.49769,-1.404995
22.12769,3.475005
20.59769,7.275005
16.39769,10.045
13.34769,13.425
12.54769,16.815
-2.102309,3.495005
-3.102309,3.085005
-4.10231,2.905005
-3.25231,3.875005
-2.602309,5.825005
-2.902309,8.205005
-2.50231,10.09501
-1.40231,11.435
-0.1023096,12.475
1.84769,12.985
4.19769,12.605
6.19769,10.415
7.59769,7.415005
8.44769,4.925005
9.99769,2.745005
12.19769,0.6950049
13.99769,-1.074995
15.29769,-2.604995
15.99769,-3.944995
16.04769,-4.904995
15.79769,-5.744995
15.64769,-6.854995
16.09769,-8.364995
17.34769,-10.615
19.29769,-13.15499
21.64769,-15.05499
22.79769,-16.06499
23.14769,-15.92499
23.89769,-15.51499
24.29769,-15.47499
23.89769,-15.39499
23.14769,-14.955
22.09769,-14.44499
21.14769,-13.67499
20.79769,-12.575
20.84769,-11.455
21.09769,-10.295
21.09769,-7.984995
21.19769,-5.244995
20.39769,-2.554995
19.19769,0.5350049
18.84769,2.875005
18.59769,3.735005
18.24769,4.275005
16.19769,6.215005
13.14769,9.225005
12.99769,11.615
10.34769,15.745
8.19769,17.035
5.09769,13.385
4.99769,8.755005
7.59769,6.205005
8.19769,2.415005
6.29769,0.3850049
4.49769,-0.3049951
6.09769,-0.2349951
8.69769,-0.2949951
10.74769,-1.724995
12.39769,-3.404995
13.14769,-4.054995
14.29769,-4.154995
16.49769,-2.714995
18.19769,0.005004883
16.29769,3.085005
10.89769,6.375005
6.24769,11.715
4.99769,17.745
6.34769,19.815
-1.10231,2.505005
-2.322309,2.155005
-4.10231,2.945005
-4.152309,5.605005
-3.402309,8.765005
-2.422309,11.185
-1.30231,12.885
-0.6723096,14.355
0.09769043,15.355
1.17769,15.525
1.29769,15.195
0.8776904,14.305
0.1476904,13.775
-0.8023096,12.905
0.4476904,9.175005
5.02769,3.785005
9.49769,-0.1649951
12.02769,-2.344995
13.04769,-3.574995
13.27769,-4.124995
13.54769,-4.804995
13.99769,-5.944995
14.39769,-7.264995
14.97769,-9.234995
16.09769,-11.955
18.17769,-14.785
20.34769,-16.69499
21.94769,-16.54499
23.09769,-15.27499
23.59769,-14.205
23.79769,-13.955
23.77769,-14.30499
23.34769,-14.46499
22.89769,-13.89499
22.94769,-12.85499
23.27769,-11.73499
23.19769,-10.625
22.89769,-8.414995
23.14769,-5.894995
22.37769,-3.974995
20.99769,-1.274995
21.27769,1.785005
21.09769,3.105005
19.19769,2.935005
17.24769,4.225005
15.92769,7.445005
14.69769,10.195
11.52769,14.675
10.04769,16.805
6.37769,11.365
4.64769,5.515005
6.52769,4.155005
7.44769,1.605005
6.22769,0.2150049
4.89769,-0.2349951
6.32769,0.5550049
8.097691,1.545005
8.79769,0.8150049
9.44769,-0.4249951
9.89769,-1.424995
11.19769,-2.394995
13.19769,-1.894995
12.94769,0.04500488
8.177691,3.365005
3.89769,7.975005
2.17769,13.985
-0.1023096,19.865
-0.6023096,21.34501
0.5976904,2.285005
0.9476904,2.435005
-0.00230957,3.605005
-1.15231,6.715005
-2.00231,10.125
-1.85231,12.34501
-1.50231,14.015
-1.702309,15.815
-1.60231,17.02501
-2.05231,17.175
-3.80231,17.02501
-4.45231,17.43501
-3.80231,19.155
-5.05231,19.745
-6.002309,14.955
-1.90231,6.745005
3.69769,0.9050049
6.99769,-1.704995
8.19769,-2.704995
8.39769,-2.604995
9.19769,-2.924995
10.84769,-4.324995
12.49769,-5.754995
13.79769,-7.174995
14.99769,-9.414995
16.59769,-12.72499
18.79769,-15.72499
21.39769,-16.48499
23.19769,-15.38499
23.69769,-13.615
24.19769,-12.42499
24.94769,-12.51499
25.29769,-13.205
24.84769,-13.165
24.79769,-12.375
25.54769,-11.575
25.59769,-10.785
25.04769,-8.634995
25.49769,-6.064995
25.09769,-4.704995
23.59769,-2.804995
23.59769,0.3750049
23.29769,2.455005
21.49769,2.745005
20.79769,3.795005
19.84769,6.765005
17.29769,9.335005
13.14769,13.835
9.89769,14.505
7.24769,8.845005
4.69769,3.125005
5.59769,1.985005
6.59769,0.1650049
6.29769,-0.8649951
5.89769,-0.6449951
6.19769,0.8950049
4.69769,2.045005
2.69769,1.015005
2.79769,-0.2349951
3.89769,-1.134995
5.79769,-1.604995
7.54769,-0.6549951
5.69769,1.365005
1.59769,5.045005
1.09769,9.185004
-0.4023096,13.995
-6.002309,20.175
-7.252309,22.675
2.04769,2.925005
3.62769,4.015005
4.54769,4.865005
3.27769,6.685005
0.1976904,9.235004
-1.72231,11.09501
-1.90231,12.635
-2.52231,14.935
-3.152309,17.115
-4.12231,18.075
-6.002309,17.965
-6.022309,17.535
-4.20231,18.815
-5.602309,20.575
-9.602309,17.615
-8.152309,10.075
-2.45231,3.915005
2.19769,0.7250049
4.34769,-0.1549951
4.54769,1.345005
5.19769,2.425005
7.42769,1.085005
10.09769,-1.104995
12.72769,-3.024995
14.99769,-4.984995
16.67769,-7.714995
18.34769,-10.575
20.64769,-12.075
22.74769,-12.295
23.84769,-11.85499
24.64769,-11.47499
25.74769,-11.55499
26.39769,-12.14499
25.89769,-12.245
25.69769,-11.455
26.84769,-10.71499
27.29769,-10.255
26.52769,-8.454995
27.04769,-5.654995
27.44769,-3.904995
26.54769,-2.524995
26.22769,-0.1749951
26.09769,1.955005
25.12769,3.195005
24.54769,4.345005
22.17769,6.415005
18.74769,8.835005
16.09769,13.245
10.29769,11.815
7.39769,5.565005
5.24769,0.7350048
5.84769,-0.4049951
6.54769,-2.064995
6.04769,-2.964995
5.69769,-2.144995
5.32769,-0.4949951
2.24769,-0.8049951
-0.6223096,-2.564995
-0.3023096,-2.264995
0.6976904,-0.09499512
1.54769,1.735005
1.79769,2.285005
-0.7523096,3.055005
-2.672309,5.945005
-1.50231,8.745005
-4.402309,13.115
-10.55231,20.175
-10.95231,22.835
3.79769,2.795005
4.69769,4.585005
5.99769,5.535005
5.29769,6.555005
1.59769,8.245005
-1.55231,9.525004
-2.20231,10.955
-3.05231,13.785
-4.20231,16.475
-5.152309,18.165
-6.70231,18.795
-7.30231,17.465
-6.502309,17.245
-8.50231,19.555
-13.80231,19.125
-14.35231,14.045
-9.50231,8.855004
-3.75231,5.255005
-0.00230957,3.855005
1.14769,5.595005
2.19769,7.355005
4.79769,6.445005
7.89769,3.985005
10.84769,1.325005
13.49769,-0.9549951
15.44769,-2.924995
16.99769,-4.624995
18.39769,-5.764995
19.89769,-6.724995
21.19769,-8.014995
22.79769,-9.554995
24.84769,-10.72499
26.29769,-11.545
26.39769,-11.84499
26.29769,-11.285
27.14769,-10.005
27.29769,-8.744995
26.54769,-6.944995
27.09769,-4.334995
27.99769,-2.124995
27.69769,-0.7349951
27.14769,0.7150049
27.09769,2.045005
26.39769,3.195005
25.29769,4.175005
22.79769,5.605005
20.29769,8.335005
19.99769,12.55501
12.39769,9.725004
7.74769,2.355005
6.69769,-1.634995
7.24769,-2.914995
7.49769,-4.454995
5.94769,-5.164995
4.39769,-4.474995
4.19769,-3.824995
1.89769,-5.604995
-0.1023096,-6.184995
0.7976904,-2.484995
1.39769,2.495005
0.4976904,4.735005
-1.702309,3.585005
-5.002309,3.415005
-5.752309,6.085005
-4.60231,7.995005
-8.092309,12.135
-13.40231,19.555
-13.90231,22.875
6.29769,1.825005
5.54769,2.995005
5.34769,4.205005
4.37769,5.635005
1.29769,7.355005
-1.35231,8.675005
-2.00231,10.385
-2.822309,13.075
-4.402309,14.865
-5.352309,16.475
-6.602309,18.755
-8.172309,18.145
-8.552309,15.945
-10.05231,16.625
-14.40231,17.68501
-16.50231,15.715
-14.05231,12.815
-9.37231,10.225
-5.102309,8.335005
-2.25231,7.895005
0.2476904,7.915005
3.09769,7.165005
6.29769,5.525005
9.597691,3.015005
12.34769,0.4450049
13.82769,-1.464995
14.84769,-2.804995
15.89769,-3.694995
16.89769,-4.514995
18.12769,-5.334995
19.84769,-6.264995
21.89769,-7.114995
23.59769,-7.794995
24.67769,-8.804995
25.39769,-9.454995
26.19769,-8.374995
26.44769,-6.494995
26.34769,-4.774995
26.99769,-2.964995
27.44769,-1.064995
26.69769,0.4050049
25.92769,1.575005
25.74769,2.495005
25.29769,3.245005
24.49769,4.335005
23.82769,5.825005
22.79769,8.465005
22.29769,11.115
15.44769,8.085005
7.86769,-0.6949951
8.24769,-2.814995
9.14769,-4.884995
9.097691,-6.384995
6.94769,-7.204995
4.39769,-7.204995
4.29769,-7.244995
3.64769,-8.484995
2.72769,-7.404995
3.49769,-2.724995
3.59769,1.685005
1.24769,2.985005
-3.372309,1.725005
-7.402309,2.675005
-7.70231,5.765005
-7.102309,7.125005
-10.29231,10.655
-14.70231,17.295
-15.97231,21.225
