U,V
2.560178,-1.079995
2.530178,-1.149995
2.500178,-1.209995
2.460178,-1.279995
2.430178,-1.339995
2.390178,-1.399995
2.350178,-1.469995
2.320178,-1.529995
2.270178,-1.589995
2.230178,-1.649995
2.190178,-1.709995
2.140178,-1.759995
2.100178,-1.819995
2.050178,-1.869995
2.000178,-1.919995
1.950178,-1.979995
1.890178,-2.029995
1.840178,-2.079995
1.790178,-2.119995
1.730178,-2.169995
1.670178,-2.209995
1.610178,-2.259995
1.550178,-2.299995
1.490178,-2.339995
1.430178,-2.379995
1.370178,-2.409995
1.310178,-2.449995
1.240178,-2.479995
1.180178,-2.509995
1.110178,-2.539995
1.040178,-2.569995
0.9701782,-2.599995
0.9101782,-2.619995
0.8401782,-2.639995
0.7701782,-2.669995
0.7001782,-2.689995
0.6301782,-2.699995
0.5601782,-2.719995
0.4901782,-2.729995
0.4101782,-2.739995
0.3401782,-2.749995
0.2701782,-2.759995
0.2001782,-2.769995
0.1201782,-2.769995
0.05017822,-2.769995
-0.01982178,-2.769995
-0.08982178,-2.769995
-0.1698218,-2.769995
-0.2398218,-2.759995
-0.3098218,-2.759995
-0.3798218,-2.749995
-0.4498218,-2.739995
-0.5298218,-2.719995
-0.5998217,-2.709995
-0.6698217,-2.689995
-0.7398217,-2.669995
-0.8098218,-2.649995
-0.8798218,-2.629995
-0.9498218,-2.609995
-1.009822,-2.579995
-1.079822,-2.559995
-1.149822,-2.529995
-1.209822,-2.499995
-1.279822,-2.459995
-1.339822,-2.429995
-1.409822,-2.389995
-1.469822,-2.349995
-1.529822,-2.319995
6.450178,-3.399995
6.270178,-3.539995
6.100178,-3.669995
5.870178,-3.779995
5.700178,-3.899995
5.520178,-3.999995
5.300178,-4.089995
5.070178,-4.179995
4.900178,-4.259995
4.670178,-4.319995
4.450178,-4.379995
4.270178,-4.439995
4.100178,-4.489995
3.870178,-4.519995
3.650178,-4.549995
3.470178,-4.579995
3.250178,-4.589995
3.050178,-4.599995
2.850178,-4.609995
2.650178,-4.599995
2.450178,-4.589995
2.250178,-4.579995
2.050178,-4.559995
1.870178,-4.529995
1.700178,-4.499995
1.500178,-4.459995
1.350178,-4.419995
1.200178,-4.369995
1.000178,-4.319995
0.8501782,-4.259995
0.7001782,-4.209995
0.5201782,-4.139995
0.4001782,-4.069995
0.2501782,-3.999995
0.1001782,-3.929995
0.00017822265,-3.849995
-0.1498218,-3.759995
-0.2798218,-3.679995
-0.3998218,-3.589995
-0.5298218,-3.499995
-0.6498218,-3.399995
-0.7298217,-3.309995
-0.8498217,-3.219995
-0.9498218,-3.109995
-1.049822,-3.009995
-1.099822,-2.909995
-1.199822,-2.799995
-1.249822,-2.689995
-1.349822,-2.589995
-1.399822,-2.489995
-1.449822,-2.369995
-1.529822,-2.269995
-1.549822,-2.159995
-1.599822,-2.049995
-1.599822,-1.939995
-1.699822,-1.829995
-1.699822,-1.719995
-1.729822,-1.609995
-1.749822,-1.499995
-1.749822,-1.399995
-1.799822,-1.289995
-1.779822,-1.189995
-1.749822,-1.079995
-1.749822,-0.9799951
-1.749822,-0.8799951
-1.729822,-0.7799951
-1.749822,-0.6899951
-1.729822,-0.5899951
10.80018,-6.959995
10.35018,-7.139995
9.900178,-7.289995
9.450178,-7.419995
9.000178,-7.539995
8.600178,-7.629995
8.200178,-7.699995
7.750178,-7.759995
7.300178,-7.789995
6.850178,-7.819995
6.400178,-7.819995
6.000178,-7.809995
5.600178,-7.779995
5.150178,-7.749995
4.800178,-7.689995
4.350178,-7.629995
4.000178,-7.559995
3.600178,-7.469995
3.200178,-7.379995
2.850178,-7.279995
2.500178,-7.169995
2.150178,-7.049995
1.800178,-6.929995
1.500178,-6.799995
1.200178,-6.659995
0.9001782,-6.519995
0.6001782,-6.379995
0.3001782,-6.229995
0.00017822265,-6.069995
-0.1998218,-5.909995
-0.4998218,-5.739995
-0.6998218,-5.579995
-0.8998218,-5.399995
-1.149822,-5.219995
-1.399822,-5.039995
-1.549822,-4.859995
-1.699822,-4.669995
-1.849822,-4.479995
-2.099822,-4.279995
-2.149822,-4.089995
-2.299822,-3.879995
-2.449822,-3.679995
-2.499822,-3.479995
-2.649822,-3.269995
-2.699822,-3.059995
-2.799822,-2.859995
-2.799822,-2.649995
-2.899822,-2.439995
-2.899822,-2.239995
-2.899822,-2.039995
-2.899822,-1.839995
-2.899822,-1.639995
-2.899822,-1.439995
-2.899822,-1.249995
-2.899822,-1.059995
-2.799822,-0.8799951
-2.799822,-0.6999951
-2.749822,-0.5199951
-2.699822,-0.3499951
-2.599822,-0.1799951
-2.499822,-0.01999512
-2.449822,0.1400049
-2.399822,0.2900049
-2.249822,0.4400049
-2.199822,0.5800049
-2.049822,0.7200049
-1.999822,0.8600048
-1.849822,0.9900048
14.30018,-11.46
13.62018,-11.67
12.90018,-11.83999
12.22018,-11.96
11.55018,-12.04999
10.82018,-12.08999
10.15018,-12.09999
9.450178,-12.06999
8.750178,-12.01999
8.070178,-11.93999
7.450178,-11.83999
6.770178,-11.7
6.150178,-11.55999
5.520178,-11.39999
4.900178,-11.21999
4.300178,-11.02999
3.700178,-10.83
3.170178,-10.62
2.600178,-10.41
2.070178,-10.18999
1.600178,-9.969995
1.070178,-9.729995
0.6001782,-9.499995
0.1201782,-9.249995
-0.2998218,-9.009995
-0.7298217,-8.759995
-1.149822,-8.499995
-1.529822,-8.229995
-1.899822,-7.959995
-2.229822,-7.669995
-2.549822,-7.379995
-2.849822,-7.069995
-3.149822,-6.759995
-3.399822,-6.429995
-3.599822,-6.099995
-3.849822,-5.759995
-4.049822,-5.399995
-4.199821,-5.039995
-4.349822,-4.669995
-4.449821,-4.289995
-4.549822,-3.919995
-4.599822,-3.539995
-4.649822,-3.159995
-4.629822,-2.779995
-4.649822,-2.409995
-4.579822,-2.039995
-4.449821,-1.679995
-4.379822,-1.329995
-4.299822,-0.9899951
-4.149822,-0.6699951
-3.999822,-0.3599951
-3.829822,-0.06999511
-3.649822,0.2100049
-3.449822,0.4700049
-3.249822,0.7100049
-3.029822,0.9400049
-2.849822,1.140005
-2.629822,1.330005
-2.399822,1.500005
-2.199822,1.660005
-1.999822,1.790005
-1.799822,1.920005
-1.549822,2.030005
-1.349822,2.130005
-1.149822,2.220005
-0.9798217,2.300005
-0.7998217,2.370005
-0.6298218,2.450005
16.50018,-16
15.60018,-16.26999
14.70018,-16.46
13.80018,-16.56999
12.80018,-16.62
11.90018,-16.59999
11.00018,-16.52999
10.10018,-16.39999
9.200178,-16.23999
8.400178,-16.02999
7.500178,-15.79999
6.700178,-15.54999
5.900178,-15.26999
5.150178,-14.99
4.400178,-14.68999
3.650178,-14.37999
2.900178,-14.06999
2.150178,-13.75999
1.500178,-13.43999
0.8001782,-13.12
0.2001782,-12.79
-0.3998218,-12.46
-0.9998218,-12.12999
-1.549822,-11.79
-2.099822,-11.42999
-2.599822,-11.06999
-3.099822,-10.68999
-3.549822,-10.29
-3.899822,-9.859995
-4.349822,-9.419995
-4.699821,-8.949995
-4.999822,-8.449995
-5.299822,-7.919995
-5.599822,-7.379995
-5.799822,-6.809995
-6.049822,-6.209995
-6.199821,-5.609995
-6.249822,-4.989995
-6.299822,-4.359995
-6.299822,-3.729995
-6.299822,-3.099995
-6.249822,-2.479995
-6.099822,-1.869995
-5.949821,-1.269995
-5.799822,-0.6999951
-5.549822,-0.1599951
-5.299822,0.3700049
-5.049822,0.8600048
-4.799822,1.310005
-4.449821,1.740005
-4.099822,2.120005
-3.799822,2.470005
-3.399822,2.780005
-3.099822,3.060005
-2.799822,3.300005
-2.399822,3.500005
-2.099822,3.670005
-1.699822,3.800005
-1.399822,3.910005
-1.049822,3.980005
-0.6998218,4.030005
-0.3998218,4.050005
-0.09982178,4.050005
0.2001782,4.040005
0.4001782,4.000005
0.7001782,3.960005
0.9001782,3.900005
1.150178,3.840005
17.25018,-19.81999
16.20018,-20.16999
15.10018,-20.41999
14.05018,-20.54
13.00018,-20.56999
11.95018,-20.48999
10.95018,-20.34999
9.950178,-20.13
9.000178,-19.87
8.070178,-19.55999
7.150178,-19.22999
6.250178,-18.88
5.350178,-18.50999
4.470178,-18.13
3.600178,-17.74999
2.750178,-17.34999
1.950178,-16.96
1.150178,-16.55
0.4001782,-16.14999
-0.3498218,-15.72999
-1.049822,-15.31999
-1.699822,-14.87999
-2.349822,-14.43999
-2.929822,-13.96999
-3.449822,-13.47999
-3.999822,-12.96
-4.499822,-12.41
-4.929821,-11.80999
-5.349822,-11.17
-5.749822,-10.47999
-6.149822,-9.749995
-6.449821,-8.969995
-6.699821,-8.149995
-6.949821,-7.299995
-7.099822,-6.429995
-7.179821,-5.529995
-7.199821,-4.639995
-7.179821,-3.739995
-7.099822,-2.869995
-6.999822,-2.009995
-6.799822,-1.179995
-6.549822,-0.3899951
-6.299822,0.3500049
-5.979822,1.060005
-5.649822,1.720005
-5.279822,2.330005
-4.949821,2.890005
-4.549822,3.400005
-4.199821,3.860005
-3.829822,4.260005
-3.449822,4.610005
-3.099822,4.910005
-2.749822,5.160005
-2.399822,5.360005
-2.049822,5.520005
-1.699822,5.650005
-1.349822,5.750005
-1.049822,5.830005
-0.6998218,5.870005
-0.3798218,5.900005
0.00017822265,5.900005
0.3001782,5.890005
0.6501782,5.850005
0.9701782,5.790005
1.350178,5.720005
1.670178,5.640005
2.000178,5.540005
2.350178,5.450005
17.30018,-22.52999
16.15018,-23.05999
15.00018,-23.42999
13.90018,-23.59999
12.80018,-23.63999
11.75018,-23.52999
10.70018,-23.32999
9.700178,-23.05999
8.800178,-22.72
7.850178,-22.34999
6.900178,-21.96
6.000178,-21.55
5.100178,-21.13
4.200178,-20.71
3.300178,-20.25999
2.400178,-19.80999
1.500178,-19.32999
0.6001782,-18.84999
-0.1998218,-18.33999
-0.9998218,-17.81999
-1.699822,-17.26999
-2.449822,-16.71
-3.099822,-16.13
-3.699822,-15.50999
-4.199821,-14.85999
-4.749822,-14.16
-5.199821,-13.41
-5.649822,-12.58999
-6.099822,-11.71999
-6.499822,-10.79
-6.799822,-9.799994
-7.099822,-8.759995
-7.299821,-7.689995
-7.449821,-6.589995
-7.599822,-5.479995
-7.599822,-4.369995
-7.599822,-3.289995
-7.449821,-2.239995
-7.199821,-1.229995
-6.899822,-0.2799951
-6.599822,0.6300049
-6.249822,1.490005
-5.799822,2.290005
-5.349822,3.050005
-4.899822,3.760005
-4.449821,4.410005
-3.999822,5.010005
-3.549822,5.540005
-3.099822,5.990005
-2.649822,6.350005
-2.299822,6.640005
-1.899822,6.840005
-1.499822,6.980005
-1.199822,7.050005
-0.8998218,7.100005
-0.4998218,7.110005
-0.1998218,7.110005
0.1001782,7.110005
0.4001782,7.090005
0.7501782,7.070005
1.100178,7.040005
1.450178,7.000005
1.800178,6.950005
2.200178,6.910005
2.600178,6.860005
2.950178,6.830005
3.300178,6.810005
3.750178,6.810005
17.55018,-23.60999
16.45018,-24.47999
15.35018,-25.09999
14.20018,-25.45
13.05018,-25.57999
12.05018,-25.50999
11.05018,-25.30999
10.12018,-24.99999
9.200178,-24.63999
8.400178,-24.25999
7.550178,-23.87
6.670178,-23.48999
5.800178,-23.09999
4.900178,-22.7
4.000178,-22.26999
3.020178,-21.8
2.100178,-21.27999
1.150178,-20.71
0.2501782,-20.08999
-0.5498218,-19.41999
-1.399822,-18.72999
-2.099822,-17.99999
-2.849822,-17.24999
-3.479822,-16.47999
-4.099822,-15.67999
-4.649822,-14.83
-5.149822,-13.95
-5.649822,-13
-6.099822,-12
-6.479822,-10.92999
-6.799822,-9.799994
-7.049822,-8.619995
-7.249822,-7.419995
-7.349822,-6.189995
-7.399822,-4.969995
-7.379822,-3.749995
-7.249822,-2.569995
-7.099822,-1.409995
-6.899822,-0.2999951
-6.599822,0.7800049
-6.299822,1.820005
-5.899822,2.830005
-5.499822,3.800005
-5.049822,4.720005
-4.599822,5.570005
-4.079822,6.350005
-3.549822,7.020005
-2.999822,7.580005
-2.499822,8.000005
-1.929822,8.290005
-1.449822,8.470005
-0.9998218,8.540005
-0.5998217,8.560004
-0.2298218,8.530005
0.1001782,8.480004
0.4701782,8.430005
0.8001782,8.380005
1.220178,8.340005
1.600178,8.290005
2.020178,8.240005
2.450178,8.170005
2.900178,8.120005
3.300178,8.050005
3.720178,8.020004
4.150178,8.000005
4.620178,8.020004
5.150178,8.050005
5.620178,8.110004
18.10018,-23.35999
17.20018,-24.63999
16.20018,-25.60999
15.25018,-26.21
14.20018,-26.50999
13.20018,-26.51999
12.30018,-26.35999
11.40018,-26.05
10.60018,-25.7
9.850178,-25.35999
9.100178,-25.04
8.300178,-24.76999
7.500178,-24.51999
6.600178,-24.27999
5.700178,-23.99999
4.700178,-23.63999
3.700178,-23.2
2.750178,-22.63
1.800178,-21.96
0.9001782,-21.17999
0.00017822265,-20.31999
-0.7998217,-19.41999
-1.599822,-18.47999
-2.299822,-17.55
-2.999822,-16.59999
-3.649822,-15.64999
-4.299822,-14.67999
-4.849822,-13.67999
-5.399822,-12.62
-5.849822,-11.5
-6.199821,-10.30999
-6.499822,-9.069995
-6.699821,-7.769995
-6.899822,-6.439995
-6.999822,-5.089995
-6.999822,-3.729995
-6.899822,-2.379995
-6.849822,-1.029995
-6.699821,0.3000049
-6.449821,1.620005
-6.199821,2.920005
-5.899822,4.180005
-5.599822,5.390005
-5.149822,6.520005
-4.699821,7.520005
-4.199821,8.370005
-3.699822,9.040005
-3.099822,9.520004
-2.599822,9.840005
-2.099822,10.01
-1.699822,10.06
-1.249822,10.03
-0.8998218,9.960005
-0.5998217,9.880005
-0.1998218,9.790005
0.1001782,9.720005
0.4001782,9.670005
0.8501782,9.640005
1.200178,9.610004
1.700178,9.600004
2.200178,9.580005
2.700178,9.580005
3.200178,9.590005
3.800178,9.610004
4.400178,9.640005
5.000178,9.680005
5.600178,9.730004
6.200178,9.790005
17.75018,-21.10999
17.43018,-22.71
16.90018,-24.01999
16.33018,-24.91999
15.70018,-25.49999
15.00018,-25.74999
14.40018,-25.76999
13.80018,-25.63
13.30018,-25.41999
12.70018,-25.21
12.10018,-25.05
11.40018,-24.96
10.60018,-24.92999
9.720178,-24.91999
8.750178,-24.88999
7.700178,-24.79
6.650178,-24.56999
5.570178,-24.17999
4.500178,-23.64999
3.570178,-22.93999
2.650178,-22.10999
1.770178,-21.16999
0.9501782,-20.17999
0.1201782,-19.14999
-0.6498218,-18.12
-1.449822,-17.08999
-2.249822,-16.04
-2.929822,-14.95999
-3.599822,-13.83
-4.249822,-12.62
-4.799822,-11.34999
-5.279822,-9.979995
-5.649822,-8.559995
-5.929821,-7.069995
-6.199821,-5.549995
-6.349822,-3.979995
-6.449821,-2.399995
-6.499822,-0.7999951
-6.449821,0.8000048
-6.349822,2.380005
-6.199821,3.910005
-5.999822,5.350005
-5.749822,6.670005
-5.449821,7.790005
-5.099822,8.690004
-4.799822,9.320004
-4.449821,9.710005
-4.199821,9.890005
-3.999822,9.920005
-3.799822,9.870005
-3.599822,9.800005
-3.469822,9.750005
-3.299822,9.730004
-3.079822,9.790005
-2.849822,9.900004
-2.479822,10.1
-2.049822,10.34
-1.529822,10.63
-0.8998218,10.91
-0.2498218,11.15
0.4501782,11.31
1.170178,11.39
1.850178,11.41
2.520178,11.43001
3.100178,11.45
3.670178,11.53
4.150178,11.65
4.600178,11.79
16.80018,-17.14999
16.95018,-18.88
17.10018,-20.40999
17.10018,-21.62
17.00018,-22.57999
17.00018,-23.23999
16.90018,-23.71
16.85018,-23.99999
16.80018,-24.2
16.60018,-24.35999
16.30018,-24.52999
15.70018,-24.72
15.00018,-24.91999
14.15018,-25.10999
13.10018,-25.26999
11.95018,-25.33999
10.80018,-25.3
9.650178,-25.10999
8.500178,-24.76999
7.550178,-24.25999
6.600178,-23.62
5.600178,-22.83999
4.700178,-21.96
3.750178,-21.00999
2.800178,-20.00999
1.750178,-18.95
0.7001782,-17.84999
-0.2498218,-16.66999
-1.199822,-15.41999
-2.049822,-14.08
-2.799822,-12.66
-3.399822,-11.16
-3.899822,-9.579995
-4.349822,-7.939995
-4.799822,-6.239995
-5.109822,-4.489995
-5.399822,-2.689995
-5.659822,-0.8599951
-5.899822,0.9600049
-5.949821,2.740005
-5.999822,4.430005
-5.999822,5.940005
-5.999822,7.250005
-5.949821,8.260005
-5.899822,8.970005
-5.799822,9.330005
-5.799822,9.450005
-5.849822,9.360004
-5.899822,9.210005
-5.899822,9.080005
-5.899822,9.040005
-5.849822,9.150004
-5.699821,9.370005
-5.499822,9.720005
-5.099822,10.15
-4.699821,10.66
-4.099822,11.2
-3.449822,11.7
-2.799822,12.13
-2.049822,12.4
-1.299822,12.53
-0.5998217,12.53
0.1001782,12.5
0.6001782,12.49
1.000178,12.53
1.350178,12.64
1.500178,12.79
1.650178,12.92
16.35018,-12.75
16.95018,-14.37999
17.40018,-15.91999
17.83018,-17.27999
18.15018,-18.48999
18.48018,-19.49999
18.85018,-20.39999
19.28018,-21.18999
19.55018,-21.91999
19.80018,-22.60999
19.85018,-23.27999
19.70018,-23.92999
19.30018,-24.52999
18.63018,-25.05999
17.80018,-25.48999
16.77018,-25.76999
15.75018,-25.93999
14.72018,-25.96
13.75018,-25.85999
12.80018,-25.63
11.85018,-25.27999
10.90018,-24.80999
9.850178,-24.22
8.650178,-23.47
7.350178,-22.56999
5.950178,-21.48999
4.500178,-20.27999
3.150178,-18.91999
1.900178,-17.47999
0.8201782,-15.99
-0.1498218,-14.46
-0.9298217,-12.89999
-1.649822,-11.29999
-2.229822,-9.639995
-2.849822,-7.909995
-3.459822,-6.069995
-3.999822,-4.159995
-4.579822,-2.199995
-5.099822,-0.2399951
-5.559822,1.650005
-5.949821,3.420005
-6.349822,4.970005
-6.599822,6.290005
-6.879822,7.260005
-7.049822,7.940005
-7.199821,8.280005
-7.299821,8.400004
-7.369822,8.380005
-7.349822,8.340005
-7.399822,8.430005
-7.299821,8.680005
-7.129822,9.150004
-6.899822,9.760005
-6.549822,10.44
-6.149822,11.09
-5.699821,11.67
-5.249822,12.16
-4.799822,12.52
-4.299822,12.78
-3.779822,12.93
-3.249822,12.99
-2.699822,13.01
-2.099822,13.02
-1.649822,13.05
-1.349822,13.06
-1.219822,12.98
-1.199822,12.8
-1.119822,12.55
16.50018,-8.529995
17.35018,-9.979995
18.20018,-11.45
18.85018,-12.87999
19.50018,-14.25
20.10018,-15.54
20.70018,-16.75999
21.20018,-17.89999
21.70018,-18.99999
22.15018,-20.06999
22.50018,-21.13
22.60018,-22.16999
22.50018,-23.2
22.15018,-24.16999
21.60018,-25.02999
20.85018,-25.73999
20.10018,-26.3
19.30018,-26.68999
18.50018,-26.95
17.75018,-27.08999
16.90018,-27.13
15.95018,-27.01999
14.80018,-26.72999
13.50018,-26.17999
11.90018,-25.38
10.25018,-24.26999
8.600178,-22.95
7.000178,-21.43999
5.600178,-19.85999
4.300178,-18.27999
3.200178,-16.72
2.200178,-15.18999
1.200178,-13.63999
0.2501782,-12.00999
-0.6998218,-10.26999
-1.609822,-8.389995
-2.499822,-6.409995
-3.359822,-4.379995
-4.099822,-2.349995
-4.859822,-0.3999951
-5.599822,1.430005
-6.249822,3.070005
-6.799822,4.500005
-7.349822,5.600005
-7.699821,6.430005
-7.849822,6.910005
-7.899822,7.170005
-7.899822,7.300004
-7.799821,7.440005
-7.649822,7.760005
-7.499822,8.280005
-7.349822,9.050005
-7.099822,9.920005
-6.899822,10.78
-6.599822,11.49
-6.349822,11.98
-6.099822,12.27
-5.849822,12.38
-5.599822,12.42
-5.299822,12.44
-4.999822,12.5
-4.549822,12.66
-4.099822,12.88
-3.699822,13.15
-3.499822,13.33
-3.399822,13.26
-3.299822,12.96
-3.099822,12.49
15.50018,-4.349995
16.60018,-5.509995
17.65018,-6.799995
18.75018,-8.189995
19.80018,-9.649995
20.83018,-11.10999
21.80018,-12.56999
22.73018,-13.96
23.60018,-15.33999
24.40018,-16.71
25.10018,-18.10999
25.58018,-19.51999
25.80018,-20.90999
25.80018,-22.24999
25.50018,-23.51999
25.00018,-24.63999
24.35018,-25.62
23.65018,-26.42999
22.85018,-27.09999
22.08018,-27.63
21.15018,-28.04
20.05018,-28.25999
18.75018,-28.26999
17.30018,-27.96999
15.70018,-27.37
14.07018,-26.46
12.55018,-25.33999
11.17018,-24.05999
9.900178,-22.73999
8.670178,-21.41999
7.350178,-20.05999
5.950178,-18.64
4.450178,-17.06
2.940178,-15.29
1.500178,-13.33
0.1901782,-11.24
-0.9498218,-9.079995
-1.909822,-6.939995
-2.799822,-4.859995
-3.629822,-2.899995
-4.399822,-1.009995
-5.199821,0.7700049
-5.949821,2.450005
-6.629822,3.880005
-7.199821,5.050005
-7.429821,5.830005
-7.549821,6.350005
-7.429821,6.680005
-7.199821,6.990005
-6.929821,7.430005
-6.749822,8.060004
-6.649822,8.950005
-6.599822,9.920005
-6.549822,10.8
-6.549822,11.46
-6.479822,11.82
-6.449821,11.98
-6.269822,12
-6.099822,11.98
-5.799822,12.03
-5.499822,12.16
-5.279822,12.44
-5.099822,12.79
-5.149822,13.16
-5.299822,13.44
-5.519822,13.48
-5.649822,13.24
-5.519822,12.79
14.10018,-0.9999951
15.35018,-1.619995
16.70018,-2.349995
18.05018,-3.229995
19.40018,-4.279995
20.75018,-5.589995
22.10018,-7.099995
23.55018,-8.789995
24.80018,-10.59999
26.05018,-12.46999
27.10018,-14.35999
28.00018,-16.23999
28.70018,-18.08999
29.15018,-19.87
29.40018,-21.57999
29.35018,-23.12
29.10018,-24.51999
28.60018,-25.71999
28.00018,-26.72999
27.10018,-27.51999
26.00018,-28.13
24.70018,-28.50999
23.10018,-28.68999
21.45018,-28.63999
19.80018,-28.38999
18.25018,-27.96
16.90018,-27.42999
15.70018,-26.80999
14.40018,-26.10999
13.00018,-25.23999
11.40018,-24.14999
9.450178,-22.71
7.500178,-20.93999
5.440178,-18.82999
3.600178,-16.50999
2.090178,-14.06999
0.8001782,-11.64999
-0.2598218,-9.369995
-1.199822,-7.249995
-2.009822,-5.319995
-2.799822,-3.469995
-3.609822,-1.629995
-4.399822,0.2400049
-5.249822,2.030005
-5.999822,3.640005
-6.499822,4.800005
-6.799822,5.600005
-6.799822,6.080005
-6.599822,6.500005
-6.399822,7.010005
-6.199821,7.690005
-6.099822,8.610004
-6.099822,9.640005
-6.249822,10.56
-6.399822,11.25
-6.549822,11.63
-6.699821,11.83
-6.549822,11.94
-6.399822,12.04
-5.949821,12.19
-5.599822,12.38
-5.399822,12.62
-5.499822,12.86
-5.899822,13.03
-6.499822,13.09
-7.149822,12.93
-7.699821,12.55
-7.899822,11.99
14.05018,2.220005
15.47018,2.120005
16.95018,1.840005
18.53018,1.320005
20.10018,0.5600049
21.70018,-0.4899951
23.25018,-1.789995
24.73018,-3.349995
26.10018,-5.099995
27.40018,-7.009995
28.55018,-9.029995
29.55018,-11.14999
30.40018,-13.33
31.08018,-15.55999
31.60018,-17.81
31.95018,-19.99999
32.15018,-22.08999
32.15018,-23.97999
32.00018,-25.66999
31.60018,-27.05999
30.90018,-28.17999
29.90018,-28.93999
28.55018,-29.43999
27.10018,-29.67999
25.50018,-29.79999
24.05018,-29.83999
22.60018,-29.83999
21.07018,-29.79
19.40018,-29.55999
17.32018,-28.96999
15.05018,-27.96
12.59018,-26.38
10.20018,-24.37
7.990178,-21.98999
6.050178,-19.41999
4.340178,-16.76999
2.950178,-14.16
1.720178,-11.72999
0.6501782,-9.499995
-0.1798218,-7.549995
-0.9498218,-5.739995
-1.759822,-3.969995
-2.599822,-2.099995
-3.509822,-0.1199951
-4.349822,1.830005
-5.099822,3.460005
-5.599822,4.700005
-5.829822,5.450005
-5.849822,5.940005
-5.799822,6.350005
-5.749822,6.870005
-5.829822,7.620005
-5.899822,8.560004
-6.099822,9.560004
-6.299822,10.5
-6.579822,11.25
-6.749822,11.8
-6.829822,12.16
-6.599822,12.4
-6.229822,12.58
-5.749822,12.67
-5.449821,12.68001
-5.399822,12.59
-5.719821,12.36
-6.399822,11.98
-7.169822,11.45
-7.899822,10.8
-8.299822,10.09
14.40018,4.810005
15.90018,4.940005
17.40018,4.840005
19.05018,4.430005
20.70018,3.770005
22.50018,2.780005
24.20018,1.520005
25.95018,-0.009995117
27.60018,-1.729995
28.95018,-3.579995
30.10018,-5.489995
31.15018,-7.459995
32.10018,-9.509995
32.80018,-11.7
33.40018,-14.00999
33.81018,-16.41999
34.00018,-18.87
34.16018,-21.29
34.20018,-23.64999
34.20018,-25.88
34.00018,-27.95
33.50018,-29.64999
32.80018,-30.96
31.85018,-31.82999
30.70018,-32.41999
29.45018,-32.78999
28.00018,-33.02999
26.25018,-33.08999
24.20018,-32.91
21.60018,-32.27999
18.90018,-31.16999
16.09018,-29.48999
13.50018,-27.39999
11.14018,-24.97
9.100178,-22.33999
7.140178,-19.58999
5.400178,-16.8
3.940178,-14.12999
2.700178,-11.66
1.690178,-9.579995
0.9001782,-7.779995
0.05017822,-6.139995
-0.7998217,-4.429995
-1.809822,-2.489995
-2.799822,-0.3799951
-3.659822,1.700005
-4.299822,3.510005
-4.649822,4.780005
-4.799822,5.570005
-4.699821,5.920005
-4.699821,6.140005
-4.749822,6.510005
-4.999822,7.150005
-5.299822,8.120005
-5.599822,9.310004
-5.999822,10.57
-6.199821,11.67
-6.299822,12.38
-6.199821,12.76
-5.999822,12.83
-5.699821,12.73
-5.299822,12.48
-5.099822,12.1
-5.049822,11.55
-5.399822,10.86
-5.899822,10.05
-6.499822,9.210005
-6.749822,8.420005
16.30018,7.990005
18.00018,8.250005
19.85018,8.240005
21.83018,7.910005
23.95018,7.260005
26.25018,6.170005
28.50018,4.670005
30.60018,2.770005
32.40018,0.5900049
33.80018,-1.699995
35.00018,-4.019995
35.98018,-6.299995
36.85018,-8.599995
37.40018,-10.89999
37.65018,-13.17999
37.45018,-15.30999
37.05018,-17.3
36.75018,-19.23999
36.55018,-21.29
36.38018,-23.56999
36.15018,-26.01999
35.68018,-28.52999
35.10018,-30.90999
34.38018,-32.89
33.50018,-34.43999
32.48018,-35.42999
31.15018,-35.98999
29.40018,-36.05999
27.30018,-35.76999
25.00018,-35.07
22.55018,-34.02999
20.19018,-32.58999
17.75018,-30.79
15.34018,-28.56999
12.90018,-26.00999
10.49018,-23.09999
8.250178,-19.99999
6.370178,-16.90999
4.800178,-14.01999
3.590178,-11.63999
2.600178,-9.689995
1.770178,-8.089995
0.9001782,-6.509995
0.04017822,-4.669995
-0.8998218,-2.509995
-1.829822,-0.1199951
-2.599822,2.190005
-3.049822,4.070005
-3.249822,5.390005
-3.149822,5.960005
-2.949822,6.070005
-2.749822,5.970005
-2.649822,6.020005
-2.879822,6.610005
-3.249822,7.730005
-3.779822,9.270004
-4.299822,10.78
-4.579822,11.81
-4.699821,12.35
-4.669822,12.37
-4.599822,12.11
-4.519822,11.72001
-4.349822,11.26
-4.199821,10.69
-4.049822,9.990005
-4.069822,9.160005
-4.149822,8.280005
-4.169822,7.520005
18.10018,11.51
20.50018,11.88
22.90018,11.98
25.45018,11.69
28.00018,10.95
30.50018,9.610004
32.80018,7.840005
34.90018,5.700005
36.70018,3.430005
38.20018,1.080005
39.70018,-1.369995
41.01017,-3.949995
42.20018,-6.639995
43.16018,-9.339995
43.70018,-11.97999
43.70018,-14.46
43.20018,-16.72999
42.45018,-18.81999
41.80017,-20.89
41.15017,-23.12
40.30018,-25.47
39.31018,-27.95
38.10018,-30.50999
37.00018,-33.02999
35.80018,-35.27999
34.45018,-36.93999
32.90018,-38.01999
31.10018,-38.39
29.20018,-38.32
27.40018,-37.87999
25.70018,-37.23999
23.85018,-36.25999
21.80018,-34.89999
19.34018,-32.92999
16.70018,-30.38999
13.89018,-27.25999
11.20018,-23.73999
8.890178,-20.10999
7.000178,-16.67999
5.590178,-13.81999
4.500178,-11.50999
3.600178,-9.729995
2.800178,-8.099995
2.090178,-6.319995
1.500178,-4.249995
0.7901782,-1.839995
0.1001782,0.6600049
-0.5098218,2.940005
-0.8998218,4.780005
-1.099822,5.800005
-0.9998218,6.150005
-0.6498218,5.940005
-0.2998218,5.660005
-0.04982178,5.810005
-0.1998218,6.570005
-0.5998217,8.020004
-1.199822,9.630005
-1.799822,10.84
-2.199822,11.51
-2.549822,11.53
-2.699822,11.25
-2.799822,10.88
-2.799822,10.55
-2.699822,10.22001
-2.499822,9.770004
-2.149822,9.160005
-1.799822,8.440004
-1.349822,7.720005
19.30018,15.43
21.75018,16.31001
24.15018,16.82001
26.60018,16.68
29.10018,15.85
31.58018,14.18
33.85018,11.94
35.78018,9.430005
37.40018,6.960005
38.93018,4.570005
40.60018,2.060005
42.31017,-0.6699951
43.80017,-3.589995
44.91018,-6.569995
45.85017,-9.479995
46.71017,-12.33
47.50018,-15.29999
48.01017,-18.47999
47.90017,-21.71
46.98018,-24.73999
45.55017,-27.46
43.78017,-29.75999
41.90017,-31.84999
40.15018,-33.96999
38.35018,-36.07
36.43018,-37.91
34.50018,-39.32
32.65018,-40.14999
30.90018,-40.59999
29.27018,-40.69999
27.65018,-40.55999
26.00018,-39.98999
24.15018,-38.93999
21.99018,-37.16999
19.55018,-34.73999
16.84018,-31.54
14.15018,-27.76999
11.59018,-23.63999
9.500178,-19.57999
7.890178,-16.10999
6.700178,-13.25
5.720178,-11.04
5.000178,-9.069995
4.520178,-7.119995
4.200178,-5.059995
3.920178,-2.849995
3.650178,-0.5799951
3.240178,1.600005
2.800178,3.530005
2.320178,4.880005
1.950178,5.640005
1.830178,5.700005
1.850178,5.470005
1.950178,5.400005
1.950178,5.800005
1.700178,6.830005
1.250178,8.170005
0.7001782,9.380005
0.1001782,10.17
-0.2498218,10.33
-0.4498218,10.15
-0.5498218,9.910005
-0.4998218,9.790005
-0.4798218,9.810004
-0.3498218,9.810004
-0.1698218,9.710005
0.2001782,9.550005
0.7501782,9.350005
18.90018,20.03
20.90018,21.47001
23.00018,22.18
25.35018,21.95
28.10018,20.90001
31.06018,18.79
33.70018,16.03
35.76018,12.99
37.20018,9.990005
38.46018,7.030005
39.70018,4.080005
41.16018,1.110005
42.50018,-2.009995
43.56017,-5.389995
44.10017,-8.819995
44.66018,-11.88999
45.80017,-14.74
47.51017,-17.75999
48.70018,-21.01999
48.61018,-24.24999
47.80017,-27.2
46.55017,-29.72999
45.20018,-31.99999
43.75018,-34.18999
41.90017,-36.42999
39.50018,-38.53999
37.00018,-40.28999
34.70018,-41.46999
32.70018,-42.21999
30.90018,-42.57999
29.00018,-42.66
27.15018,-42.33999
25.30018,-41.58999
23.49018,-40.19999
21.50018,-38.16
19.29018,-35.21
16.80018,-31.49999
14.34018,-27.09999
12.20018,-22.57999
10.49018,-18.55
9.200178,-15.13999
8.140178,-12.37
7.300178,-9.859995
6.790178,-7.459995
6.600178,-5.119995
6.740178,-2.949995
6.900178,-0.9599951
6.900178,0.8100049
6.700178,2.370005
6.350178,3.600005
5.800178,4.480005
5.200178,4.860005
4.600178,4.910005
4.200178,4.860005
3.900178,5.060005
3.550178,5.760005
3.100178,6.800005
2.500178,7.970005
2.000178,8.910005
1.850178,9.310004
1.800178,9.260005
1.950178,8.980004
2.000178,8.790005
2.000178,8.820004
1.900178,9.000005
1.750178,9.260005
1.600178,9.590005
1.850178,10.09
16.35018,23.71
18.32018,24.59
20.65018,24.55
23.30018,23.65
26.20018,22.23001
29.23018,20.37
32.10018,18.19
34.53018,15.58
36.35018,12.5
37.33018,9.050005
37.90018,5.620005
38.56018,2.450005
39.55018,-0.5699951
40.58018,-3.609995
41.10017,-6.679995
41.08017,-9.539995
41.55017,-12.21
43.28017,-15.08999
45.40017,-18.48999
46.38018,-22.17999
46.35017,-25.64999
45.98018,-28.72999
45.90017,-31.67999
45.73018,-34.55999
44.90017,-37.37999
42.95018,-39.89
40.30018,-41.89
37.43018,-43.07
34.80018,-43.57
32.40018,-43.51999
30.20018,-43.27999
28.17018,-42.92999
26.40018,-42.43999
24.85018,-41.50999
23.30018,-39.98999
21.44018,-37.48999
19.40018,-34.14
17.29018,-29.96
15.35018,-25.49999
13.64018,-21.23999
12.15018,-17.39
10.82018,-14.02999
9.750178,-10.84999
9.070178,-7.829995
8.800178,-4.989995
8.990178,-2.569995
9.350178,-0.6199951
9.600178,0.8000048
9.600178,1.860005
9.370178,2.590005
8.950178,3.140005
8.400178,3.510005
7.800178,3.750005
7.200178,3.930005
6.600178,4.240005
5.970178,4.830005
5.300178,5.680005
4.550178,6.810005
4.050178,8.000005
4.020178,8.780005
4.350178,8.940004
4.750178,8.530005
5.000178,8.010005
4.900178,7.670005
4.600178,7.640005
4.170178,8.090005
3.850178,8.860004
3.970178,9.920005
14.60018,24.99
16.95018,25.26
19.80018,24.94
22.75018,23.91
25.50018,22.31001
27.70018,20.25
29.70018,18.07001
31.75018,15.8
33.60018,13.18
34.36018,9.930005
34.10018,6.440005
33.76018,3.210005
34.30018,0.2100049
35.56018,-2.529995
36.50018,-5.129995
36.56018,-7.829995
36.50018,-10.85999
37.76018,-14.54
40.10018,-18.8
41.86018,-23.47
42.10017,-27.93999
41.66018,-31.55999
41.60017,-34.50999
42.30017,-37.07
42.90017,-39.58999
42.60017,-42.05
41.20018,-44.18999
38.85018,-45.43999
36.30018,-45.66999
33.65018,-44.91999
31.20018,-43.87999
29.20018,-43.08999
27.60018,-42.55999
26.30018,-41.96
25.00018,-40.87999
23.69018,-38.83999
22.20018,-35.98
20.64018,-32.3
19.00018,-28.24999
17.19018,-24.06999
15.40018,-19.97999
13.74018,-16.06
12.40018,-12.21999
11.49018,-8.529995
11.20018,-5.099995
11.29018,-2.339995
11.60018,-0.2999951
11.80018,0.8600048
11.60018,1.540005
11.25018,1.920005
10.90018,2.240005
10.60018,2.550005
10.30018,2.860005
10.00018,3.130005
9.600178,3.460005
9.000178,3.970005
8.400178,4.710005
7.550178,5.840005
6.900178,7.220005
6.750178,8.290005
7.100178,8.630005
7.500178,8.150004
7.700178,7.420005
7.500178,6.920005
7.200178,6.940005
6.950178,7.740005
7.000178,9.060004
7.550178,10.71
14.80018,25.12
16.90018,26.13
19.30018,26.68
21.88018,26.04
24.10018,24.1
25.31018,21.07
25.95018,17.98001
26.78018,15.46
28.10018,13.11
29.06018,10.21
28.90018,6.680005
27.96018,2.890005
27.45018,-0.6699951
27.96018,-3.659995
28.75018,-6.179995
29.23018,-8.559995
29.75018,-11.39999
31.16018,-15.14999
33.05018,-19.49999
34.31018,-24.09999
34.20018,-28.46
33.06018,-31.99999
32.30018,-34.67999
33.03018,-36.69999
34.65018,-38.91
36.21018,-41.69999
36.90018,-44.64
36.23018,-46.75999
34.65018,-47.46999
32.67018,-46.32
30.90018,-44.40999
29.55018,-42.74999
28.45018,-41.8
27.40018,-41.34999
26.40018,-40.73
25.52018,-39.34999
24.70018,-37.19999
23.82018,-34.21999
22.65018,-30.73999
20.96018,-26.8
19.05018,-22.64999
17.16018,-18.38
15.60018,-14.06999
14.61018,-9.809995
14.15018,-5.829995
14.14018,-2.719995
14.25018,-0.6299951
14.07018,0.2900049
13.55018,0.7400048
12.77018,1.160005
12.25018,1.730005
12.25018,2.350005
12.50018,2.820005
12.75018,3.030005
12.85018,3.070005
12.70018,3.200005
12.25018,3.650005
11.60018,4.710005
10.80018,6.140005
10.37018,7.380005
10.25018,7.900005
10.25018,7.480005
10.10018,6.770005
9.770178,6.520005
9.500178,7.030005
9.650178,8.510005
10.35018,10.41
11.54018,12.43001
15.50018,26.17
16.50018,27.29
17.80018,27.79
19.45018,26.99
21.00018,24.9
21.61018,21.68
21.60018,18.31001
21.76018,15.42
22.50018,12.69
23.36018,9.460005
23.40018,5.720005
22.56018,1.890005
21.70018,-1.619995
21.31018,-4.529995
21.10018,-6.849995
21.25018,-8.789995
22.10018,-11.08
23.71018,-14.12
25.50018,-17.56
26.36018,-21.24999
25.90018,-24.72999
25.06018,-27.68999
24.60018,-30.58999
25.11018,-33.33999
26.50018,-36.02999
28.41018,-39.21999
29.90018,-42.80999
30.50018,-45.71999
30.30018,-47.12
29.70018,-46.21
29.30018,-44.01999
29.14018,-41.71999
28.90018,-40.21999
28.35018,-39.74999
27.60018,-39.53999
26.90018,-38.91999
26.50018,-37.62
26.14018,-35.35999
25.50018,-32.39999
24.29018,-28.8
22.70018,-24.83999
20.94018,-20.60999
19.40018,-16.15999
18.24018,-11.54999
17.50018,-7.129995
17.29018,-3.719995
17.40018,-1.589995
17.05018,-0.8099951
16.30018,-0.3999951
15.35018,0.3400049
14.80018,1.480005
15.00018,2.680005
15.70018,3.510005
16.45018,3.680005
17.00018,3.400005
17.25018,2.890005
17.00018,2.630005
16.30018,3.200005
15.30018,4.490005
14.50018,5.980005
14.00018,6.930005
13.70018,6.950005
13.50018,6.610005
13.20018,6.680005
13.10018,7.570005
13.44018,9.380005
14.30018,11.51
15.49018,13.57
16.15018,26.47001
16.10018,26.69
16.25018,26.37
16.75018,25.22001
17.40018,23.18
17.58018,20.32
17.50018,17.40001
17.91018,14.65
18.90018,11.67
19.66018,7.940005
19.35018,3.880005
18.11018,0.3500049
17.05018,-2.419995
16.43018,-4.639995
15.65018,-6.629995
14.95018,-8.509995
15.20018,-10.71
16.58018,-13.60999
18.20018,-16.89999
19.56018,-20.32999
20.30018,-23.59999
20.50018,-26.13
20.70018,-28.34999
20.93018,-30.97999
21.05018,-33.64
21.45018,-35.94999
22.25018,-38.41999
23.28018,-40.99999
24.15018,-42.82
25.02018,-42.84999
26.15018,-41.62
27.37018,-39.71
28.40018,-38.08999
28.82018,-37.32
28.65018,-37.12999
28.20018,-37.03999
27.90018,-36.48
27.79018,-34.91999
27.65018,-32.57
27.12018,-29.54999
26.25018,-26.2
24.99018,-22.39999
23.65018,-18.13
22.39018,-13.37
21.50018,-8.749995
21.17018,-5.249995
21.10018,-3.059995
20.87018,-2.119995
20.35018,-1.409995
19.75018,-0.2599951
19.45018,1.260005
19.77018,2.740005
20.40018,3.770005
21.12018,4.050005
21.80018,3.750005
22.18018,2.950005
22.25018,2.080005
21.75018,1.790005
20.70018,2.340005
19.50018,3.780005
18.60018,5.330005
18.17018,6.360005
18.10018,6.970005
18.20018,7.640005
18.50018,8.730004
18.87018,10.32
19.35018,12.1
19.90018,13.9
16.60018,25.21
15.90018,24.59
15.10018,23.86
14.75018,22.91
14.70018,21.23001
14.66018,18.57001
14.60018,15.67
15.26018,12.84
16.40018,9.780005
17.01018,6.140005
16.20018,2.340005
14.31018,-0.8299951
12.80018,-3.199995
12.20018,-5.159995
11.40018,-7.159995
10.50018,-9.239995
10.30018,-11.59999
11.11018,-14.33
12.10018,-17.31
13.06018,-20.38
14.10018,-23.38
14.90018,-25.92999
15.30018,-27.87
15.40018,-29.67999
15.30018,-31.54999
15.15018,-32.89999
15.50018,-34.37
16.55018,-36.46999
17.90018,-38.39999
19.65018,-39.02999
21.70018,-38.53999
24.00018,-37.18999
26.40018,-35.78999
28.30018,-34.92999
29.30018,-34.71999
29.35018,-34.89999
29.30018,-34.82999
29.45018,-33.91
29.70018,-32.26999
29.64018,-29.96
29.30018,-27.21
28.49018,-23.68999
27.50018,-19.45
26.54018,-14.66999
25.80018,-10.16
25.39018,-6.829995
25.20018,-4.579995
24.90018,-3.089995
24.70018,-1.659995
24.75018,-0.06999511
25.00018,1.450005
25.30018,2.600005
25.70018,3.320005
25.90018,3.530005
26.10018,3.390005
26.30018,2.860005
26.60018,2.040005
26.65018,1.170005
26.20018,0.7800049
25.20018,1.530005
24.10018,3.080005
23.30018,4.930005
22.90018,6.590005
22.85018,8.130005
23.20018,9.710005
23.80018,11.29
24.40018,12.77
24.85018,14.26
16.95018,23
15.93018,21.92
14.60018,20.95
13.38018,20.26
12.55018,19.09
12.28018,16.84
12.55018,14.07
13.68018,11.09
14.95018,7.870005
15.08018,4.340005
13.70018,0.8200049
11.43018,-2.119995
9.400178,-4.449995
8.150178,-6.489995
7.150178,-8.659995
6.500178,-10.92999
6.250178,-13.18999
6.130178,-15.26999
6.000178,-17.32999
6.160178,-19.64999
6.450178,-22.25999
6.760178,-24.90999
6.800178,-27.14999
6.680178,-28.85999
7.000178,-30.23999
7.550178,-31.10999
8.250178,-32.16999
9.200178,-33.64999
10.70018,-34.84999
13.00018,-35.03999
16.05018,-34.55
19.62018,-33.62
23.30018,-32.75
26.32018,-32.25999
28.40018,-32.21999
29.40018,-32.41999
30.05018,-32.42999
30.67018,-31.88999
31.30018,-30.85999
31.64018,-29.10999
31.75018,-26.64999
31.62018,-23.22
31.30018,-19.17999
30.74018,-14.93999
30.25018,-11.12999
29.72018,-8.239995
29.15018,-5.829995
28.74018,-3.529995
28.75018,-1.249995
29.22018,0.6100048
29.70018,1.890005
30.05018,2.540005
30.25018,2.840005
30.42018,2.780005
30.35018,2.500005
29.82018,2.260005
29.50018,2.050005
29.83018,1.570005
30.30018,0.8200049
30.07018,0.4800049
29.25018,1.140005
28.32018,2.990005
27.75018,5.230005
27.59018,7.520005
28.00018,9.710005
28.97018,11.72001
30.10018,13.58
31.20018,15.31
16.80018,20.47001
16.00018,19.76
14.80018,18.81001
12.95018,17.90001
11.10018,16.69
10.20018,14.76
10.70018,12.44
12.46018,9.760005
14.20018,6.590005
14.11018,2.820005
12.50018,-1.049995
9.810178,-4.199995
7.100178,-6.429995
4.700178,-8.159995
2.900178,-10.16
2.400178,-12.46999
2.500178,-14.5
2.250178,-15.75
1.000178,-16.77999
-0.3998218,-18.40999
-1.399822,-20.50999
-1.899822,-22.72999
-2.199822,-24.50999
-2.549822,-25.63999
-2.399822,-26.43999
-1.349822,-26.84999
0.2001782,-27.24999
2.300178,-27.75999
4.900178,-28.21
8.100178,-28.27999
12.00018,-28.16999
16.10018,-27.96999
20.20018,-27.73999
23.65018,-27.57999
26.40018,-27.58999
28.45018,-27.7
30.40018,-27.76999
32.30018,-27.71999
33.80018,-27.45
34.80018,-26.54
35.50018,-24.81999
35.79018,-22.01999
35.70018,-18.66999
35.09018,-15.12
34.50018,-11.85999
33.99018,-9.179995
33.50018,-6.639995
33.14018,-4.019995
33.20018,-1.549995
33.65018,0.3100049
33.90018,1.580005
33.85018,2.290005
34.10018,2.620005
34.55018,2.390005
34.60018,1.930005
33.55018,1.840005
32.40018,2.270005
32.25018,2.670005
33.00018,2.340005
33.20018,1.510005
32.70018,1.400005
32.29018,2.880005
32.80018,5.270005
33.99018,7.900005
35.50018,10.22001
36.79018,12.33
37.80018,14.49
38.69018,16.68
15.80018,19.55
15.53018,19.78
15.05018,18.98001
13.50018,17.42
11.30018,15.4
9.500178,13.03
9.250178,10.86
11.03018,8.870005
13.00018,6.340005
13.46018,2.420005
12.25018,-2.429995
9.730178,-6.809995
6.550178,-9.529995
3.100178,-10.67
0.4001782,-12.04999
-0.4398218,-14.5
-0.3998218,-16.98999
-1.099822,-18.15999
-3.149822,-18.49999
-5.249822,-19.14
-6.549822,-20.31999
-7.149822,-21.72999
-7.549821,-22.57999
-7.799821,-22.73999
-7.199821,-22.65999
-5.699821,-22.26999
-3.599822,-21.79
-0.9798217,-21.41999
1.900178,-21.13
5.220178,-20.80999
8.850178,-20.48999
12.67018,-20.2
16.50018,-19.99999
20.32018,-19.97999
24.10018,-20.25999
27.73018,-20.81999
31.45018,-21.64999
35.00018,-22.73999
37.80018,-23.83999
39.45018,-24.2
40.40018,-23.42999
40.59018,-21.08999
40.25018,-17.92999
39.64018,-14.5
39.55018,-11.31999
39.87018,-8.879995
40.00018,-6.879995
39.72018,-4.909995
39.40018,-2.849995
39.07018,-0.8099951
38.70018,0.9900048
38.65018,2.070005
39.00018,2.370005
39.55018,2.020005
39.45018,1.580005
38.10018,1.710005
36.60018,2.440005
36.22018,3.170005
36.60018,3.310005
36.62018,3.070005
36.25018,3.420005
36.59018,5.070005
38.35018,7.440005
41.12017,9.930005
43.55017,12.09
44.44017,14.07
44.55017,16.18
44.79018,18.62
14.00018,19.87
14.20018,20.46
14.30018,19.7
13.70018,18.06001
12.30018,15.77
10.26018,12.78
8.900178,10.05
9.700178,8.190004
11.30018,6.240005
12.26018,2.670005
12.00018,-2.739995
10.21018,-8.799994
7.200178,-13.04
3.450178,-14.18999
0.1001782,-14.66999
-1.599822,-16.48999
-2.099822,-18.93999
-3.499822,-19.98999
-6.599822,-20.02999
-9.149821,-20.58999
-10.49982,-21.68999
-10.94982,-22.76999
-10.99982,-22.91999
-10.44982,-21.97
-9.499822,-20.64999
-8.249822,-18.96
-6.599822,-17.43999
-4.449821,-15.97999
-1.899822,-14.37
1.500178,-13.12999
5.400178,-12.17999
9.550178,-11.26999
14.10018,-10.63
18.95018,-10.60999
23.90018,-11.16
28.95018,-12.30999
33.90018,-13.97999
38.60018,-16.18999
42.20018,-18.50999
44.25018,-19.96
45.60017,-20.04
46.29018,-18.39
46.20018,-15.97999
45.89017,-13.29999
46.30017,-10.87
47.15017,-9.349995
47.00018,-8.229995
45.84018,-6.589995
44.50018,-4.189995
43.64017,-1.139995
43.50018,1.520005
44.35017,2.650005
45.20018,2.580005
45.40017,1.890005
44.60017,1.330005
43.05017,1.390005
41.80017,1.820005
41.70018,2.160005
42.00018,2.300005
41.85017,2.800005
41.40017,4.040005
41.89017,6.130005
43.70018,8.450005
46.39017,10.55
48.20018,12.44
48.49017,14.62
48.60017,17.37
49.74017,20.76
12.10018,19.12
12.80018,19.31001
13.05018,18.7
12.93018,18.02
12.60018,16.79
11.43018,13.99
10.05018,10.53
9.750178,7.580005
10.35018,5.140005
11.08018,2.140005
11.40018,-2.559995
10.79018,-9.349995
9.000178,-15.55999
5.730178,-17.97999
2.050178,-17.88
-0.6998218,-17.93999
-2.399822,-18.92999
-4.299822,-18.98999
-7.399822,-18.35999
-9.969822,-18.99999
-11.39982,-20.22999
-12.27982,-20.60999
-12.74982,-19.72
-12.79982,-18.01999
-12.49982,-15.83
-11.22982,-13.39999
-9.349822,-11.31999
-6.529821,-8.949995
-2.649822,-6.619995
2.000178,-4.979995
7.050178,-3.439995
12.77018,-1.859995
18.90018,-0.7999951
25.17018,-0.6499951
31.20018,-1.329995
36.70018,-2.859995
41.85017,-5.019995
46.36018,-7.819995
49.85017,-10.93999
51.70018,-13.66
52.75018,-15.37999
53.22017,-15.64999
52.75018,-15.05999
51.62017,-13.75
51.25018,-12.30999
51.05017,-11.21999
49.70018,-9.929995
47.69017,-7.479995
46.45018,-4.099995
46.42017,-0.6899951
47.10017,1.720005
48.42017,2.610005
49.70018,2.350005
49.80017,1.500005
48.85017,0.8900049
47.42017,0.8900049
46.50018,1.180005
46.67017,1.470005
47.20018,1.710005
47.10017,2.340005
46.55017,3.730005
47.12017,6.190005
49.40017,8.880005
52.05017,10.87
53.35017,12.57
53.44017,15.47
54.55017,19.65001
57.34018,23.87
11.40018,17.33
12.75018,17.72001
13.10018,17.66
12.60018,17.65001
12.30018,17.15001
12.11018,14.85
11.60018,11.18001
11.21018,7.100005
11.10018,3.500005
11.11018,0.4600049
11.20018,-3.159995
11.26018,-9.309995
10.70018,-16.65999
8.600178,-21.05
5.400178,-21.37
2.000178,-19.97
-0.7998217,-19.67999
-3.049822,-19.30999
-5.299822,-17.95
-7.049822,-17.39999
-8.399821,-17.73999
-9.249822,-17.58999
-10.09982,-16.37
-11.09982,-14.25
-10.89982,-11.83999
-9.499822,-9.539995
-7.399822,-6.509995
-3.209822,-2.539995
1.900178,0.5500049
7.540178,2.920005
14.00018,5.630005
21.50018,7.980005
29.50018,9.290005
37.25018,9.100005
44.20018,7.720005
50.15017,5.260005
55.30017,2.140005
59.51017,-1.399995
62.70018,-5.159995
64.16017,-8.919995
64.40018,-12.21999
63.70018,-14.41999
61.70018,-15.45
58.85017,-15.09999
56.90017,-14.12999
55.25018,-12.63999
52.90017,-10.42999
50.89017,-7.389995
50.60017,-4.219995
51.24017,-1.709995
52.10017,-0.03999512
53.30017,0.5900049
54.40017,0.6300049
54.60017,0.4200049
54.20018,0.2700049
53.30017,0.4600049
52.50018,1.130005
52.70018,2.220005
53.50018,3.300005
54.00018,4.390005
54.30017,5.960005
55.64017,8.540005
58.60017,11.25
61.20018,13.23
61.90017,15.3
61.49017,18.82
62.40017,22.89001
64.60017,25.42
12.25018,18.11
13.75018,19.41
14.00018,19.68
12.83018,19.01
12.30018,17.65001
12.91018,15.01
13.45018,11.32
13.48018,6.800005
13.45018,2.160005
13.06018,-1.809995
12.55018,-5.119995
12.24018,-9.729995
11.85018,-16.54
10.78018,-22.55999
9.000178,-24.40999
6.370178,-22.73999
3.600178,-21.77999
1.070178,-21.85999
-1.049822,-20.68999
-2.679822,-19.04
-4.099822,-18.56
-5.379822,-18.33999
-6.749822,-16.35999
-7.629822,-13.12
-6.949821,-10.22999
-4.829822,-6.829995
-1.549822,-1.779995
3.040178,3.810005
8.650178,8.030005
15.54018,12.07
23.25018,16.35
31.87018,18.93
40.40018,19.27
47.25018,17.39001
53.00018,14.63
58.18018,11.26
62.80017,7.420005
66.68018,3.430005
70.10017,-0.4899951
72.38017,-4.279995
73.70017,-7.899995
73.78017,-11.02999
72.60017,-13.47999
70.43018,-14.81999
68.45017,-15.30999
66.05017,-14.50999
63.15017,-12.51999
61.59018,-9.749995
61.75018,-6.919995
62.50018,-4.729995
62.90017,-3.169995
63.45018,-2.079995
64.40018,-1.199995
65.20017,-0.8299951
65.25018,-0.9099951
64.25018,-0.7099951
63.45018,0.3100049
63.82018,1.870005
64.80017,3.370005
65.42017,4.960005
66.00018,6.870005
67.30017,8.850005
68.90018,10.37
68.99017,11.97001
67.40018,14.67
65.47018,17.96
64.50018,20.06001
63.02018,20.35
12.70018,21.32
13.40018,22.68
13.20018,22.56001
12.35018,21.05
12.50018,18.78
14.16018,15.62
15.50018,11.69
16.06018,6.870005
16.10018,1.490005
15.56018,-3.699995
14.70018,-7.619995
13.91018,-10.97999
13.00018,-16.23999
12.16018,-22.77999
11.20018,-26.33999
9.850178,-25.21
8.000178,-23.71
5.950178,-23.57999
3.300178,-22.99999
-0.1998218,-22.24999
-2.899822,-22.07999
-4.759822,-20.54
-5.199821,-16.08999
-3.959822,-11.24
-1.999822,-7.449995
0.9401782,-2.549995
4.700178,4.210005
9.990178,10.97001
16.80018,16.39001
24.89018,21.87
32.60018,25.93
40.60018,26.72001
47.80017,25.02
52.26017,21.07
55.70018,16.75
58.91018,12.44
61.80017,8.180005
64.41017,4.320005
67.10017,0.8900049
69.70017,-2.079995
71.90018,-4.769995
73.45017,-7.149995
74.20017,-9.319995
74.25018,-11.22999
74.00018,-12.72999
72.80017,-13.04999
71.10017,-12.24
70.54018,-10.38999
71.30017,-8.149995
72.29018,-5.969995
73.10017,-4.139995
74.05017,-2.969995
75.20017,-2.379995
76.05017,-2.429995
75.80017,-2.699995
74.25018,-2.239995
73.10017,-0.9599951
73.45017,0.2700049
74.00018,0.9700049
73.30017,1.660005
72.40018,2.800005
72.15018,4.090005
71.50018,5.260005
68.29018,7.350005
63.70018,10.71
60.30017,13.64
57.70018,14.89
53.55017,15.4
10.80018,21.75
10.75018,22.13
10.65018,21.67
11.15018,20.53
12.60018,19
15.00018,16.63
17.25018,13.02
18.56018,7.860005
18.90018,1.910005
18.39018,-4.259995
17.50018,-9.489995
16.41018,-12.91999
15.00018,-16.64999
13.63018,-22.21
12.40018,-26.63999
11.22018,-26.75999
9.900178,-25.22999
9.050178,-24.51999
7.400178,-24.72999
2.600178,-26.05999
-1.799822,-25.96
-3.089822,-20.95
-2.049822,-11.91
0.3401782,-6.729995
2.500178,-3.959995
5.540178,1.420005
10.05018,9.110004
16.63018,17.76
25.15018,26.07
33.62018,31.84
40.20018,33.07
46.21017,30.3
51.40017,26.12
54.61018,21.23001
57.05017,16.2
58.83017,11.03
59.95018,6.180005
60.61018,2.320005
61.65017,-0.8499951
63.33017,-3.579995
64.95017,-5.879995
66.28017,-7.259995
67.30017,-7.959995
68.22018,-8.179995
69.15018,-8.149995
69.40018,-7.699995
69.10017,-7.049995
69.30017,-6.369995
70.50018,-5.539995
71.80017,-4.339995
73.00018,-3.199995
74.12017,-2.769995
74.80017,-2.809995
74.77017,-2.659995
73.95017,-2.119995
71.90018,-1.269995
70.15018,-0.5599951
69.75018,-0.5399951
69.55017,-1.039995
67.82018,-1.379995
65.50018,-0.8499951
63.85017,0.8800049
62.10017,3.060005
58.02018,5.520005
52.80017,8.290005
49.27018,10.77
46.90017,12.72001
43.97018,14.16
8.000178,19.37
8.150178,19.06001
8.700178,18.73001
10.40018,18.54
12.70018,18.26
15.25018,17.23001
18.20018,14.65
20.41018,9.660005
21.20018,3.470005
21.01018,-3.239995
20.60018,-9.759995
19.56018,-14.59999
17.80018,-18.02999
15.76018,-21.97
13.90018,-26.10999
12.40018,-27.46999
11.00018,-26.46999
11.00018,-25.7
10.90018,-27.25999
6.500178,-30.13
1.200178,-28.15999
-0.1198218,-18.50999
1.100178,-7.479995
3.050178,-3.979995
5.700178,-1.449995
11.14018,5.300005
17.80018,13.31
24.08018,22.34
31.20018,31.42
38.70018,35.8
45.20018,35.45
50.41018,32.03
54.30017,27.71
56.36018,22.98001
57.90017,18.11
58.96017,13.1
58.80017,8.320004
57.86018,4.410005
57.60017,1.070005
58.45018,-2.169995
59.40017,-4.899995
60.30017,-6.199995
61.40017,-6.569995
62.75018,-6.309995
64.00018,-5.889995
64.60017,-5.659995
64.70017,-5.789995
64.95017,-6.109995
65.40018,-6.079995
65.80017,-5.299995
66.70017,-4.389995
67.65018,-3.879995
67.70017,-3.479995
66.55017,-2.609995
65.20017,-1.549995
63.75018,-1.279995
62.20018,-1.899995
60.75018,-2.709995
59.20018,-2.929995
56.90017,-2.249995
54.30017,-0.7899951
52.40017,1.410005
50.80017,3.420005
47.85017,4.740005
44.00018,6.080005
41.14017,8.260005
39.40018,10.8
38.95018,11.9
5.850178,18.62
6.920178,18.5
8.550178,18.71
11.25018,19.06001
14.15018,18.91
16.45018,17.73001
18.90018,15.46
21.63018,11.3
23.20018,5.570005
23.21018,-1.159995
23.15018,-8.169995
22.96018,-14.55999
21.60018,-19.3
18.80018,-22.46
16.20018,-25.47
14.65018,-27.39999
13.70018,-27.48999
13.95018,-27.14999
14.05018,-28.92999
10.82018,-30.80999
6.950178,-26.55999
6.330178,-15.16
6.900178,-5.699995
8.270178,-1.709995
13.10018,4.640005
21.31018,14.2
28.60018,21.71
32.76018,28.23
36.55018,34.04
41.97018,36.59
47.50018,36.8
51.75018,35.09
54.85017,31.86
56.23018,27.32
57.25018,22.44
58.33017,17.29
57.75018,12.15
55.55017,8.060004
54.30017,5.120005
55.23018,2.930005
56.80017,1.110005
58.40017,-0.1099951
60.20018,-1.219995
61.95018,-2.649995
63.20018,-4.409995
63.40017,-6.269995
63.10017,-7.749995
62.57018,-8.069995
62.10017,-7.399995
62.02018,-6.209995
62.65017,-5.299995
63.17017,-4.989995
62.55017,-4.989995
61.00018,-5.049995
59.65017,-5.119995
58.83017,-5.719995
57.40017,-6.589995
54.85017,-6.589995
52.00018,-5.309995
49.70018,-3.319995
47.75018,-1.609995
46.10017,-0.3799951
44.40017,0.6600049
41.87017,1.680005
38.85018,3.110005
36.20018,5.110005
34.95018,6.700005
35.63018,6.520005
3.600178,19.3
5.600178,20.02
8.400178,20.90001
12.35018,21.69
16.60018,21.42
19.45018,19.21
21.20018,15.96
23.46018,11.96
25.70018,6.930005
25.96018,0.4800049
25.60018,-6.469995
25.81018,-13.33
25.40018,-19.18999
22.60018,-22.72999
19.20018,-24.98999
17.65018,-26.95
17.40018,-28.29
17.70018,-28.52999
17.60018,-28.88
16.40018,-28.02999
16.00018,-22.68999
17.09018,-13.26999
17.40018,-5.989995
18.18018,1.340005
23.00018,12.78
30.19018,22.94
35.90018,29.46
38.89018,34.86
41.50018,39.40001
44.65017,41.48
47.10017,41.55
49.65017,39.16
52.30017,35.29
53.61018,30.7
54.70018,25.8
56.36018,19.89001
56.50018,13.76
54.10017,9.480004
52.90017,7.300004
54.90017,6.460005
57.70018,5.580005
59.95018,4.310005
61.80017,2.450005
63.20018,0.09000488
64.20017,-2.279995
64.15018,-4.339995
63.40017,-5.769995
62.50018,-5.969995
61.60017,-5.389995
61.25018,-4.779995
61.20018,-4.769995
60.60017,-5.539995
59.00018,-6.689995
57.15017,-8.059995
55.70018,-9.329995
54.65017,-10.21
52.90017,-10.56999
50.15017,-9.969995
47.50018,-8.489995
45.75018,-6.809995
44.30017,-5.789995
42.25018,-5.149995
39.80018,-4.049995
37.00018,-2.279995
34.10018,-0.2099951
32.00018,1.390005
31.20018,1.770005
31.45018,1.310005
2.650178,20.54
5.170178,22.06001
8.350178,22.65
12.60018,23.69
18.20018,24.27
23.43018,22.33
26.35018,18.11
27.63018,12.71
29.20018,7.230005
29.98018,1.120005
29.35018,-5.709995
28.46018,-12.29999
28.25018,-18.05
26.75018,-21.97999
23.55018,-24.14999
21.20018,-25.51999
20.70018,-27.16999
21.45018,-28.13999
22.05018,-27.51999
22.79018,-24.42999
24.70018,-19.00999
26.71018,-11.71999
27.55018,-4.399995
28.46018,5.220005
30.85018,16.44
34.94018,25.15
38.65018,32.83001
41.12017,39.5
42.65017,43.63
42.62017,44.27
42.95018,42.91
44.98018,39.14
46.75018,34.63
47.08017,30.12
47.80017,25.29
50.03017,19.74
51.15017,14.82
50.30017,11.97001
50.50018,10.22001
52.98018,8.660005
55.55017,6.910005
57.05017,4.940005
57.80017,2.870005
58.05017,1.170005
58.20018,-0.1199951
58.43018,-1.239995
58.95018,-2.399995
59.38017,-3.489995
59.10017,-4.449995
58.23018,-5.359995
57.20018,-6.439995
55.35017,-7.659995
52.80017,-8.809995
50.65017,-10.08
49.15017,-11.39999
48.03017,-12.42
46.90017,-13.08
45.52018,-13.31999
43.85017,-12.96
42.27018,-11.95
40.45018,-10.97999
37.75018,-9.789995
34.75018,-7.979995
31.90018,-5.829995
29.30018,-3.569995
27.97018,-1.679995
27.55018,-0.8199951
26.80018,-0.6499951
5.600178,23
8.450178,24.92
11.00018,24.14001
14.35018,24.18
19.90018,25.07
26.75018,24.45
31.80018,20.97001
33.21018,14.51
33.50018,7.640005
34.26018,1.270005
34.00018,-5.389995
31.86018,-11.96999
30.40018,-17.48999
30.05018,-21.23999
28.60018,-23.26999
25.85018,-23.73999
24.10018,-24.35999
24.30018,-25.55999
25.50018,-25.46
27.24018,-21.55999
29.70018,-15.02999
32.39018,-7.159995
34.30018,1.110005
34.89018,10.17
35.20018,18.51
36.69018,27.16
38.70018,37.11
40.44018,43.87
40.90018,45.31001
38.90018,43.46
37.70018,40.77
39.21018,36.01001
40.30018,31.37
40.01018,26.9
40.70018,21.92
42.35017,17.76
43.30017,15.53
43.80017,14.42
44.80017,12.69
46.45018,10.02
47.90017,7.520005
48.75018,5.590005
49.30017,4.090005
49.70018,2.950005
50.10017,1.700005
51.15017,-0.06999511
52.80017,-2.209995
54.00018,-4.389995
54.00018,-6.389995
52.70018,-8.029995
51.00018,-9.359995
48.30017,-10.24
45.30017,-10.80999
43.10017,-11.26999
41.60017,-11.91
40.60018,-13.08
40.30018,-14.63999
39.85018,-16.12
38.70018,-16.72
37.25018,-16.14999
35.40018,-15.21999
32.35018,-13.58
29.40018,-11.10999
27.00018,-8.459995
24.70018,-5.729995
23.65018,-3.239995
23.40018,-1.889995
22.60018,-1.869995
11.90018,23.19
15.12018,25.33
17.10018,24.21
19.60018,23.16
24.50018,22.97001
30.48018,22.4
35.65018,20.23001
38.26018,15.07
38.40018,8.190004
38.13018,1.270005
38.00018,-5.239995
36.01018,-11.58
33.05018,-17.22999
32.20018,-21.15999
32.45018,-23.38999
31.37018,-23.34999
29.15018,-22.25999
27.27018,-21.65999
26.80018,-20.83999
27.99018,-17.01999
29.80018,-10.49
32.04018,-1.849995
33.50018,6.650005
32.94018,14.19
32.65018,22.25
34.16018,32.90001
35.60018,42.61
36.57018,45.22001
37.50018,44.24001
34.48018,42.05
31.80018,37.83001
33.78018,31.2
35.95018,26.42
36.23018,21.95
36.45018,17.36
36.70018,15.37
37.15018,15.18
37.73018,14.62
38.40018,13
39.45018,10.68001
40.75018,8.650004
42.48018,7.420005
44.40017,6.500005
46.13018,5.040005
47.50018,2.590005
48.53017,-0.7599951
49.30017,-4.069995
49.48018,-6.609995
48.70018,-8.469995
47.13018,-9.779995
45.40017,-10.88
43.15017,-12.02999
40.55018,-13.10999
38.20018,-13.38999
35.95018,-13.10999
33.93018,-13.35999
32.65018,-14.60999
31.78018,-16.39999
30.75018,-17.58999
29.95018,-17.54
29.00018,-16.68999
27.22018,-14.93999
25.20018,-12.80999
22.85018,-10.31999
20.50018,-7.039995
19.55018,-4.239995
19.70018,-3.299995
19.18018,-4.219995
20.60018,20.03
23.60018,22.41
25.10018,22.95
27.00018,22.99
31.10018,22.39001
35.15018,20.40001
38.50018,17.59
41.36018,13.53
42.40017,7.870005
41.41018,1.120005
40.50018,-5.269995
39.01018,-10.96
36.10018,-16.14
34.30018,-20.41999
34.80018,-23.60999
35.75018,-24.33999
34.80018,-22.65999
31.50018,-19.72
28.20018,-16.72999
26.29018,-12.92999
25.50018,-7.269995
25.94018,1.410005
26.50018,9.790005
26.64018,16.99
27.90018,26.4
30.09018,36.94
31.00018,43.25
31.35018,43.17001
32.30018,41.83001
30.16018,39.12
27.90018,32.40001
30.51018,25.42
33.40018,21.49
33.51018,17.48001
33.00018,14.1
32.65018,14.5
32.90018,15.71
33.45018,15.58
34.60018,14.35
36.65018,12.43001
38.80018,10.72001
40.60018,9.510005
42.30017,8.130005
43.85017,5.820005
45.00018,2.590005
45.10017,-1.279995
44.60017,-4.979995
43.75018,-7.809995
42.50018,-9.699995
41.45018,-10.68999
40.80018,-11.68999
39.75018,-13.66999
38.00018,-16.14
35.35018,-17.2
32.00018,-16.29
28.20018,-14.54999
25.20018,-14.00999
23.35018,-15.12999
22.50018,-16.25999
22.85018,-16.21
23.50018,-15.39999
23.15018,-14.68999
21.40018,-14.14999
18.55018,-11.77999
16.30018,-7.719995
16.15018,-5.199995
16.70018,-5.489995
15.90018,-7.499995
32.65018,17.83
34.60018,21.22001
35.30018,23.77
35.25018,24.34
36.75018,23.08
38.63018,19.99
40.20018,16.07001
42.36018,11.72001
43.85017,6.750005
43.16018,0.8600048
41.40017,-5.109995
39.63018,-10.24
37.60018,-14.42999
36.03018,-18.06999
36.20018,-21.83999
37.78018,-24.68999
38.55018,-25.18999
36.49018,-22.39999
32.55018,-18.31999
27.09018,-14.01999
22.30018,-7.769995
20.49018,1.730005
20.50018,10.17
21.69018,18.65001
24.05018,30.01
26.04018,38.65001
26.30018,41.61
26.18018,40.72001
27.55018,38.71
27.91018,33.78
27.20018,26.01
28.43018,19.89001
29.95018,16.61
29.23018,14.42
28.80018,13.56
28.75018,15.44
29.05018,16.78
30.27018,16.89001
32.70018,16.31001
35.00018,15.03
35.85018,13.52
35.90018,11.36
36.20018,8.420005
37.08018,4.940005
37.95018,1.420005
37.88018,-1.969995
37.05018,-5.079995
35.98018,-7.299995
35.05018,-8.549994
34.78018,-9.039995
34.85018,-9.919995
34.63018,-12.50999
33.75018,-16.59999
31.85018,-20.04
28.45018,-20.2
23.90018,-17.33999
19.80018,-15.2
17.45018,-14.79
16.80018,-14.62
17.75018,-14.59999
18.60018,-15.12999
17.80018,-15.75
15.70018,-14.83
13.74018,-10.96999
13.10018,-7.239995
13.68018,-7.289995
13.60018,-9.359995
11.73018,-11.14999
43.00018,19.46
43.19017,24.35
42.80017,26.76
41.10017,24.92
40.30018,21.65001
40.85018,18.41
41.60017,14.79
42.70018,10.47001
43.70018,5.850005
43.26017,0.8800049
41.40017,-4.199995
39.30018,-8.739995
37.70018,-12.38999
36.95018,-15.34999
37.00018,-18.71
38.45018,-22.73999
39.80018,-25.96999
39.85018,-25.55
38.10018,-22.04
33.09018,-17.22
26.90018,-10.2
22.94018,-0.07999512
20.90018,9.110004
20.44018,19.66
21.10018,31.86
21.80018,38.04
21.60018,38.94
22.15018,36.97001
24.70018,33.28
26.76018,27.92
26.80018,21.62
26.45018,15.95
26.10018,13.01
24.70018,12.93
24.20018,14.87
24.05018,16.31001
24.60018,16.83
26.55018,17.85
28.70018,18.42
29.20018,17.35
28.50018,15.04
28.35018,11.18001
29.20018,6.650005
30.50018,2.440005
31.40018,-1.039995
30.90018,-3.419995
29.50018,-4.759995
28.15018,-5.029995
27.50018,-5.119995
27.55018,-5.799995
27.80018,-7.239995
27.75018,-10.17999
27.60018,-15.25
26.45018,-20.88
23.80018,-23.01999
19.80018,-21.02999
15.70018,-18.47
13.05018,-16.01999
12.30018,-14.13999
12.60018,-14.46
12.30018,-15.88999
11.05018,-15.52999
10.00018,-12.42
10.45018,-8.759995
11.30018,-8.259995
10.95018,-10.95
9.100178,-12.68999
6.150178,-12.31999
45.80017,24.79
45.45018,28.1
45.00018,27.21
43.20018,23.03
41.90017,18.94
42.05017,15.92
42.35017,12.72001
42.20018,8.750005
41.85017,4.710005
40.93018,0.8000048
39.45018,-3.149995
38.15018,-6.729995
37.65018,-9.859995
37.55018,-12.79
37.50018,-15.81999
38.33018,-19.26999
39.35018,-23.13999
39.73018,-25.39999
39.90018,-24.13
38.77018,-19.68999
36.30018,-13.41999
33.01018,-4.699995
29.25018,4.260005
24.89018,15.52
20.80018,27.68
18.75018,33.14
18.35018,33.61
19.83018,31.42
22.95018,27.41
24.23018,23.04
23.60018,18.17
23.00018,14.03
21.80018,12.88
20.50018,14.66
19.85018,16.88
19.77018,16.62
21.05018,18.34
22.10018,20.84
22.10018,20.69
21.88018,17.64001
22.40018,13.8
23.83018,9.110004
25.70018,4.490005
27.03018,0.7300048
27.10018,-2.429995
25.25018,-4.199995
22.65018,-4.339995
21.17018,-3.679995
21.05018,-3.999995
21.48018,-5.869995
21.55018,-8.169995
21.38018,-11.06999
21.35018,-15.88999
20.43018,-21.79
18.20018,-25.12
15.17018,-24.65999
11.95018,-21.96
9.640178,-17.41999
8.450178,-13.97999
7.700178,-13.81999
6.950178,-14.29
6.670178,-12.55999
7.400178,-9.979995
8.800178,-9.939995
8.850178,-12.45
6.450178,-14
3.500178,-12.85999
1.570178,-10.92999
45.10017,28.15
45.80017,27.41
46.00018,24.09
44.60017,20.26
43.10017,16.95
42.60017,13.84
42.10017,10.43001
40.80018,6.690005
39.10018,3.160005
37.35018,0.1100049
36.10018,-2.799995
35.95018,-5.369995
36.90018,-7.609995
38.05018,-10.04999
38.30018,-12.84999
38.35018,-15.70999
39.00018,-19.05
39.20018,-22.68999
38.90018,-23.68999
39.94018,-20.25999
41.80017,-15.16
42.14017,-8.879995
39.50018,-2.039995
32.59018,7.430005
23.60018,18.86
17.65018,25.53
16.40018,26.73
17.75018,25.34
20.10018,22.77
20.50018,19.14001
19.20018,15.12
18.45018,13.51
17.50018,14.43
16.55018,15.94
16.20018,17.84
16.85018,18.62
18.10018,22.3
17.50018,23.57
16.20018,20.48001
17.00018,16.36
19.10018,12.67
21.10018,8.430005
22.70018,4.470005
23.45018,1.360005
22.70018,-1.909995
20.10018,-4.559995
17.30018,-5.369995
16.35018,-5.289995
17.10018,-6.259995
17.75018,-8.209995
17.50018,-9.829995
16.80018,-11.34999
16.30018,-14.79999
15.46018,-21.12
13.40018,-26.60999
10.60018,-27.47999
8.600178,-24.32999
7.490178,-18.68999
6.200178,-14.21
4.800178,-13.02999
4.000178,-12.59999
4.350178,-11.5
5.400178,-11.47999
5.750178,-14.00999
4.200178,-16.27999
1.350178,-15.09999
0.1001782,-12.22999
0.6001782,-10.47999
44.75018,24.97001
45.53017,22.91
45.55017,20.33
44.65017,17.87
43.75018,15.31
42.70018,12.01
41.00018,8.480004
38.80018,5.260005
35.95018,2.360005
33.55018,-0.03999512
32.75018,-2.069995
33.50018,-3.909995
34.85018,-5.759995
36.70018,-7.959995
37.95018,-10.74
37.83018,-13.56999
38.15018,-16.10999
39.03018,-18.88
38.90018,-20.62
39.50018,-18.92999
41.85017,-15.16
44.40017,-10.45
44.65017,-5.999995
39.37018,-0.6599951
29.05018,7.510005
19.94018,15.85
16.75018,20.37
17.05018,20.8
18.20018,19.03
17.58018,15.65
15.40018,12.88
14.62018,13.09
14.30018,14.54
13.42018,15.51
12.60018,19.99
13.55018,22.9
14.40018,24.93
12.91018,22.28
12.10018,16.81001
13.73018,13.71
15.85018,11.26
17.43018,8.340005
18.40018,5.590005
18.40018,3.150005
17.55018,0.02000488
16.05018,-3.569995
14.80018,-6.049995
15.18018,-7.279995
16.60018,-8.549994
17.15018,-9.949995
16.60018,-10.7
15.47018,-10.27999
13.85018,-10.95
12.33018,-16.87
10.10018,-24.97
7.870178,-28.10999
6.700178,-25.67999
5.920178,-19.92999
4.450178,-14.45
3.050178,-12.13999
2.200178,-11.62999
2.100178,-12.22999
2.200178,-14.17999
1.130178,-16.18999
-0.6498218,-15.97999
-0.9298217,-13.37
0.4501782,-10.91
0.4701782,-9.909995
43.50018,19.6
43.90017,18.61
44.00018,16.91
43.70018,15.04
43.30017,12.95
41.85017,9.860004
39.50018,6.520005
36.45018,3.850005
32.70018,1.890005
30.35018,0.4100049
30.50018,-1.049995
31.85018,-2.689995
32.80018,-4.809995
34.15018,-7.629995
35.60018,-10.75999
35.60018,-13.49
35.60018,-15.34999
37.30018,-16.71
39.10018,-18.06
39.55018,-17.7
40.00018,-15.05999
41.60017,-11.22999
43.60017,-8.319995
42.25018,-6.809995
34.30018,-2.809995
24.09018,6.520005
18.80018,14.61
17.85018,16.5
18.20018,14.62
16.60018,11.65
13.40018,10.24
12.40018,11.21
12.00018,12.81
10.60018,14.38
9.000178,19.89001
9.350178,24.45
10.10018,23.68
9.510178,18.32001
9.700178,13.02
10.60018,10.95
11.60018,9.540005
12.70018,8.020004
13.20018,6.370005
12.50018,4.590005
11.80018,2.400005
11.80018,-0.5999951
12.50018,-3.819995
14.40018,-6.099995
16.40018,-7.769995
16.90018,-9.659995
16.70018,-11.51999
16.05018,-11.75999
13.70018,-10.87
10.56018,-14.37
8.100178,-21.88
7.200178,-27.24999
6.100178,-26.63999
4.040178,-20.12
2.700178,-12.88999
2.100178,-9.859995
1.300178,-9.709995
0.4501782,-11.99
-0.1998218,-14.87
-0.7998217,-14.74
-0.4998218,-11.76999
1.700178,-8.839995
3.600178,-7.429995
2.400178,-7.289995
40.70018,15.16
40.95018,15.58
40.40018,15.12
39.45018,13.84
38.85018,11.79
37.90018,8.410005
36.35018,4.550005
33.55018,1.700005
30.20018,0.4700049
28.98018,-0.04999512
29.75018,-1.359995
30.38018,-3.009995
30.35018,-4.829995
30.73018,-7.629995
31.60018,-10.72999
32.13018,-13.27999
32.35018,-15.34999
33.75018,-16.67999
36.10018,-17.23999
37.27018,-16.24999
36.80018,-14.13999
37.07018,-12.14999
39.10018,-10.75999
40.17018,-10.68999
35.85018,-8.989995
27.27018,-0.5199951
21.15018,8.230004
19.10018,10.64001
19.30018,9.280005
17.45018,7.290005
13.45018,6.700005
11.47018,7.690005
10.35018,9.310004
8.350178,12.28
6.000178,18.54
5.150178,22.76
6.550178,19.66
8.000178,14.13
8.500178,10.34
8.030178,8.770004
7.000178,8.250005
7.480178,7.180005
8.000178,5.460005
7.900178,4.210005
8.200178,3.400005
9.400178,1.670005
11.25018,-1.179995
13.63018,-3.539995
15.85018,-5.039995
16.48018,-6.849995
16.40018,-9.619995
16.35018,-12.66
15.35018,-14.08
12.28018,-15.45
9.300178,-20.3
7.900178,-26.41999
5.800178,-27.14999
3.090178,-19.05999
2.050178,-11.02999
1.920178,-8.719995
1.300178,-8.739995
0.6001782,-10.88999
0.5501782,-12.77999
2.020178,-10.26999
4.550178,-5.779995
6.820178,-3.219995
8.400178,-2.819995
9.830178,-3.339995
35.10018,13.68
33.20018,16.27
31.10018,17.22001
30.45018,15.48
31.10018,12.16
31.75018,7.480005
31.70018,2.620005
30.05018,-0.3799951
28.20018,-0.9799951
28.20018,-0.7899951
28.50018,-1.669995
27.45018,-2.539995
26.50018,-3.289995
26.65018,-5.689995
27.40018,-8.859995
28.40018,-11.51999
29.10018,-13.95
29.95018,-15.81999
31.30018,-16.31
32.85018,-15.02999
33.50018,-13.56999
33.95018,-13.14999
35.30018,-12.89999
36.40018,-13.45
34.30018,-13.13999
28.44018,-6.799995
22.90018,0.8500049
20.30018,4.010005
20.50018,4.030005
18.70018,3.040005
14.10018,2.750005
10.90018,3.930005
9.100178,5.800005
6.800178,9.690004
3.400178,16.66
1.650178,19.99
3.900178,16.04
7.000178,10.98
7.700178,7.940005
5.900178,7.020005
4.100178,6.800005
4.150178,5.110005
4.900178,3.200005
6.100178,2.960005
7.600178,3.560005
9.850178,2.740005
12.40018,0.2000049
14.40018,-2.129995
16.00018,-3.239995
16.70018,-4.419995
16.30018,-6.749995
15.70018,-10.72999
15.20018,-14.64999
14.55018,-16.38
13.20018,-18.65999
11.05018,-24.75999
8.200178,-27.74999
5.190178,-19.96
3.400178,-12.08
2.150178,-10.49
1.600178,-9.959995
2.150178,-9.929995
3.200178,-9.209995
5.450178,-5.409995
8.300178,-1.319995
10.55018,0.3600049
12.80018,0.3400049
17.10018,0.3100049
24.60018,16.61
22.57018,19.29
22.15018,18.79
23.35018,15.39
25.20018,10.84
26.38018,5.720005
26.30018,1.190005
25.48018,-1.129995
24.90018,-1.359995
24.90018,-0.9799951
24.20018,-1.029995
22.97018,-0.9499951
22.70018,-1.479995
23.35018,-3.949995
23.95018,-7.059995
24.53018,-9.329995
25.00018,-11.17999
25.53018,-12.89999
26.45018,-14.01999
28.17018,-13.75999
30.00018,-12.87
31.50018,-12.43999
32.80018,-12.83999
33.53018,-14.99
32.35018,-16.62
28.67018,-12.29
24.70018,-5.339995
22.57018,-1.209995
22.30018,-0.1699951
19.78018,-0.8899951
14.55018,-1.159995
10.47018,0.5500049
8.600178,2.740005
6.800178,6.150005
3.100178,12.87
1.270178,16.65001
3.300178,14.32
5.730178,10.68001
6.300178,8.070004
4.870178,7.510005
3.600178,7.240005
3.950178,4.880005
4.900178,3.060005
6.020178,3.350005
6.750178,3.960005
9.200178,3.490005
12.75018,1.510005
14.33018,-0.7899951
15.20018,-2.179995
16.53018,-3.659995
17.75018,-5.099995
17.78018,-7.789995
17.00018,-11.91
17.15018,-14.21
17.25018,-14.43999
15.43018,-19.30999
13.10018,-26.38
10.04018,-23.40999
7.000178,-15.66999
5.050178,-12.41
4.600178,-11.00999
5.850178,-8.969995
7.400178,-5.639995
9.870178,-0.9799951
13.45018,2.460005
17.05018,3.610005
20.45018,4.020005
24.65018,5.490005
15.70018,17.82001
15.80018,18.91
17.00018,16.74
18.15018,12.98
20.10018,8.520004
20.85018,3.720005
20.30018,0.03000488
20.00018,-1.579995
20.10018,-1.839995
19.65018,-1.669995
19.00018,-1.239995
19.40018,-0.9399951
20.90018,-1.709995
22.30018,-3.559995
22.80018,-5.599995
22.85018,-7.349995
22.60018,-8.879995
22.35018,-10.42
22.60018,-11.72999
23.80018,-11.89999
25.40018,-11.09999
27.25018,-10.87
29.30018,-12.29
30.85018,-16
30.80018,-18.87
28.70018,-15.29999
26.30018,-8.579995
24.85018,-4.399995
24.10018,-3.419995
20.85018,-4.339995
15.10018,-4.529995
10.75018,-2.289995
9.300178,0.1300049
8.400178,2.740005
5.100178,8.560004
2.900178,13.71
3.800178,14.27
4.800178,12.5
4.800178,10.61
4.500178,9.800005
4.500178,9.030005
5.100178,6.690005
5.400178,4.990005
5.100178,4.300005
4.000178,2.920005
5.600178,1.800005
9.900178,0.9900048
12.25018,0.1300049
13.70018,-0.3299951
16.75018,-1.309995
20.10018,-2.639995
21.55018,-5.389995
21.90018,-8.789995
21.30018,-12.08
20.00018,-12.42
17.15018,-14.12999
14.80018,-21.96
12.25018,-25.07999
10.00018,-19.14999
9.600178,-13.31999
9.900178,-10.56999
11.05018,-7.849995
12.30018,-3.489995
14.85018,2.240005
18.90018,6.570005
22.90018,8.590005
26.10018,9.950005
28.55018,12.3
11.85018,14.78
11.48018,14.83
10.95018,12.54
10.83018,9.310004
12.75018,5.760005
14.25018,1.870005
15.05018,-1.839995
15.60018,-3.659995
15.65018,-3.539995
15.30018,-2.839995
15.70018,-1.959995
17.42018,-1.189995
19.45018,-1.009995
20.78018,-1.279995
21.60018,-2.249995
22.53018,-4.479995
23.10018,-7.159995
22.50018,-9.589994
21.70018,-11.46
21.30018,-11.96999
21.00018,-11.55999
21.35018,-11.91
23.15018,-13.64999
25.85018,-16.84999
27.35018,-19.02999
27.00018,-15.79999
26.20018,-10.49
24.92018,-7.429995
23.45018,-6.379995
20.60018,-6.789995
15.85018,-6.589995
12.05018,-4.159995
10.65018,-1.969995
10.07018,0.1700049
8.100178,5.030005
5.970178,10.19
5.100178,12.46
4.430178,12.1
3.350178,10.04
2.400178,8.210005
2.800178,7.050005
3.980178,5.390005
4.550178,4.240005
4.250178,3.920005
3.550178,2.990005
4.400178,1.250005
7.950178,0.6900049
11.47018,2.480005
14.45018,4.960005
17.75018,4.660005
20.40018,1.190005
22.08018,-2.819995
23.60018,-5.219995
23.28018,-9.989995
21.75018,-13.62
18.00018,-14.91
14.55018,-18.89999
12.08018,-23.2
11.00018,-20.62
12.80018,-14.7
14.90018,-11.06999
16.35018,-8.539995
17.00018,-4.419995
17.92018,1.930005
19.80018,7.690005
22.07018,11.12
24.30018,13.54
27.10018,16.41
11.50018,12
10.05018,11.53
8.700178,9.590005
7.550178,6.210005
7.300178,2.840005
8.950178,0.2900049
11.80018,-2.979995
12.70018,-5.399995
12.50018,-5.129995
12.90018,-3.729995
14.10018,-2.239995
15.40018,-0.5399951
16.10018,0.9500049
16.45018,1.670005
17.20018,1.080005
19.45018,-1.229995
22.00018,-4.239995
22.80018,-7.289995
22.40018,-10.08
21.25018,-11.66
19.20018,-12.17
17.25018,-13.34999
17.10018,-15.58
19.45018,-17.97
22.00018,-18.77999
23.40018,-15.89999
23.90018,-12.18999
22.70018,-9.779995
21.10018,-8.199995
19.45018,-8.089995
16.50018,-7.519995
13.40018,-4.909995
12.10018,-3.629995
12.30018,-2.819995
12.00018,1.220005
10.00018,5.720005
7.200178,7.960005
4.450178,8.530005
2.100178,7.250005
0.3501782,5.230005
0.2001782,4.020005
1.900178,3.290005
3.900178,3.490005
5.950178,6.140005
7.100178,8.890005
7.750178,9.000005
9.300178,7.820005
11.65018,8.240005
13.70018,10.35
15.70018,8.730004
18.10018,4.310005
20.70018,0.9900048
22.40018,-1.819995
22.90018,-7.479995
23.30018,-13.10999
21.90018,-16.55
19.10018,-19.05999
15.80018,-21.87
13.00018,-20.39999
13.70018,-15.04
16.70018,-11.26999
19.20018,-8.659995
20.20018,-4.429995
19.80018,1.830005
19.50018,7.650005
20.50018,11.23
23.00018,14.34
27.40018,18.15001
11.55018,11.32
10.05018,10.57
9.350178,8.760005
8.330178,4.910005
6.250178,0.6300049
6.700178,-1.209995
9.600178,-2.309995
10.98018,-3.579995
12.00018,-3.829995
13.85018,-3.129995
15.60018,-1.919995
15.95018,-0.1599951
15.35018,1.490005
15.07018,2.000005
15.45018,1.200005
17.30018,-0.5599951
20.15018,-2.379995
22.18018,-4.299995
23.10018,-6.609995
22.85018,-8.609995
21.65018,-9.779995
19.55018,-11.46999
17.65018,-14.33999
17.70018,-16.59999
19.30018,-16.50999
20.87018,-14.02999
21.10018,-11.64999
19.90018,-9.919995
18.90018,-8.579995
18.32018,-8.399995
16.00018,-7.489995
12.52018,-4.519995
12.25018,-3.609995
13.52018,-3.399995
13.60018,-0.05999511
12.22018,2.770005
9.100178,3.440005
4.920178,4.470005
1.450178,5.020005
-0.09982178,4.240005
-0.04982178,3.710005
2.150178,4.400005
5.450178,6.300005
8.700178,10.14001
9.750178,14.37
8.270178,15.44
7.800178,13.94
9.220178,12.49
10.25018,12.2
12.03018,9.670005
16.25018,7.340005
20.08018,4.550005
22.10018,0.7200049
22.38018,-3.719995
23.25018,-9.569995
24.40018,-14.47999
24.40018,-18.35999
23.20018,-21.89
18.95018,-21.89999
16.05018,-16.37
16.85018,-10.71
18.92018,-5.949995
20.15018,-1.239995
20.42018,3.710005
20.45018,8.350005
21.57018,11.88
24.50018,15.8
28.65018,19.62
9.100178,10.46
8.350178,9.090005
7.800178,6.820005
7.850178,3.650005
7.400178,0.1000049
8.200178,-1.219995
10.40018,-0.3599951
12.40018,0.6700048
14.80018,1.050005
17.45018,1.350005
19.60018,1.840005
19.95018,2.220005
19.10018,2.140005
18.75018,1.210005
18.80018,-0.3299951
19.45018,-1.999995
20.90018,-3.149995
22.75018,-4.079995
24.10018,-5.519995
24.45018,-7.279995
24.60018,-8.669995
24.50018,-9.919995
23.50018,-11.75
22.60018,-13.21
22.80018,-12.91999
23.00018,-11.58999
21.70018,-10.87
19.75018,-10.55999
18.50018,-9.899995
17.60018,-9.019995
14.90018,-7.819995
10.80018,-5.839995
9.500178,-4.499995
8.100178,-2.239995
7.000178,0.9600049
8.500178,1.220005
8.100178,0.1500049
4.900178,1.520005
2.200178,3.820005
2.050178,4.830005
3.100178,5.580005
4.800178,7.240005
7.100178,9.250005
9.100178,11.63
9.000178,13.81
6.800178,14.26
5.900178,13.91
8.300178,13.86
10.60018,13.9
12.50018,12.72001
16.10018,10.59
18.85018,6.420005
20.60018,2.810005
20.85018,-0.8299951
21.70018,-7.459995
22.60018,-13.04999
23.50018,-17.13
25.65018,-19.92999
24.70018,-22.62
21.10018,-19.15999
19.20018,-12
19.05018,-4.719995
19.50018,0.05000488
20.50018,3.470005
21.90018,7.710005
23.85018,12.43001
26.40018,17.21
29.20018,19.89001
5.900178,8.630005
5.930178,6.710005
5.450178,4.480005
5.750178,3.260005
7.250178,2.410005
9.750178,2.330005
12.45018,3.180005
14.77018,4.240005
17.00018,4.920005
19.20018,5.290005
21.10018,5.090005
21.95018,3.620005
22.05018,1.300005
22.35018,-0.9699951
22.65018,-2.809995
22.53018,-4.189995
22.80018,-5.139995
24.03018,-6.019995
25.20018,-7.219995
25.38018,-8.739995
25.60018,-10.31999
26.20018,-11.35999
26.35018,-12.04
26.35018,-12.42999
26.60018,-12.25999
26.15018,-11.89999
24.45018,-12
22.27018,-12.66
20.00018,-12.75
18.00018,-11
16.10018,-9.379995
13.10018,-9.569995
9.650178,-9.329995
4.620178,-5.739995
2.600178,-2.029995
5.220178,-1.539995
6.900178,-1.899995
6.170178,4.8828124e-06
5.100178,2.980005
6.050178,5.000005
7.550178,6.660005
8.150178,8.450005
8.200178,9.660005
8.920178,11
9.500178,12.59
8.500178,13.75
7.500178,14.61
9.470178,15.31
12.40018,15.78
13.38018,14.33
14.05018,11.28
15.28018,7.100005
15.75018,3.400005
16.03018,0.1100049
18.40018,-6.089995
19.45018,-11.97999
19.75018,-14.96999
21.98018,-15.49
24.60018,-18.41999
24.85018,-19.37
23.30018,-14.7
21.70018,-6.359995
20.95018,-1.109995
21.47018,1.170005
23.30018,4.760005
25.85018,10.31
27.85018,15.39
29.52018,17.96
3.000178,6.120005
2.950178,4.260005
2.700178,3.070005
3.450178,3.440005
5.600178,4.200005
8.800178,4.560005
11.80018,4.400005
14.25018,4.110005
16.40018,4.060005
18.40018,3.860005
19.90018,2.710005
21.20018,0.1200049
22.40018,-2.689995
23.60018,-4.509995
24.10018,-5.699995
23.50018,-6.599995
23.00018,-7.259995
23.90018,-8.079995
25.10018,-9.209995
25.45018,-10.43999
25.80018,-11.87
26.20018,-13.08999
26.40018,-13.85999
26.60018,-14.16
26.90018,-14.10999
26.85018,-13.91
25.80018,-13.71999
24.20018,-14.22999
21.90018,-14.92999
19.45018,-13.59999
18.20018,-11.60999
17.25018,-12.27999
14.30018,-13.5
9.400178,-11.08999
7.200178,-7.139995
8.150178,-4.549995
9.600178,-2.929995
10.25018,-0.4499951
10.00018,2.550005
10.45018,4.460005
11.20018,5.920005
11.10018,7.530005
10.30018,8.700005
10.25018,9.540005
11.00018,11.01
10.65018,14.07
9.700178,16.79
10.20018,17.38
11.20018,15.87
11.40018,13.15
12.20018,11.77
13.25018,8.740005
12.40018,3.570005
11.95018,0.3200049
14.50018,-4.839995
16.30018,-10.63999
16.00018,-12.50999
17.15018,-12.14999
20.70018,-13.67999
24.65018,-16.81999
25.20018,-15.89999
23.85018,-8.839995
23.20018,-3.959995
23.55018,-2.109995
25.20018,1.250005
27.90018,7.400005
29.90018,12.9
31.00018,15.99
0.6001782,3.500005
0.6701782,2.650005
1.450178,2.600005
3.400178,3.400005
6.150178,4.130005
8.950178,4.230005
10.80018,4.040005
11.57018,4.150005
12.50018,4.340005
14.05018,3.490005
15.90018,1.160005
18.15018,-2.069995
20.45018,-4.509995
22.05018,-5.609995
22.65018,-6.679995
22.15018,-7.979995
21.70018,-8.809995
22.70018,-9.389995
24.15018,-10.29999
24.90018,-11.31999
25.85018,-12.33999
26.92018,-13.45
27.55018,-14.83
27.92018,-16.14
28.30018,-16.68999
28.00018,-16.46
26.65018,-15.75
24.40018,-15.13999
22.20018,-15.41
20.42018,-15.37
19.60018,-14.29
19.70018,-14.16999
18.45018,-15.18999
15.32018,-14.08
13.45018,-10.67999
13.80018,-7.179995
15.00018,-4.379995
15.65018,-1.319995
15.45018,1.690005
15.32018,3.570005
14.85018,4.850005
13.85018,6.140005
12.95018,7.420005
12.97018,8.130005
13.65018,9.440004
12.42018,13.68
10.85018,18.06001
9.470178,18.63
8.300178,15.21
9.200178,12.87
11.15018,13.38
12.03018,9.550005
10.80018,4.290005
9.600178,0.7900048
10.70018,-4.119995
12.65018,-9.379995
13.35018,-12.04999
14.62018,-12.67
17.20018,-13.31999
20.40018,-15.20999
22.55018,-14.76999
23.77018,-9.679995
25.00018,-4.839995
26.07018,-0.7099951
27.60018,3.890005
29.80018,8.840005
31.45018,12.45
30.62018,13.99
-0.5998217,2.410005
0.1501782,2.810005
1.800178,3.150005
4.150178,3.720005
6.700178,4.590005
7.900178,5.570005
6.900178,6.590005
4.950178,7.490005
4.300178,7.790005
5.600178,6.560005
8.200178,4.080005
11.85018,1.100005
15.40018,-1.309995
17.85018,-3.089995
19.20018,-5.069995
19.70018,-7.119995
20.00018,-8.269995
20.80018,-8.519995
21.90018,-8.989995
22.65018,-9.959995
23.70018,-10.91
25.05018,-11.88999
26.40018,-13.47999
27.80018,-15.72999
29.10018,-17.27999
29.40018,-17.60999
28.10018,-17.21
25.30018,-16.25999
22.60018,-15.76999
21.25018,-15.92999
20.80018,-15.63999
21.05018,-15.14999
20.70018,-15.51999
18.90018,-15.37999
17.80018,-13.34999
18.45018,-10.21999
19.40018,-7.069995
19.70018,-3.769995
19.60018,-0.7299951
19.30018,1.740005
18.20018,3.830005
16.40018,5.140005
15.00018,6.230005
15.70018,7.270005
16.80018,9.050005
14.05018,13.04
11.50018,16.78
8.300178,18.1
6.600178,15.46
7.000178,14.22001
8.700178,13.38
9.950178,8.920005
9.200178,4.960005
6.750178,1.250005
5.800178,-3.249995
7.150178,-6.559995
9.100178,-9.249995
12.35018,-11.22999
15.40018,-11.96999
17.80018,-11.92
20.40018,-9.969995
22.75018,-5.019995
24.10018,0.7100049
25.20018,5.810005
26.60018,9.100005
27.35018,10.22001
26.90018,10.6
24.30018,11.8
-0.5498218,2.980005
0.5501782,4.100005
1.350178,4.490005
2.070178,4.780005
3.150178,5.660005
2.570178,7.100005
0.00017822265,8.400004
-1.729822,9.070004
-1.499822,9.360004
0.3701782,9.230004
3.300178,8.510005
7.420178,6.640005
11.60018,3.960005
14.65018,1.130005
16.55018,-1.459995
17.37018,-3.329995
17.85018,-4.349995
18.42018,-4.769995
18.90018,-5.489995
19.10018,-6.859995
19.25018,-8.269995
19.77018,-9.389995
20.70018,-10.79999
22.57018,-13.04999
24.95018,-15.16999
27.02018,-16.22999
27.75018,-16.64
26.47018,-16.39999
24.60018,-15.80999
23.40018,-15.5
22.70018,-15.37
22.12018,-14.76999
21.60018,-14.5
20.87018,-14.75999
20.55018,-14.14999
21.13018,-12.12999
21.80018,-9.629995
22.05018,-6.779995
22.00018,-3.909995
21.58018,-0.8599951
20.40018,2.250005
18.62018,4.060005
17.20018,4.860005
17.67018,6.230005
18.05018,8.970005
14.73018,12.35
12.95018,14.74
9.120178,17.21
6.950178,15.83
6.020178,13.67
7.000178,10.84
8.570178,8.040005
7.950178,5.520005
4.520178,1.960005
2.050178,-1.679995
2.370178,-3.139995
4.250178,-4.529995
7.250178,-6.459995
9.800178,-6.949995
11.75018,-5.729995
14.00018,-3.219995
16.18018,0.3600049
17.40018,3.760005
18.22018,6.010005
18.65018,7.040005
17.90018,7.780005
16.85018,9.370005
16.23018,12.92
0.1001782,3.350005
1.000178,4.550005
0.00017822265,5.310005
-1.299822,5.880005
-0.8998218,6.660005
-1.249822,7.710005
-2.799822,8.720005
-2.999822,9.630005
-1.899822,10.83
-0.1498218,12.23
2.100178,12.91
5.100178,11.8
7.600178,9.790005
9.200178,7.020005
11.40018,3.400005
13.80018,0.3700049
15.60018,-1.589995
16.60018,-3.009995
16.90018,-4.389995
16.90018,-5.899995
16.90018,-7.309995
16.95018,-8.359995
17.40018,-9.439995
18.40018,-11.24
19.90018,-13.34999
22.15018,-14.99
24.20018,-15.96999
25.05018,-15.96999
25.00018,-15.16
24.95018,-14.67999
24.60018,-14.91
23.35018,-14.62
22.40018,-13.92999
22.40018,-13.81999
22.60018,-13.54
22.95018,-12.31999
23.50018,-10.68999
23.70018,-8.529995
23.60018,-5.969995
23.05018,-2.979995
21.80018,0.4500049
21.00018,2.890005
20.10018,3.660005
18.90018,4.460005
17.20018,7.150005
14.60018,10.35
13.90018,12.67
10.55018,16.1
8.700178,15.7
6.300178,11.51
6.100178,6.970005
7.700178,5.890005
7.300178,4.380005
4.900178,2.370005
2.100178,-0.04999512
1.800178,-1.179995
3.300178,-2.029995
4.350178,-3.509995
4.800178,-3.979995
5.850178,-2.779995
7.800178,-0.9499951
9.600178,0.9400049
10.60018,2.250005
10.20018,3.640005
9.000178,6.180005
8.300178,9.560004
8.800178,12.68001
9.400178,15.43
1.250178,3.580005
2.030178,4.490005
0.3501782,5.300005
-1.899822,6.250005
-2.099822,7.270005
-1.849822,8.380005
-2.399822,9.840005
-2.169822,11.86
-1.499822,13.95
-1.499822,15.53
-1.199822,16.23001
0.1501782,16.13
0.3001782,16.57001
-0.7998217,15.09
1.200178,9.250005
6.420178,2.660005
10.65018,-1.549995
12.40018,-3.829995
12.70018,-5.249995
13.07018,-6.089995
14.10018,-6.779995
15.30018,-7.439995
16.50018,-8.199995
17.20018,-9.469995
17.60018,-11.46
18.77018,-14.22999
20.65018,-16.58999
22.43018,-16.72
23.50018,-15.30999
24.40018,-14.09999
25.05018,-13.76999
24.62018,-13.75999
24.15018,-13.67999
24.25018,-13.59999
24.65018,-13.12999
25.13018,-12.04999
25.55018,-10.7
25.30018,-8.679995
25.20018,-6.339995
24.43018,-4.139995
23.05018,-1.309995
22.98018,1.770005
22.55018,3.180005
20.25018,3.040005
18.20018,4.500005
16.95018,7.720005
15.75018,10.45
12.35018,14.93
10.25018,15.52
7.050178,9.670005
6.000178,4.500005
7.250178,3.930005
7.350178,2.630005
6.120178,1.980005
4.200178,1.090005
4.150178,0.4200049
5.500178,-0.3499951
4.950178,-2.209995
3.750178,-3.229995
4.800178,-2.059995
6.500178,-0.4099951
6.880178,0.9900048
5.650178,2.460005
3.030178,5.710005
1.500178,10.62
1.650178,14.03
1.350178,15.15
0.6001782,16.43
1.800178,4.420005
2.800178,5.330005
1.900178,5.630005
-0.7998217,6.070005
-2.199822,7.110005
-2.199822,8.690004
-2.199822,10.79
-2.049822,13.58
-2.299822,16.23001
-4.099822,17.82001
-5.399822,18.33
-3.949822,18.52
-3.099822,20.11
-5.749822,19.83
-6.199821,13.3
-0.7498218,4.470005
4.800178,-1.259995
7.000178,-3.769995
7.400178,-4.489995
8.000178,-3.719995
9.700178,-3.019995
12.00018,-3.619995
14.30018,-4.999995
16.20018,-6.529995
17.30018,-8.379995
18.00018,-11.76999
19.40018,-15.60999
21.60018,-17.02999
23.40018,-16.06
24.35018,-14.09999
24.90018,-12.46
25.30018,-11.96999
25.60018,-12.38999
25.70018,-12.79999
25.90018,-12.59999
27.05018,-11.97999
27.90018,-11.08999
27.50018,-9.139995
27.30018,-6.619995
26.75018,-4.839995
25.10018,-2.939995
24.65018,0.09000488
24.30018,2.460005
22.80018,2.820005
22.00018,3.880005
20.70018,6.860005
18.40018,9.490005
13.70018,14.12
9.700178,13.43
7.600178,7.500005
6.600178,3.330005
7.600178,2.870005
7.700178,1.260005
6.550178,0.3400049
5.200178,0.6300049
5.450178,1.140005
6.400178,0.6800049
5.100178,-1.819995
4.000178,-3.049995
5.050178,-0.8499951
5.600178,1.290005
3.750178,2.100005
0.4001782,3.620005
-2.549822,7.810005
-3.199822,13.15
-3.399822,15.56
-5.199821,15.83
-5.849822,17.87
2.000178,4.510005
2.730178,5.920005
2.600178,6.010005
0.07017822,5.660005
-2.199822,6.500005
-2.149822,8.520004
-1.999822,10.83
-2.969822,13.81
-4.399822,16.91
-6.349822,18.91
-7.449821,19.43
-5.629822,18.69
-3.549822,19.21
-6.649822,19.87
-10.69982,15.57
-7.429821,7.590005
-1.149822,1.380005
2.970178,-1.479995
4.950178,-1.389995
5.600178,1.340005
6.700178,3.430005
8.970178,2.580005
11.80018,0.09000488
14.72018,-2.639995
17.25018,-4.809995
18.77018,-7.269995
20.05018,-10.50999
21.90018,-12.95
23.80018,-13.67999
24.73018,-12.91999
24.90018,-11.91
25.50018,-11.56999
26.20018,-11.87999
25.97018,-12.2
25.85018,-12.02999
27.42018,-11.59999
28.90018,-11
28.70018,-9.329995
28.75018,-6.719995
28.93018,-4.629995
27.80018,-3.259995
26.83018,-0.9899951
26.50018,1.650005
25.28018,3.290005
24.00018,4.720005
21.35018,7.100005
18.80018,9.530005
15.60018,13.24
9.550178,10.07
8.370178,4.230005
7.900178,1.570005
8.570178,0.9600049
8.550178,-0.7699951
6.550178,-2.379995
4.900178,-1.759995
5.350178,-0.4299951
6.050178,-1.319995
5.250178,-4.229995
4.700178,-4.029995
4.530178,0.5600049
2.450178,2.750005
-1.029822,1.850005
-3.849822,2.880005
-5.349822,7.440005
-5.499822,12.74
-5.819822,15.31
-7.149822,16.43
-7.019822,18.95
3.100178,3.150005
2.700178,4.740005
2.400178,5.350005
0.00017822265,5.300005
-2.299822,6.250005
-2.099822,8.140005
-2.099822,10.21
-4.049822,13.22001
-6.099822,16.34
-7.499822,18.51
-8.499822,19.73001
-7.599822,18.91
-5.799822,18.18
-8.699821,19.02
-14.59982,17.55
-13.99982,12.32
-8.299822,6.970005
-2.499822,3.710005
1.000178,3.350005
2.200178,5.650005
3.500178,7.250005
6.100178,6.270005
9.100178,3.900005
11.80018,0.9800048
14.40018,-1.549995
16.40018,-3.369995
18.00018,-5.099995
19.65018,-6.859995
21.20018,-8.399995
22.35018,-9.569995
23.30018,-10.71999
25.00018,-11.64999
26.60018,-12
26.70018,-12
26.20018,-11.75
27.05018,-10.85999
28.10018,-9.419995
28.15018,-7.509995
28.40018,-5.289995
28.90018,-3.409995
28.30018,-2.179995
27.20018,-0.5699951
26.60018,1.310005
24.80018,3.030005
22.70018,4.720005
20.80018,7.000005
20.00018,9.720005
19.20018,12.45
11.40018,7.540005
8.650178,1.100005
9.100178,-0.1399951
9.200178,-0.9699951
8.800178,-3.029995
6.350178,-4.739995
4.200178,-4.199995
4.400178,-2.999995
5.100178,-4.589995
5.000178,-7.069995
4.500178,-4.709995
2.700178,1.290005
-1.199822,2.340005
-4.649822,0.03000488
-6.099822,1.360005
-6.899822,6.600005
-7.399822,11.84
-7.649822,14.42
-7.899822,15.87
-8.299822,18.49
4.500178,1.430005
2.830178,2.160005
1.700178,3.580005
-0.2698218,4.830005
-1.899822,6.200005
-1.699822,7.470005
-1.799822,9.050005
-3.549822,12.11
-5.599822,14.78
-7.019822,16.62
-8.499822,19.02
-9.029821,19.5
-8.049822,17.69
-9.279821,16.67
-13.89982,16.44
-15.59982,14.72
-12.64982,12.05
-8.079822,9.910005
-4.549822,8.800005
-2.029822,8.490005
0.8001782,7.950005
3.950178,6.820005
6.700178,5.400005
9.270178,3.560005
11.60018,1.390005
13.30018,-0.9299951
14.80018,-3.069995
16.12018,-4.599995
17.15018,-5.829995
18.15018,-6.889995
19.75018,-7.899995
22.12018,-8.449995
24.40018,-8.309995
25.50018,-8.219995
25.70018,-8.349995
26.13018,-7.729995
26.80018,-6.389995
27.28018,-5.129995
27.80018,-4.099995
27.78018,-2.899995
26.55018,-1.589995
25.05018,-0.2499951
24.25018,0.8800049
23.43018,2.570005
22.60018,5.110005
22.60018,7.630005
22.25018,9.720005
20.92018,10.59
13.35018,5.960005
7.520178,-1.139995
8.400178,-1.409995
8.670178,-2.829995
8.000178,-5.029995
6.300178,-6.349995
4.150178,-5.979995
3.250178,-5.379995
3.200178,-6.789995
3.700178,-7.909995
3.700178,-4.699995
1.730178,0.01000488
-2.449822,-0.1099951
-6.049822,-1.599995
-7.799821,0.8900049
-9.299822,6.020005
-10.34982,10.81
-10.44982,13.49
-10.44982,14.96
-12.19982,17.07001
