U,V
2.76,-1.599995
2.72,-1.669995
2.68,-1.739995
2.63,-1.809995
2.58,-1.879995
2.53,-1.939995
2.48,-2.009995
2.43,-2.069995
2.37,-2.139995
2.31,-2.199995
2.26,-2.259995
2.2,-2.309995
2.14,-2.369995
2.07,-2.429995
2.01,-2.479995
1.94,-2.529995
1.88,-2.579995
1.81,-2.629995
1.74,-2.679995
1.67,-2.719995
1.6,-2.759995
1.52,-2.799995
1.45,-2.839995
1.37,-2.879995
1.3,-2.919995
1.22,-2.949995
1.14,-2.979995
1.07,-3.009995
0.9899999,-3.029995
0.91,-3.059995
0.83,-3.079995
0.74,-3.099995
0.66,-3.119995
0.58,-3.139995
0.5,-3.149995
0.42,-3.159995
0.33,-3.169995
0.25,-3.179995
0.17,-3.189995
0.08,-3.189995
0,-3.189995
-0.08,-3.189995
-0.17,-3.189995
-0.25,-3.179995
-0.33,-3.169995
-0.42,-3.159995
-0.5,-3.149995
-0.58,-3.139995
-0.66,-3.119995
-0.74,-3.099995
-0.83,-3.079995
-0.91,-3.059995
-0.9899999,-3.029995
-1.07,-3.009995
-1.14,-2.979995
-1.22,-2.949995
-1.3,-2.919995
-1.37,-2.879995
-1.45,-2.839995
-1.52,-2.799995
-1.6,-2.759995
-1.67,-2.719995
-1.74,-2.679995
-1.81,-2.629995
-1.88,-2.579995
-1.94,-2.529995
-2.01,-2.479995
-2.07,-2.429995
6.45,-4.899995
6.23,-5.019995
6,-5.129995
5.73,-5.239995
5.45,-5.329995
5.23,-5.409995
5,-5.479995
4.72,-5.539995
4.5,-5.589995
4.22,-5.629995
3.95,-5.659995
3.72,-5.669995
3.5,-5.679995
3.25,-5.679995
3,-5.679995
2.77,-5.649995
2.55,-5.629995
2.3,-5.599995
2.05,-5.559995
1.85,-5.499995
1.65,-5.449995
1.42,-5.389995
1.25,-5.319995
1,-5.249995
0.8,-5.169995
0.6,-5.089995
0.4,-4.999995
0.25,-4.899995
0.05,-4.809995
-0.09999999,-4.709995
-0.25,-4.599995
-0.4,-4.489995
-0.55,-4.389995
-0.7,-4.269995
-0.85,-4.159995
-0.95,-4.039995
-1.1,-3.919995
-1.2,-3.799995
-1.35,-3.679995
-1.48,-3.559995
-1.55,-3.429995
-1.65,-3.299995
-1.75,-3.179995
-1.85,-3.039995
-1.9,-2.919995
-2,-2.779995
-2.05,-2.649995
-2.13,-2.519995
-2.2,-2.399995
-2.25,-2.259995
-2.3,-2.129995
-2.35,-1.999995
-2.35,-1.869995
-2.43,-1.739995
-2.45,-1.599995
-2.45,-1.469995
-2.5,-1.349995
-2.5,-1.209995
-2.5,-1.089995
-2.5,-0.9599951
-2.5,-0.8399951
-2.5,-0.7099951
-2.45,-0.5899951
-2.45,-0.4599951
-2.45,-0.3499951
-2.43,-0.2299951
-2.4,-0.1199951
-2.3,4.8828124e-06
10.3,-8.719995
9.849999,-8.889995
9.4,-9.029995
8.849999,-9.149995
8.4,-9.239995
7.95,-9.299994
7.4,-9.349995
6.95,-9.369995
6.5,-9.359995
6,-9.339995
5.5,-9.299994
5.05,-9.239995
4.6,-9.149995
4.15,-9.059995
3.7,-8.949995
3.3,-8.819995
2.9,-8.679995
2.45,-8.529995
2.1,-8.369995
1.7,-8.209995
1.3,-8.029995
1,-7.849995
0.6,-7.659995
0.3,-7.469995
0,-7.269995
-0.3,-7.069995
-0.6,-6.869995
-0.85,-6.669995
-1.1,-6.459995
-1.35,-6.259995
-1.6,-6.049995
-1.8,-5.839995
-2,-5.629995
-2.25,-5.429995
-2.4,-5.219995
-2.6,-5.019995
-2.8,-4.809995
-2.95,-4.609995
-3.1,-4.399995
-3.25,-4.199995
-3.3,-3.999995
-3.45,-3.799995
-3.6,-3.589995
-3.65,-3.389995
-3.8,-3.189995
-3.85,-2.989995
-3.9,-2.789995
-4,-2.589995
-4.1,-2.389995
-4.1,-2.189995
-4.2,-1.989995
-4.2,-1.789995
-4.2,-1.599995
-4.3,-1.389995
-4.3,-1.199995
-4.3,-0.9899951
-4.3,-0.7999951
-4.3,-0.5999951
-4.3,-0.3999951
-4.3,-0.1999951
-4.2,4.8828124e-06
-4.2,0.2000049
-4.2,0.4000049
-4.1,0.6000049
-4.1,0.8100049
-4,1.000005
-3.9,1.210005
-3.85,1.410005
13.9,-12.79999
13.23,-13.02999
12.55,-13.22999
11.82,-13.35999
11.1,-13.46
10.4,-13.5
9.7,-13.50999
8.95,-13.46999
8.25,-13.39999
7.52,-13.27999
6.8,-13.13999
6.12,-12.96
5.45,-12.76999
4.77,-12.54
4.2,-12.29
3.52,-12.02999
2.95,-11.75
2.37,-11.46
1.75,-11.17
1.27,-10.85999
0.75,-10.54999
0.27,-10.24
-0.2,-9.929995
-0.65,-9.609995
-1.05,-9.299994
-1.45,-8.979995
-1.85,-8.669995
-2.18,-8.359995
-2.5,-8.049994
-2.8,-7.729995
-3.1,-7.419995
-3.38,-7.109995
-3.6,-6.799995
-3.83,-6.489995
-4.05,-6.189995
-4.25,-5.869995
-4.4,-5.559995
-4.55,-5.259995
-4.7,-4.949995
-4.83,-4.639995
-4.95,-4.339995
-4.98,-4.039995
-5,-3.739995
-5.05,-3.439995
-5.1,-3.149995
-5.1,-2.859995
-5.1,-2.579995
-5.08,-2.289995
-5,-2.019995
-4.98,-1.749995
-4.9,-1.479995
-4.8,-1.219995
-4.7,-0.9699951
-4.63,-0.7199951
-4.5,-0.4799951
-4.43,-0.2399951
-4.3,4.8828124e-06
-4.2,0.2300049
-4.05,0.4500049
-3.95,0.6800049
-3.85,0.8900049
-3.7,1.110005
-3.55,1.330005
-3.43,1.540005
-3.3,1.760005
-3.18,1.970005
-3,2.190005
-2.85,2.410005
16.6,-16.74999
15.8,-17.06999
15,-17.32999
14.1,-17.50999
13.2,-17.63
12.3,-17.66999
11.4,-17.64999
10.5,-17.56
9.599999,-17.41999
8.7,-17.22
7.8,-16.97
6.9,-16.67999
6,-16.34999
5.2,-16
4.3,-15.60999
3.55,-15.2
2.8,-14.77999
2.05,-14.35999
1.3,-13.91
0.6,-13.47999
0,-13.02999
-0.6,-12.58999
-1.2,-12.14999
-1.75,-11.71
-2.2,-11.26999
-2.65,-10.83999
-3.1,-10.38999
-3.55,-9.959995
-3.9,-9.509995
-4.2,-9.059995
-4.6,-8.609995
-4.8,-8.149995
-5.1,-7.689995
-5.3,-7.219995
-5.5,-6.749995
-5.65,-6.269995
-5.8,-5.799995
-5.9,-5.319995
-6,-4.849995
-6,-4.369995
-6,-3.909995
-6,-3.449995
-5.9,-2.999995
-5.85,-2.549995
-5.7,-2.129995
-5.55,-1.699995
-5.4,-1.299995
-5.2,-0.8999951
-5,-0.5199951
-4.8,-0.1599951
-4.5,0.1900049
-4.3,0.5300049
-4,0.8500049
-3.75,1.150005
-3.5,1.430005
-3.2,1.710005
-2.9,1.960005
-2.6,2.200005
-2.3,2.430005
-2,2.640005
-1.7,2.840005
-1.4,3.020005
-1.1,3.200005
-0.85,3.360005
-0.6,3.510005
-0.3,3.660005
0,3.800005
0.2,3.940005
17.8,-19.95
16.95,-20.40999
16.1,-20.77999
15.2,-21.05999
14.25,-21.24999
13.3,-21.33999
12.4,-21.35999
11.4,-21.26999
10.4,-21.12
9.42,-20.88
8.4,-20.57999
7.4,-20.22
6.4,-19.80999
5.37,-19.33999
4.4,-18.83999
3.45,-18.31
2.5,-17.75999
1.6,-17.17999
0.75,-16.60999
-0.05,-16.01999
-0.8,-15.42999
-1.48,-14.84999
-2.1,-14.26999
-2.7,-13.66999
-3.3,-13.08
-3.75,-12.47999
-4.2,-11.87
-4.63,-11.25
-5,-10.60999
-5.35,-9.949995
-5.65,-9.289995
-5.93,-8.599995
-6.2,-7.899995
-6.35,-7.189995
-6.5,-6.479995
-6.63,-5.769995
-6.65,-5.059995
-6.68,-4.359995
-6.65,-3.669995
-6.5,-2.999995
-6.35,-2.359995
-6.2,-1.719995
-5.95,-1.129995
-5.73,-0.5499951
-5.4,-0.009995117
-5.15,0.5100049
-4.8,0.9900048
-4.53,1.460005
-4.2,1.900005
-3.85,2.310005
-3.5,2.690005
-3.1,3.060005
-2.75,3.390005
-2.38,3.710005
-2,3.990005
-1.63,4.270005
-1.25,4.520005
-0.85,4.760005
-0.5,4.970005
-0.09999999,5.160005
0.3,5.330005
0.7,5.490005
1.05,5.620005
1.47,5.740005
1.9,5.840005
2.3,5.920005
2.65,5.980005
3.07,6.040005
18.2,-21.95
17.3,-22.63
16.5,-23.21
15.6,-23.65999
14.7,-23.99999
13.75,-24.22
12.8,-24.33999
11.9,-24.34999
10.9,-24.24999
9.9,-24.05999
8.9,-23.77999
7.85,-23.40999
6.7,-22.97
5.65,-22.45
4.6,-21.87
3.45,-21.23999
2.4,-20.55999
1.4,-19.85999
0.4,-19.14
-0.45,-18.39999
-1.3,-17.65999
-2.05,-16.90999
-2.8,-16.15999
-3.4,-15.41
-4,-14.63999
-4.5,-13.85999
-5,-13.04999
-5.4,-12.21999
-5.8,-11.37
-6.15,-10.49
-6.5,-9.579995
-6.7,-8.659995
-6.9,-7.719995
-7.15,-6.769995
-7.2,-5.829995
-7.2,-4.889995
-7.2,-3.969995
-7.1,-3.069995
-6.9,-2.199995
-6.7,-1.349995
-6.4,-0.5399951
-6.05,0.2400049
-5.6,0.9900048
-5.25,1.700005
-4.8,2.390005
-4.3,3.030005
-3.8,3.630005
-3.35,4.180005
-2.9,4.680005
-2.4,5.100005
-1.9,5.470005
-1.55,5.780005
-1.1,6.040005
-0.7,6.260005
-0.3,6.450005
0.05,6.620005
0.5,6.780005
0.85,6.930005
1.3,7.060005
1.65,7.190005
2.1,7.300004
2.55,7.390005
3.1,7.470005
3.55,7.530005
3.9,7.570005
4.35,7.610005
4.8,7.640005
5.25,7.660005
18.65,-22.15999
17.78,-23.22999
16.9,-24.16999
16,-24.92999
15.1,-25.54
14.2,-25.97999
13.3,-26.29
12.4,-26.45
11.45,-26.50999
10.5,-26.42999
9.55,-26.25999
8.47,-25.96
7.4,-25.56999
6.3,-25.05999
5.2,-24.47
4.02,-23.77999
2.9,-23.00999
1.8,-22.17999
0.75,-21.30999
-0.18,-20.39999
-1.1,-19.48999
-1.85,-18.56
-2.65,-17.64
-3.33,-16.72
-3.95,-15.79
-4.53,-14.84999
-5.1,-13.88999
-5.58,-12.89999
-5.95,-11.87999
-6.38,-10.81999
-6.7,-9.739995
-6.95,-8.639995
-7.15,-7.539995
-7.25,-6.429995
-7.3,-5.339995
-7.3,-4.259995
-7.2,-3.199995
-7.05,-2.149995
-6.9,-1.129995
-6.65,-0.1099951
-6.3,0.8700049
-5.98,1.850005
-5.55,2.790005
-5.15,3.700005
-4.7,4.560005
-4.2,5.340005
-3.75,6.020005
-3.2,6.600005
-2.7,7.060005
-2.2,7.410005
-1.75,7.680005
-1.3,7.880005
-0.85,8.050005
-0.48,8.190004
-0.05,8.330005
0.4,8.490005
0.85,8.640005
1.4,8.810004
1.95,8.970005
2.52,9.120005
3.1,9.230004
3.67,9.340005
4.2,9.410005
4.72,9.470005
5.25,9.510005
5.72,9.540005
6.2,9.540005
6.7,9.540005
18.8,-21.15999
18.1,-22.66999
17.3,-24.01999
16.5,-25.13999
15.6,-26.06999
14.7,-26.76999
13.9,-27.30999
13.05,-27.66999
12.2,-27.90999
11.4,-28.00999
10.5,-28.00999
9.599999,-27.88999
8.599999,-27.64999
7.55,-27.25999
6.5,-26.74999
5.3,-26.08999
4.2,-25.29
3.05,-24.37
2,-23.37
1,-22.29
0.09999999,-21.17999
-0.75,-20.05999
-1.6,-18.92999
-2.35,-17.82999
-3,-16.73999
-3.7,-15.64999
-4.3,-14.54999
-4.9,-13.43999
-5.4,-12.29999
-5.85,-11.12999
-6.2,-9.939995
-6.5,-8.739995
-6.7,-7.539995
-6.85,-6.359995
-6.9,-5.179995
-6.9,-4.019995
-6.8,-2.879995
-6.7,-1.729995
-6.6,-0.5899951
-6.4,0.5700049
-6.2,1.750005
-6,2.950005
-5.8,4.120005
-5.5,5.240005
-5.2,6.270005
-4.8,7.150005
-4.4,7.880005
-3.95,8.430005
-3.5,8.850005
-3.05,9.130005
-2.6,9.320004
-2.15,9.470005
-1.7,9.590005
-1.25,9.720005
-0.8,9.870005
-0.3,10.07
0.3,10.3
0.9,10.55
1.5,10.82
2.15,11.08
2.8,11.31
3.4,11.52
4.1,11.69
4.7,11.82
5.2,11.92
5.8,11.99
6.4,12.02
6.9,12.01
18,-18.60999
17.8,-20.40999
17.4,-22.07999
16.78,-23.52999
16.1,-24.76999
15.4,-25.76999
14.7,-26.59999
14.03,-27.23999
13.4,-27.75999
12.73,-28.14999
12.05,-28.46
11.3,-28.63999
10.45,-28.71
9.45,-28.60999
8.4,-28.34999
7.27,-27.88
6.15,-27.22999
5.02,-26.38999
3.95,-25.39999
3.05,-24.29
2.15,-23.10999
1.32,-21.88
0.5,-20.63
-0.25,-19.39
-1.05,-18.15999
-1.78,-16.91999
-2.5,-15.67999
-3.2,-14.41
-3.8,-13.13999
-4.4,-11.83
-4.9,-10.52999
-5.3,-9.229995
-5.6,-7.949995
-5.83,-6.699995
-5.95,-5.489995
-6.08,-4.299995
-6.1,-3.119995
-6.13,-1.889995
-6.1,-0.6399951
-6.05,0.6800049
-6,2.060005
-5.88,3.460005
-5.75,4.820005
-5.65,6.070005
-5.45,7.160005
-5.2,7.980005
-4.95,8.580005
-4.7,8.950005
-4.4,9.170005
-4.13,9.300005
-3.85,9.390005
-3.45,9.510005
-3.1,9.690004
-2.7,9.970005
-2.25,10.33
-1.73,10.81
-1.15,11.33
-0.55,11.88
0.09999999,12.39
0.72,12.83
1.4,13.15
2,13.36
2.6,13.49
3.05,13.57
3.5,13.62
3.87,13.67
4.3,13.71
4.75,13.75
17.1,-15.05999
17.45,-17.05
17.5,-18.95
17.35,-20.66999
17.1,-22.2
16.7,-23.48999
16.3,-24.57999
15.95,-25.47999
15.6,-26.24999
15.15,-26.90999
14.7,-27.47999
14.05,-27.92999
13.3,-28.26999
12.3,-28.43999
11.2,-28.43999
10.1,-28.22999
8.9,-27.83999
7.85,-27.22999
6.8,-26.47999
5.8,-25.56999
5,-24.55999
4.1,-23.47
3.3,-22.30999
2.4,-21.09999
1.5,-19.84999
0.6,-18.55
-0.3,-17.21
-1.1,-15.83999
-1.9,-14.41999
-2.6,-12.99
-3.2,-11.54999
-3.75,-10.13
-4.1,-8.739995
-4.5,-7.399995
-4.8,-6.089995
-4.95,-4.799995
-5.2,-3.509995
-5.3,-2.159995
-5.4,-0.7399951
-5.5,0.7500049
-5.5,2.290005
-5.6,3.820005
-5.6,5.260005
-5.6,6.480005
-5.5,7.440005
-5.5,8.040005
-5.5,8.360004
-5.5,8.440004
-5.4,8.440004
-5.35,8.460005
-5.2,8.580005
-5,8.880005
-4.7,9.320004
-4.4,9.930005
-4,10.63
-3.55,11.4
-3,12.14
-2.5,12.81
-1.9,13.35
-1.4,13.72001
-0.8,13.93
-0.3,13.99
0.2,13.99
0.55,13.97001
0.9,13.96
1.1,13.97001
1.4,13.97001
1.7,13.95
16.45,-11.39999
16.98,-13.38999
17.45,-15.38999
17.78,-17.3
17.95,-19.07999
18.1,-20.64
18.2,-22.00999
18.25,-23.14999
18.3,-24.13999
18.3,-24.96
18.25,-25.67999
18.05,-26.27999
17.6,-26.77999
16.95,-27.13999
16.1,-27.37
15.17,-27.39999
14.1,-27.29
13.05,-26.98999
12,-26.56999
10.95,-25.99999
9.9,-25.32999
8.82,-24.54
7.7,-23.63
6.52,-22.58999
5.25,-21.41999
4.05,-20.14
2.85,-18.75999
1.77,-17.33999
0.75,-15.88999
-0.13,-14.42999
-0.9,-12.97999
-1.65,-11.52999
-2.3,-10.09999
-2.83,-8.669995
-3.35,-7.249995
-3.78,-5.809995
-4.15,-4.349995
-4.5,-2.839995
-4.8,-1.279995
-5.1,0.3400049
-5.35,1.950005
-5.63,3.480005
-5.75,4.850005
-5.95,5.930005
-6.15,6.700005
-6.25,7.070005
-6.4,7.190005
-6.6,7.160005
-6.75,7.150005
-6.88,7.330005
-6.9,7.760005
-6.8,8.490005
-6.6,9.380005
-6.25,10.37
-5.9,11.32
-5.45,12.13
-5,12.78
-4.6,13.23
-4.2,13.56
-3.73,13.76
-3.25,13.9
-2.68,14.01
-2.15,14.14
-1.75,14.28
-1.45,14.36
-1.27,14.33
-1.05,14.17
-0.6,13.93
15.7,-7.739995
16.5,-9.429995
17.3,-11.25
18,-13.14999
18.6,-15.06999
19.15,-16.91999
19.6,-18.66999
20.05,-20.25999
20.5,-21.68999
20.8,-22.93999
21.1,-24.05
21.3,-25.00999
21.3,-25.85999
21.15,-26.56999
20.9,-27.15999
20.35,-27.55
19.8,-27.77999
19,-27.80999
18.2,-27.71
17.15,-27.43999
16,-27.02999
14.65,-26.41999
13.2,-25.60999
11.65,-24.55999
10.1,-23.34999
8.599999,-21.97999
7.1,-20.54
5.85,-19.09999
4.6,-17.67999
3.5,-16.29
2.4,-14.91
1.25,-13.5
0.2,-12.04
-0.7,-10.51999
-1.6,-8.959995
-2.35,-7.369995
-3,-5.769995
-3.6,-4.139995
-4.2,-2.489995
-4.7,-0.8099951
-5.2,0.8500049
-5.75,2.410005
-6.2,3.790005
-6.55,4.830005
-6.8,5.530005
-7.05,5.810005
-7.1,5.840005
-7.25,5.770005
-7.5,5.790005
-7.65,6.160005
-7.8,6.870005
-7.9,7.970005
-7.8,9.240005
-7.6,10.48
-7.3,11.55
-6.9,12.3
-6.5,12.77
-6.1,12.99
-5.8,13.11
-5.4,13.24
-5,13.45
-4.6,13.8
-4.2,14.25
-3.95,14.72
-3.9,15.05
-3.9,15.04
-3.8,14.78
-3.25,14.43
14.75,-4.549995
15.7,-5.729995
16.7,-7.069995
17.7,-8.579995
18.7,-10.21999
19.7,-11.95
20.7,-13.72999
21.58,-15.49
22.4,-17.22999
23.1,-18.89999
23.65,-20.52999
23.98,-22.06999
24.1,-23.50999
24.05,-24.79
23.85,-25.92999
23.5,-26.87
23.1,-27.64999
22.6,-28.22999
22,-28.67999
21.22,-28.92999
20.25,-28.98999
19.05,-28.72999
17.65,-28.18999
16.12,-27.29
14.6,-26.13
13.17,-24.80999
11.85,-23.42999
10.55,-22.12
9.25,-20.84999
7.87,-19.63
6.4,-18.31999
4.77,-16.88
3.2,-15.26999
1.69,-13.5
0.4,-11.63999
-0.63,-9.799994
-1.55,-7.989995
-2.35,-6.269995
-3.1,-4.569995
-3.88,-2.869995
-4.7,-1.129995
-5.48,0.6000049
-6.2,2.250005
-6.75,3.610005
-7.15,4.600005
-7.28,5.100005
-7.25,5.270005
-7.07,5.240005
-6.95,5.240005
-6.9,5.530005
-6.95,6.200005
-7.1,7.400005
-7.2,8.840005
-7.23,10.27
-7.15,11.45
-6.93,12.19
-6.65,12.61
-6.35,12.75
-6.05,12.79
-5.8,12.92
-5.55,13.19
-5.45,13.64
-5.5,14.18
-5.85,14.66
-6.3,14.95
-6.75,14.84
-6.85,14.4
-6.42,13.86
14.1,-2.149995
15,-2.959995
15.9,-3.819995
16.9,-4.759995
17.9,-5.849995
19.15,-7.139995
20.5,-8.599995
21.9,-10.25
23.4,-12.00999
24.7,-13.87
25.8,-15.76999
26.65,-17.64999
27.2,-19.47
27.4,-21.17999
27.3,-22.74999
26.95,-24.12
26.5,-25.30999
25.9,-26.32999
25.2,-27.21
24.45,-27.92999
23.5,-28.48999
22.3,-28.80999
21,-28.89999
19.65,-28.65999
18.4,-28.16999
17.1,-27.46999
15.9,-26.65999
14.65,-25.77999
13.3,-24.83999
11.6,-23.73999
9.7,-22.42999
7.74,-20.81999
5.8,-18.95
3.94,-16.84999
2.4,-14.66
1.14,-12.50999
0.09999999,-10.47999
-0.8,-8.659995
-1.7,-6.939995
-2.55,-5.279995
-3.5,-3.549995
-4.56,-1.659995
-5.5,0.3300049
-6.35,2.230005
-6.9,3.840005
-7.15,4.840005
-7,5.350005
-6.7,5.440005
-6.3,5.400005
-6,5.490005
-5.8,5.900005
-5.85,6.870005
-6,8.240005
-6.15,9.770004
-6.3,11.13
-6.35,12.02
-6.4,12.53
-6.25,12.68001
-6.1,12.69
-5.8,12.72001
-5.5,12.89
-5.55,13.26
-5.9,13.67
-6.55,13.95
-7.4,14.01
-8.25,13.68
-8.8,12.99
-8.599999,12.15
14.85,0.6700048
15.83,0.1600049
16.85,-0.4199951
17.93,-1.099995
19.05,-1.939995
20.2,-2.979995
21.4,-4.209995
22.68,-5.639995
23.95,-7.249995
25.25,-8.999995
26.6,-10.85999
27.85,-12.81999
28.95,-14.85999
29.8,-16.93999
30.35,-18.99999
30.55,-20.90999
30.45,-22.63999
30.05,-24.05999
29.45,-25.25999
28.65,-26.21
27.65,-26.98999
26.63,-27.58999
25.5,-28.09999
24.38,-28.51999
23.25,-28.85999
22.1,-29.02999
20.75,-29.02999
19.15,-28.74999
17.25,-28.16999
14.97,-27.17999
12.7,-25.82999
10.34,-24.09999
8.2,-22.09999
6.22,-19.88
4.45,-17.52999
3.04,-15.18999
1.8,-12.93999
0.92,-10.95
0.09999999,-9.169995
-0.63,-7.579995
-1.55,-5.969995
-2.56,-4.149995
-3.65,-2.049995
-4.78,0.3000049
-5.75,2.600005
-6.28,4.410005
-6.45,5.610005
-6.28,6.040005
-5.9,6.030005
-5.55,5.840005
-5.25,5.830005
-5.2,6.360005
-5.25,7.360005
-5.35,8.790005
-5.5,10.29
-5.75,11.5
-5.95,12.25
-6.07,12.46
-6.05,12.39
-5.92,12.26
-5.6,12.21
-5.38,12.35
-5.4,12.56
-5.8,12.63
-6.6,12.42
-7.5,11.79
-8.2,10.86
-8.32,9.810004
15,3.040005
16.15,2.660005
17.4,2.230005
18.8,1.700005
20.3,1.040005
21.8,0.2000049
23.3,-0.8399951
24.65,-2.149995
26,-3.679995
27.05,-5.399995
28.1,-7.209995
29.1,-9.129995
30.1,-11.17
31.11,-13.39999
32,-15.75999
32.71,-18.21
33.1,-20.62
33.15,-22.79
32.9,-24.67999
32.35,-26.16999
31.6,-27.35999
30.7,-28.21
29.8,-28.88
28.9,-29.47999
28.1,-30.08999
27.05,-30.66999
25.7,-31.09999
23.95,-31.17999
21.7,-30.84999
19.2,-29.97999
16.6,-28.7
14.04,-27.00999
11.6,-25.04
9.34,-22.79
7.2,-20.33999
5.34,-17.76999
3.8,-15.21999
2.74,-12.92999
2,-10.96
1.4,-9.379995
0.8,-7.939995
-0.09999999,-6.389995
-1.1,-4.489995
-2.36,-2.109995
-3.6,0.5400048
-4.56,3.060005
-5.2,5.100005
-5.4,6.230005
-5.3,6.610005
-5,6.340005
-4.8,5.980005
-4.6,6.020005
-4.6,6.590005
-4.75,7.770005
-4.9,9.240005
-5.15,10.65
-5.4,11.67
-5.6,12.03
-5.8,11.97001
-5.75,11.7
-5.5,11.49
-5.15,11.44
-4.8,11.45
-4.6,11.36
-4.8,11
-5.3,10.23
-5.9,9.230004
-6.1,8.170005
15.55,5.710005
17.02,5.720005
18.7,5.650005
20.65,5.420005
22.85,4.910005
25.08,3.980005
27.35,2.640005
29.3,0.9100049
30.95,-1.059995
32.2,-3.139995
33.15,-5.259995
33.95,-7.389995
34.6,-9.539995
35.03,-11.71
35.3,-13.89999
35.43,-16.07999
35.45,-18.29
35.48,-20.58999
35.4,-22.96
35.1,-25.22
34.45,-27.26999
33.6,-28.91999
32.65,-30.21
31.75,-31.14999
30.85,-31.89999
29.95,-32.52999
28.85,-33.00999
27.35,-33.25
25.55,-33.16999
23.57,-32.66999
21.45,-31.80999
19.2,-30.49999
16.7,-28.8
13.94,-26.57999
11.15,-23.89999
8.49,-20.88
6.35,-17.77999
4.82,-14.99
3.8,-12.60999
3.15,-10.81999
2.6,-9.339995
2.05,-7.939995
1.45,-6.299995
0.59,-4.159995
-0.4,-1.619995
-1.46,1.070005
-2.4,3.540005
-3.05,5.280005
-3.45,6.290005
-3.55,6.470005
-3.5,6.260005
-3.35,6.070005
-3.25,6.220005
-3.35,6.990005
-3.55,8.190004
-3.88,9.540005
-4.25,10.66
-4.53,11.2
-4.75,11.34
-4.82,11.18001
-4.75,11
-4.47,10.9
-4.1,10.83
-3.72,10.61
-3.45,10.16
-3.35,9.390005
-3.35,8.460005
-3.2,7.620005
16.8,9.410005
18.8,9.710005
21,9.870005
23.45,9.740005
26.1,9.160005
28.65,7.920005
31,6.170005
33,4.090005
34.6,1.930005
36.05,-0.2499951
37.5,-2.509995
38.71,-4.939995
39.7,-7.459995
40.36,-9.929995
40.6,-12.26999
40.55,-14.38999
40.5,-16.39999
40.4,-18.46
40.3,-20.76999
39.91,-23.40999
39.1,-26.06999
37.85,-28.49999
36.4,-30.58999
34.95,-32.16999
33.6,-33.34999
32.25,-34.19999
30.9,-34.87999
29.45,-35.37
28.1,-35.67999
26.75,-35.73
25.4,-35.46999
23.7,-34.71999
21.6,-33.42999
18.79,-31.30999
15.6,-28.47999
12.39,-24.96
9.599999,-21.21
7.34,-17.7
5.8,-14.68999
4.69,-12.41
4,-10.56999
3.55,-8.969995
3.2,-7.309995
2.99,-5.339995
2.6,-3.079995
2.09,-0.6599951
1.4,1.680005
0.55,3.580005
-0.2,4.950005
-0.8,5.610005
-1.2,5.840005
-1.3,5.890005
-1.3,6.070005
-1.3,6.620005
-1.4,7.530005
-1.75,8.680005
-2.2,9.750005
-2.6,10.44
-2.9,10.79
-3.05,10.84
-3.1,10.81
-2.95,10.77
-2.8,10.73
-2.6,10.56
-2.4,10.19
-2.1,9.580005
-1.8,8.820004
-1.35,8.100005
17.95,13.08
20.12,13.73
22.3,14.19
24.75,14.18
27.4,13.61
30.15,12.25
32.45,10.27
34.15,7.960005
35.45,5.740005
36.93,3.720005
38.7,1.630005
40.58,-0.7799951
42.25,-3.479995
43.46,-6.299995
44.4,-9.099995
45.41,-11.92999
46.4,-14.93999
47.08,-18.04
47.25,-21.06999
46.68,-23.93999
45.6,-26.63999
44,-29.05999
42.2,-31.25999
40.25,-33.14999
38.25,-34.69999
36.18,-35.82
34.15,-36.66999
32.3,-37.39
30.55,-38.01999
28.92,-38.46999
27.4,-38.62999
25.9,-38.33999
24.3,-37.55
22.12,-35.91
19.4,-33.39
16.31,-29.81999
13.2,-25.66999
10.46,-21.45
8.2,-17.64
6.49,-14.60999
5.35,-12.12
4.62,-9.989995
4.3,-7.859995
4.19,-5.599995
4.25,-3.289995
4.34,-1.109995
4.25,0.8000048
3.92,2.290005
3.45,3.400005
2.82,4.070005
2.2,4.510005
1.67,4.850005
1.3,5.290005
1.12,5.950005
0.95,6.790005
0.75,7.760005
0.4,8.690004
-0.05,9.450005
-0.5,9.980004
-0.83,10.21
-0.95,10.27
-1.02,10.25
-1.05,10.24
-1.07,10.26
-1.05,10.24
-0.97,10.16
-0.75,10.05
-0.27,9.910005
17.8,17.69
19.7,18.78
21.5,19.33
23.7,19.09
26.4,18.16
29.2,16.32001
31.7,13.89
33.61,11.32
35.3,8.930005
37,6.670005
39.1,4.340005
41.41,1.790005
43.6,-1.149995
45.11,-4.649995
46,-8.399995
46.66,-12.08
47.6,-15.63999
48.51,-19.05999
49,-22.22999
48.85,-24.89999
48.4,-27.23999
47.7,-29.43999
46.8,-31.65999
45.35,-33.91
43.4,-36.01999
41.05,-37.66999
38.6,-38.80999
36.2,-39.48
33.8,-39.91999
31.45,-40.23
29.2,-40.39999
27.4,-40.37
25.8,-40.07999
24.2,-39.18999
22.3,-37.46
19.69,-34.41999
16.8,-30.39999
13.84,-25.75999
11.2,-21.23999
8.94,-17.41999
7.3,-14.2
6.19,-11.38999
5.5,-8.579995
5.14,-5.669995
5.2,-2.849995
5.49,-0.4999951
5.8,1.230005
6,2.210005
6,2.720005
5.8,2.930005
5.4,3.140005
4.85,3.550005
4.4,4.160005
3.95,4.980005
3.6,5.880005
3.3,6.750005
3,7.560005
2.55,8.300005
2.2,8.950005
1.8,9.310004
1.5,9.370005
1.2,9.170005
0.9,8.980004
0.65,8.970005
0.4,9.160005
0.4,9.550005
0.6,10.1
1.25,10.76
15.55,22.24
17.12,22.85
18.8,22.61
20.93,21.6
23.55,20.19
26.6,18.5
29.7,16.6
32.46,14.4
34.8,11.8
36.63,8.810004
38.3,5.710005
40.18,2.640005
42.2,-0.6099951
43.71,-4.309995
44.3,-8.199995
43.98,-11.7
43.75,-14.59999
44.51,-17.14999
45.65,-19.89
46.38,-22.72
46.65,-25.39999
47.06,-27.97999
47.45,-30.7
47.46,-33.66
46.45,-36.64
44.38,-39.21999
41.8,-41.08999
39.13,-41.93999
36.45,-42.07
33.9,-41.74999
31.45,-41.37999
29.4,-41.19999
27.7,-41.12999
26.15,-40.87
24.5,-39.98
22.44,-37.82
20.05,-34.46
17.41,-29.99999
14.75,-25.22
12.31,-20.77999
10.35,-16.83999
8.92,-13.33
7.85,-9.799994
7.14,-6.189995
6.8,-2.699995
6.77,0.09000488
6.9,2.030005
7.07,2.890005
7.25,3.080005
7.35,2.850005
7.4,2.620005
7.27,2.710005
7,3.170005
6.67,3.970005
6.3,4.860005
5.97,5.670005
5.55,6.370005
5.02,7.040005
4.55,7.750005
4.3,8.220005
4.15,8.290005
3.95,7.940005
3.65,7.510005
3.28,7.300004
2.95,7.480005
2.85,8.240005
3.1,9.370005
3.9,10.69
13.1,24.21
14.95,23.88
16.9,22.93
19.2,21.5
21.7,19.86
24.3,18.33
27,16.98001
29.85,15.52
32.6,13.48
34.36,10.5
35.3,7.050005
35.86,3.650005
36.9,0.3900049
38.21,-2.939995
38.9,-6.389995
38.36,-9.759995
37.7,-12.95
38.66,-16.16999
40.8,-19.73999
42.51,-23.57999
43.1,-27.13999
43.15,-29.92999
43.6,-32.25
44.4,-34.46999
44.8,-36.93999
44.01,-39.67999
42.3,-42.24999
39.95,-43.87
37.4,-44.33999
34.95,-43.66999
32.8,-42.66999
31.15,-41.96999
29.6,-41.69999
28.2,-41.67999
26.6,-41.35999
24.94,-40.01999
23.1,-37.5
21.04,-33.60999
18.7,-29.02999
16.34,-24.3
14.2,-19.80999
12.59,-15.60999
11.3,-11.43999
10.29,-7.259995
9.599999,-3.269995
9.09,-0.07999512
8.8,2.130005
8.65,3.110005
8.5,3.380005
8.65,3.180005
8.9,2.900005
9.15,2.810005
9.3,2.980005
9.25,3.410005
9,3.940005
8.599999,4.500005
8.099999,5.080005
7.5,5.770005
6.9,6.580005
6.55,7.220005
6.5,7.400005
6.45,7.050005
6.3,6.600005
6.1,6.400005
5.9,6.720005
5.95,7.810005
6.3,9.400004
7.25,11.17
12.8,24.66
14.73,24.65
16.65,24.26
18.68,23.3
20.7,21.77
22.48,19.84
24.15,18.01
26.1,16.61
28.35,15.14
30.33,12.73
31.3,9.300005
30.98,5.140005
30.45,1.020005
30.56,-2.589995
31.15,-5.999995
31.51,-9.729995
31.85,-13.99
32.99,-18.58999
34.5,-23.00999
35.61,-26.67999
35.75,-29.66999
35.23,-31.95
35.1,-33.71
35.93,-34.96999
37.2,-36.30999
38.23,-38.28999
38.5,-40.77999
37.5,-43.05
35.85,-44.37
34.05,-44.19999
32.7,-43.19999
31.85,-42.07999
31.05,-41.37
29.87,-41.21
28.55,-41.14
27.25,-40.51999
26.1,-38.98999
24.74,-36.07999
23.05,-32.21
20.89,-27.62
18.8,-22.82999
17.09,-18.09999
15.8,-13.47999
14.71,-8.999995
13.75,-4.759995
13.07,-1.279995
12.4,1.210005
11.82,2.390005
11.25,2.880005
10.87,3.040005
10.85,3.200005
11.27,3.400005
11.7,3.580005
12,3.600005
11.95,3.510005
11.65,3.460005
11.2,3.650005
10.57,4.330005
9.95,5.310005
9.5,6.200005
9.25,6.600005
9.03,6.400005
8.75,6.080005
8.52,6.170005
8.55,6.900005
8.95,8.430005
9.7,10.36
10.95,12.3
13.7,25.85
14.9,26.11
16.3,25.94
18.05,24.97001
19.8,23.11
20.96,20.52
21.6,18.09
22.45,16.54
23.9,15.28
25.56,13.1
26.5,9.650004
26.26,5.270005
25.3,0.9200048
24.61,-2.819995
24.6,-6.069995
25.46,-9.329995
26.6,-12.97999
27.66,-16.77999
28.4,-20.23999
28.56,-23.16999
28.3,-25.77999
28.06,-28.38999
28.1,-31.27999
28.55,-33.87
29.3,-35.8
30.6,-37.35999
31.9,-39.19999
32.55,-41.25999
32.4,-42.91999
31.8,-43.43999
31.4,-42.92999
31.5,-41.71999
31.6,-40.66
31.1,-40.17999
30.3,-40.08999
29.55,-39.98
29,-39.33999
28.34,-37.5
27.2,-34.52999
25.44,-30.29999
23.6,-25.43999
22.04,-20.45
20.9,-15.66999
19.74,-11.16
18.6,-6.839995
17.74,-3.099995
17.1,-0.3099951
16.35,1.110005
15.5,1.810005
14.55,2.310005
14,2.940005
14.25,3.650005
14.8,4.160005
15.25,4.170005
15.4,3.740005
15.3,3.040005
14.9,2.540005
14.25,2.850005
13.6,3.830005
13.2,5.020005
12.9,5.790005
12.5,5.890005
12.1,5.780005
11.75,6.070005
11.7,7.050005
12.24,8.840005
13.2,10.97001
14.5,13.06
15.65,26.72001
15.5,26.27
15.75,25.79
17.18,24.92
19.05,22.95
19.96,19.87
19.85,17.08
19.65,15.59
20.15,14.42
21.33,11.92
22,8.000005
21.53,3.690005
20.65,0.09000488
20.08,-2.699995
19.85,-5.259995
19.86,-7.809995
20.25,-10.46999
21.16,-13.38999
22.1,-16.64999
22.73,-20.16999
22.95,-23.79
23.03,-27.15999
23.4,-30.21999
23.53,-33.07999
23.15,-35.52999
23.1,-36.73999
23.9,-37.41999
25.38,-38.44999
26.6,-39.69999
27.38,-40.60999
28.1,-40.87
29.15,-40.19999
30.25,-39.21999
30.87,-38.49999
31.05,-38.23
31.15,-38.33999
31.3,-38.35999
31.22,-37.5
30.6,-35.39999
29.41,-31.68999
28.15,-27.13999
27.09,-22.34999
26.15,-17.76999
24.91,-13.39999
23.5,-9.089995
22.49,-5.259995
21.9,-2.309995
21.37,-0.6799951
20.45,0.2500049
19.3,1.020005
18.5,1.960005
18.42,2.990005
18.85,3.810005
19.3,4.110005
19.55,3.880005
19.55,3.030005
19.25,2.040005
18.7,1.660005
18,2.180005
17.52,3.590005
17.2,5.050005
17,6.000005
16.85,6.540005
16.82,7.130005
16.95,8.140005
17.35,9.770004
18,11.71
19.12,13.76
18,26.11
16.6,24.73001
15.6,24.11
16.5,23.73001
18.1,22.07
18.76,18.86
18,15.91
16.95,14.38
16.8,13.07
17.46,10.24
17.7,6.190005
16.91,2.240005
15.8,-0.6499951
15.3,-2.829995
15,-5.179995
14.36,-7.929995
13.8,-10.79999
14.16,-13.75
14.9,-17.17999
15.41,-21.2
15.7,-24.98999
15.71,-27.93999
16,-30.04999
16.5,-31.62
16.5,-33.39
16.4,-34.34999
17.3,-34.41999
19.1,-34.91999
21,-36.05
22.35,-37.14999
23.7,-37.82
25.45,-37.57
27.5,-36.75999
29.35,-35.89
30.8,-35.48
31.95,-35.82
32.8,-36.42999
33.25,-36.46
33.1,-35.27999
32.64,-32.37999
32.1,-28.41999
31.54,-23.90999
30.8,-19.41999
29.49,-15.09999
28,-10.93999
26.94,-7.339995
26.3,-4.539995
25.8,-2.719995
25.1,-1.319995
24.2,-0.009995117
23.5,1.300005
23.35,2.420005
23.6,3.210005
24,3.550005
24.1,3.530005
24.1,2.970005
24,2.020005
23.7,1.100005
23.2,0.9000049
22.55,2.000005
22,3.860005
21.8,5.790005
21.8,7.360005
22.05,8.650004
22.5,10.04
23.25,11.74
24.1,13.56
25.25,15.41
19.6,23.88
17.9,22.32
16.2,21.82
15.93,21.7
16.35,20.24
16.18,17.16
15.35,14.35
14.68,12.76
14.65,11.04
14.68,7.840005
14,3.870005
12.38,0.5000049
10.7,-1.989995
9.58,-4.189995
8.95,-6.719995
8.41,-9.519995
7.9,-12.33
7.31,-15.05999
6.65,-17.79
6.11,-20.65999
5.85,-23.62
5.9,-26.12
6.3,-28.06999
7.1,-29.47999
8.05,-30.59999
9.05,-31.14999
10.3,-31.45
11.88,-32.14999
13.55,-33.03999
15.38,-33.5
17.7,-33.50999
20.72,-33.05
24.15,-32.39999
27.27,-31.83999
30,-31.76999
32.05,-32.48
33.55,-33.53999
34.35,-34.23
34.7,-34.01999
34.77,-32.14
34.75,-28.83999
34.64,-24.43999
34.35,-19.96
33.29,-15.87999
31.95,-12.24
30.79,-9.249995
29.9,-6.749995
29.27,-4.539995
28.9,-2.359995
28.7,-0.3199951
28.55,1.370005
28.62,2.500005
28.85,3.130005
29.22,3.160005
29.25,2.860005
28.78,2.470005
28.35,2.020005
28.4,1.360005
28.45,0.6900049
28.05,0.8300049
27.3,2.110005
26.89,4.400005
26.9,6.800005
27.29,8.940004
28.05,11
29.09,13.22001
30.5,15.48
32.27,17.5
19.7,20.79
18.45,19.98001
17.2,20.02
15.95,19.88
14.4,18.21
13.01,15.09
12.3,12.49
12.85,11.03
13.7,9.180005
13.21,5.610005
11.3,1.390005
8.66,-2.019995
6.3,-4.509995
4.51,-6.889995
3.3,-9.539995
2.6,-11.96
2,-13.83
1.2,-15.30999
0,-16.67999
-1.4,-18.12
-2.3,-19.87
-2.2,-21.34999
-1.9,-22.58999
-1.6,-23.74999
-1,-24.48999
0.15,-24.62
1.8,-24.63999
3.85,-24.73999
6.3,-24.91999
9.3,-25.12
13,-25.40999
17.3,-25.79
21.6,-26.17999
25.45,-26.54
28.7,-27.13
31.2,-28.10999
33.1,-29.31999
34.65,-30.39999
35.9,-30.89999
36.6,-29.92999
37.2,-27.52999
37.84,-23.99999
37.9,-20.35999
36.84,-16.85999
35.4,-13.54
34.14,-10.75999
33.2,-8.289995
32.69,-5.789995
32.7,-3.229995
33.14,-0.8999951
33.5,1.050005
33.65,2.420005
34,3.160005
34.6,2.930005
34.7,2.160005
33.65,1.710005
32.4,1.950005
32.1,2.320005
32.6,2.070005
32.65,1.590005
32.1,2.070005
31.99,4.140005
32.8,6.860005
34.14,9.500005
35.4,11.83
36.34,14.13
37.5,16.53
39.14,18.81001
18.4,19
18.07,19.8
17.6,20.59
15.88,19.96
13,17.36
10.46,13.55
9.7,10.57
11.28,9.100005
13.05,7.400005
12.73,3.740005
10.2,-1.129995
6.86,-5.469995
4.05,-8.459995
1.83,-10.58
-0.15,-12.84999
-1.45,-15.12
-2.35,-16.89
-3.2,-17.96
-4.25,-18.72
-5.4,-19.45
-6.3,-20.30999
-6.85,-20.93999
-7.3,-21.09999
-7.25,-20.67999
-6.4,-19.92999
-4.8,-18.97
-2.85,-18.05
-0.23,-17.39999
3,-16.97
6.68,-16.84999
10.8,-17.06
15.18,-17.38
19.4,-17.73999
23.35,-18.27999
26.95,-19.14
30.13,-20.39
33.1,-21.95
36.13,-23.71
38.65,-25.24999
40.25,-25.90999
41.4,-25.72999
41.84,-24.3
41.15,-21.74999
39.44,-17.99999
38.1,-14.01999
37.79,-10.79
37.75,-8.289995
37.79,-6.099995
38.05,-4.009995
38.2,-2.029995
38.1,-0.07999512
38.25,1.600005
39.05,2.530005
40.03,2.210005
40.2,1.230005
38.65,0.7100049
36.65,1.400005
36.1,2.850005
36.8,3.680005
37.45,3.770005
37.5,4.280005
37.99,6.100005
39.55,8.630005
41.62,11.18001
43,13.39
43.32,15.49
43.55,17.72001
44.59,20.15001
16.1,19.37
16.9,21.68
17,22.71
15.26,21.15001
12.3,17.53
9.66,12.85
8.599999,9.000005
10,6.910005
12.2,5.180005
12.51,1.770005
10.1,-3.419995
6.61,-8.849995
3.7,-12.55999
1.15,-14.08
-1.4,-15.25999
-3.55,-17.06
-5.2,-18.89
-6.9,-19.88
-8.5,-20.45
-9.599999,-20.92999
-10.7,-21.22
-12,-21.29
-12.5,-20.90999
-11.85,-19.80999
-10.6,-18.22999
-9,-16.18999
-6.9,-14.26999
-4.15,-12.46999
-0.6,-10.71999
3.6,-9.649995
8.2,-9.019995
12.85,-8.469995
17.4,-8.249995
22.05,-8.789995
26.5,-9.999995
30.65,-11.83
34.7,-14.06999
38.65,-16.66999
42,-19.34999
44.15,-21.79
45.7,-23.71
45.9,-23.97
44.4,-22.01999
42.64,-17.87
42.3,-13.45
43.19,-10.29
43.7,-8.089995
43.65,-6.189995
43.4,-4.399995
42.85,-2.509995
42.4,-0.4399951
42.95,1.220005
44.2,2.040005
45.3,1.690005
45.4,0.5300049
43.6,-0.3699951
41.4,0.09000488
40.95,1.800005
42,3.420005
43.25,4.530005
43.7,5.700005
44.29,7.490005
45.6,9.630005
46.95,11.68001
47.4,13.62
47.19,15.98
47.7,18.83
49.64,22.02
14.2,20.54
15.37,22.99
15.2,23.4
13.76,21.33
12.3,17.82001
10.88,13.27
9.55,8.740005
9.76,5.340005
11.4,2.850005
12.56,-0.1899951
11.35,-4.939995
8.26,-10.97999
5.3,-15.7
2.43,-17.00999
-0.7,-16.83999
-3.55,-17.38
-5.65,-18.42999
-7.53,-18.3
-9.2,-17.75999
-10.27,-17.98999
-11.65,-18.22999
-13.05,-17.64999
-13.7,-16.56
-13.63,-15.05999
-12.9,-12.88999
-11.1,-10.24
-8.65,-7.719995
-4.78,-4.919995
0.25,-2.419995
5.87,-0.8199951
11.95,0.5100049
18.35,1.430005
24.95,1.530005
31.2,0.4000049
36.75,-1.689995
41.13,-4.539995
44.6,-7.729995
47.36,-11
49.3,-14.25
50.35,-17.25999
51.05,-19.72999
50.92,-20.54
49.7,-19.47999
48.29,-16.72
48.1,-13.7
48.62,-11.35999
48.05,-9.289995
46.94,-6.899995
46.35,-4.399995
46.02,-2.029995
45.85,4.8828124e-06
46.45,1.420005
47.8,2.060005
49,1.400005
48.9,4.8828124e-06
47.15,-0.9699951
45.4,-0.7199951
45.22,0.8600048
46.45,2.720005
47.77,4.340005
48.2,5.900005
48.59,7.900005
49.8,10.12
51.2,11.95
51.65,13.86
52.19,17.16
54.3,21.36
57.72,25.17
13.8,21.5
13.95,23.26
12.7,23.03
11.86,20.87
12.2,17.82001
12.36,13.85
11.4,9.250005
10.36,4.860005
11,1.360005
12.66,-1.779995
13,-5.949995
10.96,-11.89999
8.3,-17.54
5.35,-19.52999
1.8,-18.79
-1.45,-18.18999
-3.7,-18.62
-5.15,-18.29
-6.5,-17.26999
-7.9,-17.16999
-9.599999,-17.57999
-10.8,-17.04
-11.6,-15.25999
-11.81,-12.54
-10.9,-9.579995
-8.86,-6.349995
-5.8,-2.249995
-0.91,2.280005
4.8,5.830005
11.44,8.880005
19.2,11.93001
27.85,13.76
36.7,13.7
44.36,11.34
50.7,7.640005
55.51,3.230005
59.2,-1.269995
61.66,-5.509995
63.2,-9.429995
63.46,-12.87
63,-15.67999
62.05,-17.29
60.1,-17.64999
57.55,-16.72999
55.9,-15.24
54.49,-13.33999
52.2,-10.93999
50.24,-8.039995
49.7,-5.169995
49.69,-2.769995
49.5,-0.7899951
50.05,0.5200049
51.4,0.9100049
52.2,0.2800049
52,-0.5999951
51,-0.8899951
50,-0.2799951
50.15,1.360005
51.3,3.410005
52.7,5.350005
53.7,7.120005
54.64,9.260005
56.6,11.67
58.79,13.96
59.9,16.75
60.64,20.82
62.8,24.78
65.05,26.99
13.35,23.46
11.38,24.06001
9.7,23.17
10.13,20.79
11.6,17.64001
13.01,13.85
13.35,9.410005
12.38,4.670005
11.75,0.4400049
12.88,-3.049995
14.15,-6.809995
13.64,-12.10999
11.9,-18.07999
9.53,-21.49999
6.55,-21.64999
3.27,-20.48999
0.95,-20.29
-0.6,-20.62
-2.25,-20.52999
-4.23,-20.35999
-6.55,-19.91999
-8.45,-18.09999
-9.4,-14.97999
-9.21,-11.29
-8,-7.299995
-5.34,-2.289995
-1.55,3.910005
3.74,9.830005
10.3,14.03
18.27,18.07001
26.85,22.09
35.85,23.46
44.3,21.89001
50.61,17.68
55.6,12.64
59.41,7.640005
62.75,2.990005
65.78,-1.059995
68.65,-4.679995
70.8,-7.799995
72.25,-10.62
72.9,-12.96999
72.4,-14.77999
70.65,-15.71999
68.8,-15.87999
66.45,-14.92999
63.35,-13.04
60.99,-10.52999
60.15,-7.979995
59.82,-5.769995
59.25,-3.869995
59.3,-2.449995
60.2,-1.529995
61.07,-1.239995
61.35,-1.239995
60.67,-1.039995
59.8,-0.1299951
59.74,1.890005
60.75,4.470005
62.84,7.020005
64.8,9.000005
65.87,10.45
66.75,11.93001
66.99,14.21
66.05,17.53
65.07,20.76
64.95,22.39001
63,22.43
10.2,24.93
7.9,24.41
7.3,23
9,20.61
11,17.74
13.21,14.41
15.3,10.14001
15.76,4.680005
14.8,-0.6399951
14.41,-4.719995
15.2,-8.169995
15.66,-12.5
14.9,-18.14
13.21,-22.92999
10.9,-24.65999
8.099999,-23.55999
6,-22.50999
4.55,-22.72999
2.2,-23.75999
-1.65,-24.00999
-4.7,-22.08999
-6.36,-18.3
-6.1,-13.72999
-4.66,-9.039995
-2.8,-3.469995
0.19,3.540005
4.7,11.23
11.84,18.14001
20.9,23.14001
30.09,27.36
36.4,28.94
42.3,27.01
48.2,23.19
52.36,17.69
55.5,12.25
57.76,7.580005
59.8,3.560005
61.95,0.3100049
64.5,-2.349995
67.35,-4.359995
70.2,-6.109995
72.9,-7.779995
74.9,-9.539995
75.85,-11.37
76.2,-13.04999
75.15,-13.89999
73.3,-13.59999
71.9,-12.25
71.3,-10.51999
70.9,-8.489995
70.5,-6.439995
70.9,-4.799995
72,-3.589995
73.05,-2.789995
73.5,-2.439995
72.55,-2.129995
71.1,-0.8799951
70.54,1.650005
71.2,4.310005
72.6,6.330005
73.6,7.710005
72.85,8.590005
70.9,9.600004
67.29,11.53
63.1,14.05
60.25,15.78
57.8,16.42
52.85,17
6.05,23.41
5.58,22.86
6.8,21.78
9.099999,20.08
11.05,18.04
13.15,15.67
16.15,12.3
18.84,6.810005
19.7,0.1500049
18.81,-5.889995
18.1,-10.37
18.06,-13.88999
17.45,-18.22999
15.96,-23.16999
13.8,-26.3
11.2,-26.29
9.4,-25.13999
9.23,-25.06999
7.25,-27.06999
1.17,-27.89999
-2.8,-24.33999
-2.94,-18.14
-1.5,-11.34999
0.44,-6.299995
2.95,0.1200049
7.14,7.530005
13.1,15.32
20.81,24.13
29.75,32.06001
36.4,35.67001
40.15,34.18
44.23,29.89001
48.9,24.78
52.38,19.06001
54.75,13.53
56.01,8.530005
56.75,4.070005
57.48,0.5500049
58.65,-2.289995
60.55,-4.479995
62.8,-6.139995
65.23,-7.049995
67.55,-7.709995
69.58,-8.529995
71.15,-9.479995
71.52,-10.13
70.9,-10.27999
70.45,-9.759995
70.7,-8.609995
71.42,-6.809995
72.25,-5.139995
73.37,-4.079995
74.3,-3.399995
74.95,-2.889995
75.2,-2.519995
73.85,-1.839995
71.7,-0.4099951
70.6,1.220005
70.5,2.030005
70.02,2.080005
68.55,2.570005
65.75,4.240005
62.35,6.400005
57.82,8.190004
53,9.580005
49.37,11.06
46.25,13.1
42.92,15.18
3.7,20.83
5.3,21.23001
7.6,21.26
10.4,20.64001
12.7,19.15001
14.45,16.69
16.6,13.73
19.96,9.460005
22.8,3.360005
23.36,-4.299995
22.6,-11.25999
21.76,-15.80999
20.8,-19.22999
18.96,-22.90999
16.5,-26.26999
13.75,-27.62
12.1,-27.21
13.2,-27.46999
12.3,-30.16999
5.24,-30.09999
-0.09999999,-23.40999
0.39,-14.89999
2.4,-8.209995
4.69,-3.449995
9,4.240005
15.84,12.32
22.5,19.55
26.98,28.33
31.4,36.09
36.2,37.96
41.2,36.65001
46.86,33.51001
52.3,28.79
55.41,23.15
57.1,17.73001
57.66,12.38
57.2,7.100005
56.06,2.770005
55.4,-0.5099951
56,-2.869995
57.2,-4.509995
59,-5.359995
61.3,-6.039995
63.5,-6.909995
65,-7.819995
65.3,-8.419995
64.7,-8.539995
64.35,-7.819995
64.7,-6.449995
65.55,-4.789995
66.6,-3.429995
67.4,-2.619995
67.6,-2.129995
67.4,-1.859995
66.9,-1.449995
65.2,-0.6999951
63.1,-0.09999511
62.05,-0.4599951
61.5,-1.429995
59.9,-1.869995
56.9,-0.9799951
53.59,1.350005
51,3.630005
48.2,4.840005
44.4,5.990005
40.69,8.470005
38.1,11.6
37.7,13.23
3.25,19.37
5.82,20.89001
8.55,22.26
11.82,22.84
15.4,21.94
18.16,18.98001
19.95,14.87
21.88,10.33
24.1,5.450005
25.69,-0.8799951
26.25,-8.439995
26.09,-15.54999
25.25,-20.68999
22.95,-23.55
19.95,-25.74999
17.08,-27.46
15.65,-28.09999
16.9,-29.09999
16.75,-31.43999
11.39,-28.82999
6.95,-19.74999
7.51,-11.08999
9,-5.719995
10.83,1.200005
16.05,12.65
23.86,22.29
29.7,28.02
31.34,33.36
33,37.17001
37.72,38.58001
43.35,39.26
49.5,37.48
54.6,33.08001
55.96,27.74
56.1,22.79
57.41,17.62
58.4,12.03
58.11,7.150005
57.75,3.600005
58.05,1.560005
58.8,0.1100049
60.1,-1.169995
61.65,-2.769995
63,-5.219995
63.45,-8.019995
62.15,-9.819995
60.5,-9.919995
59.67,-8.339995
59.7,-6.259995
60.3,-4.479995
61,-3.289995
61.37,-2.719995
61.4,-2.519995
60.72,-2.489995
59.4,-2.299995
57.9,-2.259995
56.65,-2.809995
55.68,-3.809995
54.3,-4.239995
51.97,-3.449995
49.2,-2.019995
46.72,-0.6599951
44.85,0.3400049
42.4,1.650005
38.9,3.970005
35.57,6.840005
34.1,8.730004
34.95,8.350005
2.7,18.66
5.55,20.48001
8.599999,22.62
12.35,24.5
16.6,25.1
20.95,23.22001
24.5,18.91
26.36,12.63
27.5,6.350005
28.11,0.7000049
28.8,-5.479995
29.46,-13.21999
29.6,-20.68999
27.75,-24.79
24.2,-26.30999
20.85,-27.15999
19.6,-28.09999
20.55,-29.77999
20.7,-31.52999
18.24,-27.47999
17.1,-18.07999
18.44,-10.43999
18.4,-5.549995
17.88,4.530005
22.1,19.6
29.99,29.42
35.3,33.75
35.99,36.8
37.4,39.66
40.8,42.2
44,43.22001
48.21,40.37
51.8,35.77
51.26,31.31
50.1,26.79
51.81,21.77
54.2,16.92
55.61,12.73
56.7,9.100005
57.9,6.060005
59,3.150005
59.95,0.5800049
61.2,-2.119995
62.46,-5.779995
62.7,-9.619995
60.65,-11.31999
58.3,-10.50999
57.25,-8.169995
57.2,-5.989995
57.75,-4.759995
58.2,-4.279995
58.25,-4.369995
57.9,-4.569995
56.75,-4.729995
55.2,-4.999995
54.05,-5.689995
53.3,-6.559995
51.85,-6.989995
49.7,-6.639995
47.45,-5.679995
45.3,-4.869995
43.2,-4.489995
40.5,-3.629995
37.09,-0.9599951
33.9,2.350005
31.85,4.190005
31.3,4.340005
31.7,3.440005
2.75,20.24
5.65,21.34
8.599999,22.57
12.15,24.96
16.25,26.9
21.23,26.36
26.45,23.29
30.69,17.44
33.25,9.920005
33.34,2.070005
32.3,-4.839995
32.01,-11.51999
32.45,-18.97
32.18,-25.18999
29.65,-28.04
25.47,-27.7
23,-27.32999
23.65,-28.84999
24.3,-30.09999
23.94,-25.77999
25.45,-17.55
28.49,-10.81999
28.85,-5.529995
27.8,5.410005
30.2,20.39001
35.71,30.24
38.35,35.7
38.54,39.78
39.7,43.17001
40.27,44.99001
40.2,44.25
42.08,39.51
44.35,34.68
44.01,30.82
43.4,26.31001
44.93,21.56001
46.35,18.16
46.95,15.47
47.85,12.22001
49.21,8.250005
50.5,4.060005
51.95,0.2800049
53.9,-3.279995
56.3,-6.909995
57.65,-9.739995
56.95,-10.04
56.1,-8.689995
56.1,-7.219995
56.4,-6.539995
56.32,-6.619995
55.95,-6.869995
54.95,-7.109995
53.5,-7.229995
51.88,-7.539995
50.45,-8.239995
49.5,-9.139995
48.7,-9.839994
47.42,-10.25
45.75,-10.34999
43.65,-9.999995
41.35,-9.459995
38.27,-8.579995
34.55,-6.549995
31.37,-3.199995
29.5,-0.4099951
28.5,0.8200049
28,1.400005
27.52,1.500005
4.3,23.73001
8,24.39001
10.7,23.72001
13.15,24.82
17.1,26.68
22.65,26.42
28.5,23.71
33.76,19.05
38.2,12.88
39.41,4.480005
37.5,-4.159995
34.96,-10.96999
34.3,-17.33999
35.01,-24.45
34.6,-29.51999
30.85,-29.23999
26.7,-26.87
25.8,-26.51999
26.6,-26.88
27.84,-22.63
31.3,-14.63999
36.49,-7.129995
38.7,-0.2299951
37.58,10.83
36.6,23
36.89,31.5
37.2,38.29
39.04,43.87
40.5,46.35
37.45,45.38
33.9,42.69
34.71,36.67001
37.1,31.37
37.91,27.56001
38.3,23.02
38.9,18.8
38.8,16.26
39.05,13.88
40.1,10.66
41.46,6.890005
42.8,3.080005
44.05,-0.4499951
45.7,-3.669995
47.75,-6.159995
49.3,-7.509995
50.15,-7.489995
51.2,-7.159995
52.3,-7.269995
52.7,-7.879995
52.05,-8.639995
50.8,-9.109995
49.05,-9.319995
47.2,-9.529995
45.75,-9.979995
44.5,-10.63999
43.5,-11.58
42.7,-12.71999
41.9,-13.84999
40.6,-14.46999
38.3,-14.16999
35.6,-13.2
32.35,-11.26999
29.1,-8.479995
27.1,-5.729995
25.9,-3.619995
24.75,-1.619995
24,0.02000488
23.55,-0.1699951
9.3,23.86
14.15,25.39001
17.15,24.14001
18.2,23.62
21.2,24.47001
27.28,24.41
33.35,21.91
37.61,17.11
41.35,11.69
43.61,5.080005
42.15,-3.049995
37.76,-10.54
35.15,-16.17999
35.73,-22.38
36.95,-29.05999
35.65,-31.21
31.6,-28.15999
27.85,-23.82999
27,-21.47999
29.02,-17.95
32.2,-10.77999
35.89,-1.309995
37.3,7.820005
34.81,17.09
31.85,25.35
31.94,33.31001
34.2,41.82
37.17,46.15001
37.55,46.47001
32.1,44.37
27.7,40.49001
29.64,32.75
32.85,26.63
34.23,22.75
34.75,18.69
34.23,16
33.35,14.24
33.65,11.78
34.85,9.010005
36.4,6.610005
38.05,4.350005
39.6,1.970005
41.2,-0.4899951
42.63,-2.649995
43.95,-4.349995
45.35,-5.639995
46.7,-6.769995
47.53,-7.669995
47.55,-8.589995
46.38,-9.509995
44.8,-10.33999
42.9,-11.09999
40.85,-11.63999
38.87,-11.54
37.05,-11.39999
35.8,-12.37999
35.1,-14.26999
34.48,-16.00999
33.25,-16.8
31.22,-16.27999
29.3,-14.71999
27.57,-12.16
25.75,-9.719995
23.75,-7.869995
21.7,-5.459995
20.32,-2.699995
20.1,-1.679995
20.08,-3.519995
19.4,20.81001
23.85,23.23001
26.6,22.99
26.6,22.8
28.4,23.26
33.45,22.83
38.6,20.48001
41.51,15.56
43.4,9.710005
45.31,4.080005
44.7,-2.429995
39.36,-9.699995
35.1,-14.97999
35.31,-19.57999
37.1,-26.42999
38.25,-31.92999
36.2,-30.97999
30.94,-23.92999
27.7,-18.09999
27.49,-14.45
27.4,-8.619995
27.24,0.6600049
26.9,10.06
25.74,18.21
25.8,26.1
28.54,35.42001
31.2,43.75
32.5,45.77
32,44.06001
27.95,41.94
25,35.79
27.21,26.89001
30.1,21.29
30.9,18.3
31.3,15.61
30.5,15.07
29.4,14.37
29.1,12.49
30,10.68001
32.1,9.230004
34.6,7.640005
37.1,5.630005
39.3,3.300005
40.8,0.8800049
42.1,-1.479995
43.4,-3.689995
44.3,-5.639995
44.55,-7.279995
44.2,-8.919995
42.75,-10.46999
40.9,-11.87999
38.6,-13.08
35.5,-13.47999
32.15,-12.38999
29.4,-11.25999
28,-11.92
27.2,-13.89999
26.25,-15.89999
25.3,-16.8
24.6,-16.05
24.1,-14.29999
23.35,-12.24
21.7,-10.59999
19.25,-8.479995
17,-5.179995
16.3,-3.139995
16.8,-4.289995
16.8,-7.689995
31.75,19.42
34.25,21.94
35.75,23.04
35.07,23.99
36,24.68
38.85,23.22001
41.35,19.62
42.78,14.33
43.3,8.310004
43.96,2.840005
44,-2.149995
39.83,-7.929995
35.1,-13.08999
34.58,-16.92999
36.1,-22.55999
37.98,-30.21999
38.2,-33.64999
34.59,-27.91999
30.15,-20.04
25.62,-14.70999
21.2,-8.779995
19.56,0.2800049
19.4,10.02
20.71,19.41
24,29.24
26.14,38.40001
26.05,43.96
26.35,43.97001
27.4,41.34
26.78,36.90001
25.4,28.67
25.66,19.84
27.15,15.64
27.25,14.89
27.4,14.42
26.57,15.09
25.4,14.67
25.98,13.75
28.25,12.87
30.88,11.13
32.95,8.590005
34.45,5.860005
35.85,3.360005
36.85,1.030005
37.9,-1.369995
39,-3.739995
39.8,-6.029995
40.08,-8.219995
39.75,-10.10999
38.43,-11.5
36.9,-12.79
34.6,-14.12
31.2,-14.81999
27.65,-13.93999
24.8,-12.54999
22.9,-12.25999
21,-13.30999
19.35,-14.84999
18.55,-15.46999
18.55,-14.74
18.25,-13.45
17.12,-11.68999
15.65,-9.489995
14.32,-6.639995
13.35,-4.279995
13.53,-5.329995
14,-8.979995
12.73,-12.22999
38.5,20.44
40.45,24.05
42.3,25.74
41.4,25.35
40.7,24.57
41.55,22.35
41.8,18.05
41.91,12.65
41.9,7.110005
41.46,2.000005
41.3,-1.889995
39.75,-5.609995
36.4,-10.08999
34.85,-14.2
35.5,-18.72999
36.66,-26.35999
37.4,-33.09999
36.59,-30.71
34.1,-22.84999
28.59,-16.08999
22.6,-9.709995
20.19,-0.1499951
19.5,11.04
20.69,21.7
23.2,31.23
22.14,38.43
20.2,42.25
22.15,40.81001
25.6,36.47001
26.71,30.03
25.5,22.22001
23.76,14.92
23.6,12.41
23.6,13.27
23.5,15.04
22.3,15.48
21.9,14.95
24.4,15.65
27.6,15.94
29.25,13.49
29.6,9.650004
29.65,5.850005
29.9,2.520005
30.5,-0.4399951
31.2,-3.219995
32,-5.669995
32.4,-7.829995
32.35,-9.309995
31.9,-10.10999
31.2,-10.77999
30.6,-11.91
29.45,-13.88999
27.5,-16.02999
25.2,-16.75999
22.8,-15.88999
19.95,-14.67999
16.8,-14.5
14.35,-14.89999
12.9,-14.50999
12.05,-13.21999
11.2,-11.50999
10.55,-9.169995
10.5,-6.709995
10.65,-5.329995
10.9,-6.179995
11.06,-10.17
10.2,-13.95
7.25,-14.62
40.45,23.77
43.52,27.28
46.2,27.42
45.18,24.59
42.85,21.55
42.1,18.3
41.2,14.16
40.13,9.770004
39.8,5.580005
38.68,1.480005
37.55,-1.709995
37.85,-3.729995
37.35,-6.539995
35.9,-10.92
35.55,-15.63999
35.61,-21.63
35.2,-28.3
35.4,-29.43999
36.1,-24.40999
34.72,-17.8
31.7,-11.85999
28.66,-3.299995
25.4,8.360004
23.44,19.92
22.05,28.79
17.99,35.01001
16.1,38.46
20.78,35.51001
25.95,29.11
26.51,22.86
23.8,16.84
20.88,12.91
19.7,12.58
19.8,14.52
19.55,16.66
18.65,15.78
19.8,16.65001
22.4,19.24
23.75,18.91
23.93,14.46
24.3,9.750005
24.7,5.640005
24.9,1.770005
25.13,-1.589995
25.4,-4.389995
25.35,-6.469995
24.85,-7.689995
24.15,-7.619995
23.75,-7.579995
23.78,-8.739995
23.65,-10.55999
23.13,-13.26999
22.4,-16.73999
21.4,-19.46
19.95,-20.24999
17.52,-19.06999
14.6,-17.74999
11.65,-16.3
8.75,-13.67999
6.95,-10.76999
6.5,-8.719995
6.8,-7.489995
7.4,-7.109995
7.95,-8.639995
8.05,-11.85999
6.75,-14.81999
4.3,-14.91999
2,-12.72999
43.5,27.2
46.5,27.46
47.7,25.26
45.9,21.87
43.2,18.2
41.6,14.15
39.9,10.28
37.85,7.010005
36.5,4.150005
35.3,1.590005
34,-0.7299951
34.9,-2.389995
36.7,-4.289995
36.35,-8.219995
35.4,-13.33999
34.95,-18.05
34.2,-22.64999
34.25,-25.35999
35.5,-23.84999
37.14,-18.87
38.2,-13.79
36.89,-7.129995
32.3,3.160005
26.99,14.3
21.7,22.75
15.59,29.14001
14.3,32.42001
20.51,28.87
26,22.54
25.86,17.03
21.9,12.36
18.2,11.76
16.9,13.56
16.8,14.68
16.3,15.98
16.15,15.96
18.2,19.11
19.15,21.64001
18,18.39001
18.31,12.5
20.3,8.330005
21.55,4.890005
21.9,1.300005
21.95,-1.679995
22,-4.159995
21.3,-6.089995
19.9,-6.739995
18.85,-5.989995
18.7,-6.139995
18.95,-8.089995
18.3,-10.14999
17,-12.29999
15.8,-15.08
15,-18.52999
14.5,-21.88
14,-22.83999
12.9,-21.48999
10.05,-18.14
6.3,-13.16
4.5,-9.489995
4.5,-8.499995
4.55,-9.119995
4.6,-10.63999
4.5,-13.66999
3.2,-16.52999
1.05,-16.14
-0.2,-13.21
0.3,-10.99
45.15,25.44
46.33,23.64001
45.8,20.99
43.75,17.88
41.55,14.52
39.18,11.14
36.7,8.370005
34.18,6.040005
32.1,4.220005
31.83,3.070005
32.35,1.400005
33.35,-1.279995
35,-4.109995
35.55,-7.269995
34.75,-11.75
34.1,-16.01999
34.45,-18.33999
35.63,-19.12
36.25,-19.06999
36.65,-17.7
38.4,-15.27999
40.02,-10.63999
37.85,-2.969995
31.62,5.980005
23.85,13.94
16.34,21.5
14.8,26.11
20.5,24
25,18.95
24.45,13.73
20.25,9.660005
16.42,10.37
15.6,12.94
15.02,13.16
13.45,15.59
13.72,18.48001
15.8,21.66
15.05,21.6
13.15,15.67
14.4,10.94
17.05,8.160005
18.38,5.570005
18.75,2.950005
19.2,0.6600049
19.6,-1.509995
18.88,-3.719995
17.45,-5.169995
16.55,-5.569995
16.9,-6.509995
17.45,-8.479995
16.8,-10.37
15.28,-11.79
13.4,-12.72999
11.83,-14.33
11,-17.22
11.15,-20.55999
11.2,-22.09999
8.72,-19.48999
5.05,-13.79
3.85,-10.16
3.75,-9.739995
2.73,-10.89999
1.75,-12.97999
0.13,-15.2
-1.95,-15.45
-1.68,-12.85999
0.5,-10.34999
1.28,-10.37
44.5,20.03
44.15,18.65001
43.3,16.52
41.7,13.62
39.4,10.82
36,8.630005
32.8,6.940005
30.35,5.490005
28.7,4.730005
29.8,4.170005
32,2.430005
32.8,-0.8599951
33.1,-4.439995
33.75,-7.369995
33.7,-11.10999
32.8,-15.47999
33.4,-17.08999
36.05,-15.52999
37.7,-14.39999
36.35,-14.93999
36.2,-15.20999
39.15,-13.04
40.6,-8.529995
35.94,-2.289995
27.2,5.140005
18.59,13.76
15.8,20.08
20.25,20.16
23.8,16.45
23,11.46
19.1,7.460005
15.4,7.690005
14.4,10.6
12.9,11.64
10.4,14.62
10.4,20.37
12.2,22.36
11.36,19.47001
9.9,13.37
10.9,10.1
13,7.790005
14.05,6.030005
14.5,4.830005
14.95,3.230005
15.4,1.520005
15.15,-0.3299951
14.7,-2.509995
15.05,-4.519995
16.1,-6.299995
17.1,-8.339995
17.2,-10.67
16.75,-12.76999
15.2,-13.49
13.3,-13.47999
12.1,-13.72999
11,-16.13
10,-19.95
7.4,-19.83999
4.1,-14.7
3.45,-10.63
3.2,-9.739995
1.45,-11.21
-0.3,-13.54999
-1.8,-13.66999
-2,-10.95
0.85,-7.649995
3.8,-6.179995
2.1,-7.799995
42.7,15.85
42.25,15.01
41.9,12.92
40.83,10.1
38.2,7.520005
34.2,5.810005
30.7,4.640005
28.37,4.170005
27.55,4.310005
29.25,3.610005
30.9,1.800005
30.65,-0.3699951
29.95,-2.999995
30.63,-6.179995
31.7,-10.01999
31.45,-14.88999
31.4,-17.93999
33.35,-16.77999
35.45,-14.09999
34.47,-12.67999
33.4,-13.02999
36.27,-13.51999
39.65,-12.49
37.3,-8.739995
29.95,-2.309995
21.32,6.360005
16.75,13.68
19.6,15.37
22.85,12.73
21.9,8.510005
18.35,4.870005
15.02,4.420005
13.2,7.160005
10.97,9.350005
8.3,12.97001
7.1,19.87
8.3,20.39001
9.15,16.3
8.349999,12.61
8.28,10.07
9.15,7.300004
10.48,6.320005
11.1,5.570005
11.23,3.860005
11.6,2.450005
12.53,1.290005
13.8,-0.7099951
15.18,-3.129995
16.7,-5.059995
17.93,-7.139995
18.05,-10.04
17.58,-13.2
16.9,-15.62999
15.95,-16.64
14.5,-15.95
11.95,-15.58
9.349999,-18.49999
6.52,-19.47999
3.85,-15.24
3.4,-11.31999
3.25,-10.06999
2.1,-11.25999
1.4,-12.96999
2.25,-11.09999
4.4,-6.659995
7,-3.269995
8.7,-2.369995
8.45,-4.289995
38.2,15.24
37.9,14.2
38,11.84
37.35,8.690004
35.4,5.660005
32.5,3.710005
29.6,2.710005
27.35,2.910005
26.9,3.420005
27.9,2.640005
27.6,1.510005
26.05,1.060005
25.3,-0.2799951
26.55,-3.609995
28.5,-7.609995
29.4,-12.62
29.4,-17.02999
30.1,-17.52999
31.4,-15.24
31.6,-12.60999
31.6,-11.95
33.65,-13.42999
36.8,-14.62999
36.15,-13.22999
31.4,-8.799994
23.99,-1.129995
18.4,6.320005
19.8,8.690004
22.5,7.090005
21.3,4.730005
17.9,2.250005
14.55,1.440005
12,3.610005
9.2,6.650005
6,12.23
3.65,19.1
5,18.41
7.65,14.72
6.9,13.44
5.85,11.61
6.5,8.550005
8.05,6.890005
8.9,5.430005
9.349999,3.770005
10.4,2.790005
12.5,1.850005
14.9,0.1400049
16.35,-1.789995
17.8,-2.999995
19.55,-4.949995
19.9,-8.449995
18.05,-12.05999
16.2,-15.12
15.85,-17.50999
14.8,-17.48999
11.5,-16.23999
8.8,-18.13
6.2,-18.59999
3.7,-14.87999
3.4,-12.24
4.1,-11.21
4.95,-10.83
6.2,-10.33999
8.2,-7.299995
10.1,-3.239995
11.3,-0.9399951
12.7,-0.8599951
16.15,-2.359995
29.55,15.85
28.35,14.9
28.15,13.02
27.98,10.21
27.65,6.900005
27.13,4.040005
26.05,2.190005
24.6,1.880005
24.15,2.000005
23.73,1.590005
22.35,1.380005
21.3,1.370005
21.6,0.2600049
22.95,-2.569995
24.7,-5.709995
26.13,-9.289995
26.65,-12.87
27.03,-14.42999
28.05,-14.33999
29.22,-12.84999
30.05,-11.12999
31.4,-11.62999
33.6,-13.91999
34.3,-15.54
31.95,-14.09999
26.62,-7.499995
22.15,-0.4199951
22.62,1.630005
23.35,1.150005
20.83,1.070005
17.5,-0.1599951
14.05,-1.279995
11.05,0.02000488
8.25,2.870005
4.2,9.670005
1.62,16.23001
3.4,15.59
5.55,14.67
4.65,15.94
3.5,14.18
3.85,10.82
5.15,8.270004
6.45,6.450005
7.85,5.170005
9.4,4.170005
11.53,2.710005
14.05,0.8700049
15.68,-0.3499951
17,-1.019995
19.6,-3.089995
22.05,-6.169995
21.35,-9.549994
18.75,-13.02999
16.93,-15.87999
13.75,-16.58999
8.55,-16.37
6.45,-18.15999
5.82,-17.38
4.2,-13.64999
4.17,-12.31999
5.9,-11.77999
8.5,-9.509995
10.95,-6.049995
12.87,-2.119995
14.55,0.6700048
16.12,1.540005
18.65,1.580005
23,2.190005
21,14.42
18.8,14.27
18.2,13.11
19,10.72001
20.2,7.280005
20.85,3.610005
20.9,1.080005
20.6,0.5300049
20.1,0.5000049
18.9,0.4700049
18.1,0.6300049
19.1,0.3200049
20.5,-0.7899951
21.55,-2.699995
22.5,-4.569995
23.75,-6.129995
24.6,-7.909995
25.15,-9.929995
26.1,-11.75999
27,-11.39999
27.2,-9.239995
27.7,-9.329995
29.5,-12.55999
31.55,-16.59999
31.2,-17.3
28.5,-11.2
26.3,-4.749995
25.7,-3.209995
24,-2.649995
20.65,-1.659995
17,-2.359995
13.25,-3.389995
10.7,-2.939995
8.7,-1.059995
4.3,5.500005
1.7,12.83
3,14.14
2.85,14.9
1.4,16.33
1.4,14.44
1.6,11.27
2.05,8.950005
3.1,7.670005
4.75,6.470005
6.4,4.840005
8.55,3.050005
11.5,1.540005
13.9,1.090005
15.6,0.3900049
18.9,-1.659995
22.8,-3.489995
23.75,-6.349995
22.8,-10.25
20.45,-14.52999
15.5,-16.64999
8.5,-16.97
5.9,-17.92999
6.5,-16.56999
6.1,-13.58
6.6,-12.99
8.599999,-12.58999
11.35,-9.179995
13.9,-3.379995
16.1,2.460005
18.7,6.220005
21.9,7.940005
25.3,9.530005
28.75,12.43001
12.9,11.66
10.93,11.16
11.35,10.03
13.08,7.960005
14.7,4.930005
15.98,1.190005
17.15,-1.729995
17.52,-1.969995
16.95,-1.149995
16.05,-0.5299951
16.6,-0.1799951
18.5,-0.2999951
20.05,-0.7899951
20.65,-1.749995
21.15,-2.849995
22.43,-3.719995
24.05,-4.789995
25.1,-6.739995
25.65,-9.059995
25.4,-9.779995
24.2,-9.099995
23.13,-10.02999
23.9,-13.08
26.53,-16.60999
28.25,-17.13
27.97,-12.16
27.2,-7.689995
25.25,-6.169995
22.4,-4.339995
19.72,-3.379995
15.85,-3.779995
11.88,-4.019995
11.05,-4.409995
10.25,-3.649995
6.1,2.030005
3.3,9.360004
3.85,12.12
2.2,13.23
-0.5,13.76
-0.57,12.02
-0.25,9.800005
0.13,7.940005
1.15,6.610005
2.53,5.900005
4.3,5.900005
7.02,6.190005
10.3,6.480005
12.45,6.280005
13.65,4.590005
16.85,1.010005
20.5,-2.149995
21.75,-4.449995
22.5,-6.939995
22.05,-12.71
19.5,-17.14
14.22,-17.98999
11.2,-17.64999
10.42,-16.33999
8.75,-14.64999
9.3,-14.59999
12.05,-14.31999
14.57,-10.67999
16.3,-3.409995
17.45,4.770005
19.45,10.34
22.37,13.23
25.2,15.89
28.45,19.17
6.5,8.530005
6.05,6.640005
7.2,5.260005
8.599999,3.680005
9.5,1.850005
12.25,-0.8399951
15.2,-4.189995
15.45,-4.999995
14.3,-3.499995
13.9,-2.169995
14.9,-1.439995
16.45,-0.7599951
17.5,-0.2499951
17.7,-0.4699951
18.1,-1.229995
19.85,-2.129995
22.4,-3.019995
24.5,-4.339995
25.5,-6.219995
25.15,-7.959995
23.8,-9.119995
21.7,-10.88999
20.7,-13.58999
22.6,-15.91
25,-15.75
25.6,-12.59999
24.6,-10.09999
22.2,-8.149995
20.1,-5.659995
18.65,-5.069995
14.8,-4.919995
10.9,-4.129995
11.4,-5.019995
12.15,-5.669995
8.9,-1.249995
6.1,5.440005
6,8.410005
3.9,9.660005
0.4,10.5
-0.75,9.930005
-0.6,9.150004
0.3,8.260005
2.3,7.440005
4.55,8.310004
6.3,10.91
7.85,13.46
9.2,14.04
10.25,12.6
11.3,11.17
14.45,7.250005
18.8,3.180005
20.85,0.6500049
21.6,-3.279995
22.1,-10.38999
22.5,-16.76999
20.25,-19.52999
18.4,-19.27999
17.1,-17.48999
12.6,-15.43999
10.8,-14.79
13.9,-13.80999
17.25,-9.299994
18.8,-1.489995
18.8,6.220005
19.3,10.84
21.05,13.57
23.6,17
27.75,20.33
5.6,7.860005
6.3,5.550005
7.35,3.100005
7.5,0.4300049
7.5,-1.199995
10.33,-1.859995
13.2,-3.909995
12.78,-5.399995
12,-4.999995
12.65,-3.999995
13.9,-2.709995
15.1,-1.029995
16,0.09000488
16.43,-0.1899951
16.95,-1.289995
18.33,-2.439995
20.65,-3.199995
23.18,-3.749995
24.85,-4.719995
25.33,-6.299995
25.25,-7.879995
24.38,-9.539995
23.35,-11.76999
23.4,-13.54999
23.75,-13.51999
22.6,-11.75999
20.5,-9.969995
19.3,-8.329995
19.45,-6.939995
18.47,-6.529995
14.4,-5.699995
10.57,-4.519995
11,-5.069995
12.82,-5.969995
11.7,-3.059995
9.45,2.270005
8.849999,4.570005
6.42,5.810005
2.65,7.700005
1.4,8.660005
1.45,9.180005
2.42,9.580005
4.6,9.630005
7.52,11.04
9.25,14.34
8.3,16.75
7.35,16.47001
9.17,15.34
11.7,15.9
14.33,13.27
19.1,10.53
22.18,7.120005
22.8,1.240005
22.48,-5.659995
22.95,-13.34999
22.53,-18.31
22.3,-20.05999
22.57,-19.55999
17.55,-17.37
13.4,-14.58999
15.05,-11.45
17.9,-5.499995
19.55,1.050005
20.22,5.110005
20.05,7.820005
20.82,12.32
23.9,17.89001
28.3,20.61
6,8.650004
6.95,6.610005
8,3.310005
8.4,-0.3299951
8.7,-2.609995
10.55,-2.859995
12.3,-3.489995
12.5,-3.889995
13.3,-3.189995
15.1,-1.609995
16.5,0.2200049
17.4,1.250005
18.4,1.030005
19.3,-0.3899951
19.8,-2.149995
20.2,-3.539995
21.1,-4.299995
23.2,-4.699995
25,-5.359995
25.65,-6.699995
26.2,-8.429995
26.7,-9.719995
26.6,-10.67999
25.9,-11.30999
24.8,-11.25
22.6,-10.56999
20,-9.639995
19.45,-9.019995
20.3,-8.689995
18.8,-7.779995
14.8,-6.549995
11,-6.019995
9.599999,-5.669995
10,-4.549995
10,-2.249995
9.2,0.6500049
8.9,1.780005
6.65,2.940005
3.7,5.560005
4.1,7.680005
4.9,8.760005
5.35,9.480004
6.4,9.780005
8.2,10.51
9.5,12.95
8.3,15.84
6.9,17.40001
9.2,17.67
12.6,18.34
14.65,16.24
17.5,12.45
20.15,8.060004
21.8,3.800005
21.2,-1.799995
20.8,-9.779995
20.85,-15.27999
21.1,-18.3
22.3,-19.88
19.3,-20.12
16.4,-16.41999
17.5,-11.39999
18.9,-5.269995
20.2,-0.3399951
21.65,1.340005
21.4,4.190005
21.9,11.73
25.3,18.77
29.15,20.33
4.9,7.480005
5.7,5.240005
7.1,2.150005
8.7,-0.3299951
10.3,-1.759995
11.97,-1.979995
13.75,-1.539995
15.3,0.2700049
16.65,2.630005
17.92,4.260005
18.85,4.560005
19.7,2.920005
20.6,0.3500049
21.63,-2.129995
22.55,-4.079995
22.8,-5.269995
22.95,-5.959995
24.2,-6.589995
25.65,-7.479995
26.18,-8.659995
26.6,-10.22999
27.1,-11.47999
27.25,-11.92999
26.75,-11.79999
26.15,-11.46999
25.55,-11.42999
24.35,-11.62
23.3,-11.67
22.3,-11.35999
19.87,-9.989995
16.9,-8.749995
13.65,-9.359995
10.65,-9.529995
8.849999,-6.879995
7.8,-3.659995
7.12,-1.419995
7.9,-0.2399951
7.22,1.410005
5.6,4.140005
6.97,6.490005
8.65,7.800004
8.92,8.960005
8.9,9.970005
9.17,10.31
9.15,11.78
8.15,15.5
7.05,18.79
8.23,19.27
10.3,18.66
12,16.38
13.75,12.41
16.08,7.630005
18.8,3.920005
18.45,-0.6299951
17.7,-6.989995
17.88,-12.2
18.15,-14.83999
19.23,-16.73999
18.7,-19.30999
18.22,-17.08999
19.5,-11.88999
20.52,-5.999995
21.1,-1.999995
21.85,-0.9999951
21.7,2.160005
23.02,10.21
26.65,16.55
29.42,18.8
3,5.030005
3.6,2.880005
4.9,0.7800049
6.8,0.1800049
8.9,0.6100048
10.9,1.350005
13.1,2.320005
15.05,3.710005
16.4,4.710005
17.3,4.340005
18.3,2.810005
19.45,0.3600049
20.3,-2.309995
21.2,-4.689995
22.2,-6.529995
22.65,-7.569995
22.8,-8.209995
24,-8.969995
25.4,-9.949995
26.15,-10.66
26.9,-11.37999
27.6,-12.37
27.8,-13.30999
27.2,-13.91999
26.5,-14.02999
26.75,-13.85999
26.8,-13.87999
25.55,-13.77999
23.6,-13.52999
21.05,-12.5
19.3,-11.31999
17.05,-12.14999
13.9,-13.12999
12.1,-11.06999
10.8,-7.629995
9.9,-4.619995
11,-2.219995
11.6,0.4600049
10.6,3.350005
10.7,5.270005
11.6,6.410005
11.6,8.150004
10.9,10.08
10.35,10.14001
9.4,10.66
7.9,14.94
7,18.76
6.6,18.62
6.9,16.91
8.65,14.46
10.5,12.98
13.15,9.220005
15.8,3.580005
15.8,0.2300049
14.9,-4.109995
15.3,-9.809995
15.7,-12.08
16.45,-12.67999
17.5,-14.96999
18.3,-14.5
19.5,-10.58
20.45,-6.039995
20.4,-3.559995
20,-2.409995
20.4,1.280005
23.35,8.510005
27.6,13.83
29.2,16.81001
0.6,3.160005
1.48,2.170005
3,1.530005
4.92,1.750005
6.9,2.270005
8.97,2.430005
11.05,2.300005
12.9,2.140005
14.45,1.940005
15.73,1.290005
17.25,0.1500049
18.88,-1.399995
20.15,-3.139995
20.73,-5.109995
20.85,-7.129995
20.73,-8.519995
20.95,-9.129995
22.33,-9.469995
23.95,-10.02999
24.95,-10.50999
26,-10.88
27.25,-11.75
28.2,-13.25
28.23,-15.18999
27.7,-16.66999
27.35,-16.82999
26.65,-16.14
24.82,-15.08
22.75,-14.66
21.05,-14.24
20.25,-13.33
19.4,-13.62
16.65,-14.12
14.57,-12.62999
14.6,-10.06999
15.27,-7.159995
16.45,-4.249995
16.95,-1.089995
15.6,1.920005
14.35,3.730005
14.15,4.770005
13.3,6.370005
12,8.400004
11.8,8.790005
11.25,9.270004
9.3,13.69
8.05,17.19
6,16.61
5.05,15.17
6.95,14.49
9.75,15.28
11.7,10.14001
12.9,3.480005
13.1,1.150005
12.15,-1.489995
12.6,-7.759995
14,-11.50999
15.47,-11.06999
16.95,-11.66
17.57,-12.08999
18.4,-10.17
19.75,-7.599995
20.3,-5.589995
20.17,-1.779995
21.65,4.050005
24.82,10.26
27.6,13.9
27.52,15.33
-1.5,3.100005
0.15,3.190005
2.1,3.070005
4.35,2.860005
6.6,2.510005
8.05,1.950005
8.7,1.750005
8.599999,2.650005
8.599999,4.040005
9.65,4.680005
11.9,4.200005
15,2.550005
17.9,0.2200049
19.5,-2.719995
19.8,-5.779995
19.35,-7.719995
19.1,-8.119995
19.5,-7.669995
20.2,-7.579995
20.7,-8.009995
21.5,-8.479995
22.7,-9.399995
24.4,-11.12
26.4,-13.72999
27.8,-16.24999
28.1,-17.51999
27.2,-17.39
24.7,-16.22999
22.5,-15.71999
21.45,-15.51999
21.1,-14.62
21.25,-14.5
19.4,-14.63999
16.6,-13.43999
16.4,-11.54999
17.9,-9.189995
19.2,-6.369995
19.5,-3.249995
18.4,-0.3699951
17.05,1.760005
16.6,3.350005
15.15,4.620005
13.6,6.020005
14.05,6.830005
14.1,7.930005
11.55,12.15
10.1,15.02
7.45,15.74
5.6,16.6
5.5,17.05
8.099999,16.04
9.95,9.670005
10.4,3.380005
9.8,1.030005
8.7,-0.2499951
9.55,-4.669995
12,-8.229995
14.4,-7.859995
16.3,-7.799995
17.75,-9.039995
19.5,-9.159995
21.45,-7.379995
22.3,-3.949995
22.9,2.400005
24.4,8.780005
24.35,12.35
23.5,13.39
21.45,14.56
-2.4,4.170005
-1.43,4.120005
-0.25,3.590005
1.72,3.210005
3.35,3.180005
3.08,3.910005
1.9,5.560005
0.9,7.940005
0.8,9.960005
2.45,10.75
5.5,10.26
9.5,7.850005
13.25,4.170005
15.72,0.2200049
17,-3.049995
17.12,-4.539995
16.8,-4.629995
16.7,-4.459995
16.85,-4.879995
16.97,-5.589995
16.95,-6.129995
17.17,-6.989995
18.1,-8.579995
20.22,-10.93999
22.8,-13.34999
24.9,-15.12999
25.5,-16.04
24.48,-15.97999
23.7,-16.02999
23.48,-15.92999
23.1,-15.08
22.78,-14.62999
21.5,-14.55999
19,-13.60999
18,-12.21
18.88,-10.64999
19.75,-8.549994
20,-5.539995
19.55,-2.659995
18.88,-0.3399951
18.45,1.990005
17.35,3.620005
16.15,4.500005
16.88,5.340005
16.9,7.000005
13.55,10.71
12.2,12.99
9.8,15.55
7.65,17.90001
5.6,16.78
6.25,13.28
8.65,8.650004
8.8,3.230005
6.87,0.3100049
5.65,-0.4899951
6.72,-2.319995
8.849999,-3.949995
11.1,-4.119995
13.4,-4.529995
15.45,-5.709995
17.85,-6.269995
20.15,-4.449995
21.6,-0.5199951
22.28,4.570005
20.3,8.830005
16.2,11.54
14.35,13.38
13.35,15.97
-2.7,4.140005
-3.4,3.690005
-3.9,3.340005
-2.95,4.110005
-2.1,5.790005
-2.35,8.080005
-2.4,10.47001
-1.5,12.17
-0.09999999,13.09
2.3,13.39
5.1,12.77
7.35,10.08
8.4,6.900005
9,4.260005
10.6,1.550005
12.55,-0.3699951
14.1,-1.449995
15.4,-2.529995
16.3,-3.739995
16.55,-4.569995
16.2,-5.089995
15.7,-5.939995
15.5,-7.429995
15.75,-9.629995
17.1,-12.01999
19.5,-13.96
21.5,-15.16
22.55,-15.37
23.7,-15.30999
24.5,-15.06999
24.4,-14.63999
23.8,-14.56999
22.5,-14.56999
21.1,-13.87
20.6,-12.87
20.8,-11.83999
20.9,-10.33
20.75,-7.449995
20.7,-4.369995
20.5,-2.059995
19.9,0.5000049
19.5,2.740005
19,3.620005
18.85,4.030005
17.9,5.660005
14.75,8.880005
13.3,11.16
11.1,14.86
10.3,17.73001
6.7,14.69
5.4,9.640005
8.2,7.380005
8.5,3.100005
6.05,0.2900049
4.5,-0.3299951
5.65,-0.7299951
7.8,-1.099995
10.3,-1.839995
12.3,-2.779995
13.25,-3.369995
14.5,-3.639995
16.75,-2.369995
18.8,0.2800049
17.35,3.360005
11.2,7.230005
6.3,12.5
5.7,17
6.85,18.58
-1.65,3.060005
-2.5,2.850005
-3.65,3.320005
-3.87,5.680005
-3.1,8.920005
-2,11.54
-0.9,13.42
-0.32,14.63
0.35,15.42
1.23,15.83
1.7,15.46
1.8,14.28
0.85,14.3
-0.73,13.42
0.75,8.220005
5.47,2.400005
9.7,-0.8699951
12.35,-2.549995
13.65,-3.549995
13.65,-3.879995
13.35,-4.229995
13.67,-5.119995
14.15,-6.419995
14.27,-8.569995
14.8,-11.54
16.47,-14.43999
18.65,-16.15999
20.88,-15.89999
22.75,-14.87999
23.48,-13.84999
23.9,-13.18999
24.07,-13.43999
23.55,-14.12
23,-14.17999
23.25,-13.59999
23.4,-12.46999
23,-10.95
22.48,-8.289995
22.65,-5.359995
22.43,-3.389995
21.55,-1.179995
21.6,1.440005
21.3,2.730005
19.75,2.580005
18.2,3.680005
16.6,6.940005
15.1,9.680005
12.6,14.03
11.45,17.12
7.3,12.16
4.95,6.070005
7.25,5.280005
8.15,2.610005
6.4,0.6200049
5.15,0.2400049
6.28,0.6700048
7.6,1.250005
8.62,1.000005
9.599999,0.2700049
10.27,-0.8099951
11.45,-1.949995
13.58,-1.639995
14.15,-0.009995117
9.849999,3.050005
4.45,8.130005
1.48,14.83
-0.5,19.81001
0.15,20.1
0.2,2.750005
0.95,3.290005
0.8,4.150005
-0.09999999,6.490005
-0.9,9.670005
-0.9,12.16
-0.7,13.95
-0.95,15.47
-1.4,16.82001
-2.75,17.64001
-4.7,17.77
-4.25,18.05
-3.5,20.24
-5.8,20.32
-6.3,13.06
-1.2,4.030005
4.1,-0.5299951
6.8,-1.969995
7.9,-2.509995
7.6,-2.329995
7.7,-2.449995
9.349999,-3.479995
11.4,-4.579995
13.25,-6.139995
14.6,-8.949995
16,-12.83
17.9,-15.80999
20.65,-16.13
22.9,-14.95999
23.55,-13.41
23.9,-12.14999
24.75,-11.95
24.9,-12.74
24.5,-13.37
25,-13.24
25.6,-12.42999
25.6,-11.21999
25.1,-8.939995
25.2,-6.219995
25,-4.429995
24,-2.639995
24,-0.01999512
23.7,1.880005
21.85,2.120005
20.9,3.000005
20.1,6.070005
18.3,8.990005
14.65,13.54
10.5,14.44
7.1,8.790005
4.4,2.790005
5.8,2.290005
6.8,0.8000048
5.95,-0.5199951
6.1,-0.009995117
6.75,1.310005
5.4,2.130005
3.3,1.360005
3.1,0.2800049
4.25,-0.8999951
5.9,-1.459995
7.65,-0.4099951
6.3,1.310005
2.4,4.370005
1,9.000005
-1.6,15.43
-6.6,21.12
-6.15,21.18
1.9,3.310005
3.38,4.860005
4.65,5.790005
4.4,6.870005
2.05,8.630005
-0.5,10.51
-1.35,12.29
-1.65,14.47001
-2.45,16.8
-4.75,18.11
-7,18.12
-5.85,17.73001
-3.95,19.53
-7.28,21.36
-11.05,16.27
-7.38,6.670005
-1.25,0.7800049
2.3,-0.8899951
3.6,-0.7999951
3.3,0.8800049
3.85,2.040005
6.12,1.190005
8.95,-0.2599951
11.77,-1.679995
14.35,-3.719995
16.25,-6.999995
18,-10.18999
20.2,-11.54
22.45,-11.66
23.65,-11.58999
24.4,-11.62999
25.37,-11.66
25.6,-12.04999
25.25,-12.27999
25.4,-11.96
26.2,-11.42999
27,-10.66
27.05,-8.749995
27.3,-6.029995
27.45,-3.919995
27.05,-2.379995
26.9,-0.3799951
26.65,1.470005
25.48,2.500005
24.9,3.440005
22.9,5.800005
19.9,8.870005
16.88,13.03
10.25,10.84
7.32,4.870005
5,0.1400049
5.6,-0.9099951
6.4,-2.279995
5.63,-3.099995
5.55,-1.939995
6,-0.1899951
3.45,-0.3799951
-0.05,-2.199995
-0.3,-2.389995
0.55,-0.6199951
1.2,1.480005
1.73,2.620005
-0.3,3.250005
-2.3,5.400005
-1.8,8.530005
-5.32,14.79
-11.1,21.98001
-10.4,22.33
4,3.020005
4.45,5.070005
5.4,6.270005
5.75,7.160005
3.4,8.080005
-0.25,8.910005
-1.8,10.4
-2.1,13.46
-3.3,16.52
-5.55,18.1
-7.5,18.46
-7.2,17.40001
-6.4,17.83
-10.1,20.90001
-15.7,19.55
-14.1,11.67
-7.5,4.790005
-1.65,1.640005
1.4,1.370005
1.6,4.210005
2.4,6.740005
5.1,6.270005
8.2,4.290005
10.8,2.000005
13,-0.08999512
14.85,-2.069995
16.6,-3.989995
18.3,-5.379995
19.7,-6.399995
21.1,-7.799995
22.8,-9.529995
24.3,-10.7
25.2,-11.41
25.55,-11.66
25.6,-11.21999
25.8,-10.24
26.3,-8.959995
26.85,-6.929995
27.4,-4.349995
28.15,-2.199995
28.2,-0.8299951
27.95,0.4100049
27.7,1.510005
26.9,2.510005
26.2,3.510005
24.1,5.310005
21.3,8.520004
20.1,12.13
12.4,8.170005
7.7,1.340005
6.6,-1.649995
7,-3.079995
7.8,-4.729995
5.95,-5.369995
4.2,-4.579995
4.5,-3.589995
2.8,-4.739995
0.05,-5.839995
0.4,-3.239995
1.15,1.630005
0.4,4.680005
-1.2,4.120005
-4.1,3.790005
-5.3,6.060005
-4.5,8.080005
-7.95,13.42
-13.3,21.3
-13.75,23.21
6.45,1.740005
5.55,3.200005
4.95,4.490005
4.43,6.090005
2.3,7.520005
-0.7,8.180005
-1.8,9.600004
-2.02,12.83
-3.35,15.33
-5.45,16.72001
-7.3,18.69
-8.25,18.25
-8.349999,16.22001
-10.55,17.5
-15.45,18.98001
-17.3,16.04
-13.9,11.78
-8.08,8.470005
-3.25,6.520005
-0.45,6.960005
1.65,7.970005
3.8,8.010005
6.75,6.870005
10.55,3.960005
13.4,0.6700048
14.17,-1.659995
14.7,-3.189995
15.87,-4.319995
17.05,-5.139995
18.12,-5.559995
19.45,-6.199995
20.6,-7.169995
21.9,-8.269995
23.4,-9.409995
24.45,-9.849995
24.83,-8.829995
25.3,-7.049995
26.03,-5.009995
26.85,-2.999995
27.33,-1.249995
27.05,0.1200049
26.53,1.290005
26.35,2.230005
26.13,3.080005
25.7,4.320005
25.1,5.730005
23.4,8.020004
22.15,9.940004
15.15,6.090005
7.4,-1.959995
7.6,-3.149995
8.97,-4.569995
9.7,-6.129995
7.57,-7.239995
4.4,-7.549995
4.15,-7.459995
3.9,-7.879995
2.65,-7.049995
3.2,-3.209995
3.55,1.370005
1.7,3.510005
-2.4,2.330005
-6.6,2.790005
-7.25,5.760005
-6.25,6.980005
-9.05,10.94
-13.85,18.34
-16,22.11
